AG27 Bubble Dancer DLG by Mark Drela
  1.0 0.000283
  0.9969497 0.0006400261
  0.9926196 0.001152355
  0.9874335 0.001773237
  0.9818129 0.00245135
  0.9760316 0.003150887
  0.9701031 0.003869401
  0.9640748 0.004600557
  0.9580233 0.005332502
  0.9519811 0.006057914
  0.9459368 0.006777032
  0.9398805 0.00749208
  0.9338168 0.008203358
  0.9277517 0.008910333
  0.9216847 0.009613218
  0.9156136 0.01031285
  0.9095391 0.01100975
  0.903464 0.01170378
  0.897388 0.01239487
  0.891308 0.01308363
  0.8852236 0.01377098
  0.8791386 0.01445707
  0.8730563 0.01514108
  0.8669748 0.01582266
  0.8608909 0.01650237
  0.8548056 0.01718066
  0.848723 0.01785691
  0.8426441 0.01853019
  0.8365663 0.01920029
  0.8304876 0.01986755
  0.824409 0.02053197
  0.8183322 0.02119306
  0.8122572 0.0218504
  0.8061827 0.02250394
  0.8001079 0.02315374
  0.7940328 0.02379976
  0.787958 0.02444189
  0.7818845 0.02507991
  0.7758125 0.02571343
  0.7697408 0.02634223
  0.7636681 0.02696653
  0.7575941 0.02758658
  0.7515198 0.02820229
  0.7454462 0.02881344
  0.7393737 0.0294198
  0.7333017 0.03002118
  0.7272293 0.03061752
  0.7211555 0.03120905
  0.7150807 0.03179595
  0.7090061 0.03237805
  0.7029322 0.03295512
  0.6968584 0.03352707
  0.6907843 0.03409391
  0.68471 0.0346556
  0.6786356 0.03521204
  0.6725618 0.03576311
  0.6664886 0.03630862
  0.6604151 0.03684847
  0.6543398 0.0373829
  0.6482631 0.03791221
  0.6421876 0.03843619
  0.6361148 0.03895414
  0.6300432 0.03946568
  0.6239708 0.03997099
  0.6178969 0.04047027
  0.6118218 0.04096362
  0.6057469 0.04145101
  0.5996738 0.04193211
  0.5936029 0.04240637
  0.5875324 0.04287355
  0.5814609 0.04333382
  0.5753886 0.04378732
  0.5693162 0.04423394
  0.5632445 0.04467352
  0.5571739 0.04510581
  0.5511044 0.04553051
  0.5450354 0.04594746
  0.5389663 0.0463566
  0.5328969 0.0467579
  0.5268275 0.04715131
  0.5207584 0.04753672
  0.5146902 0.04791395
  0.5086225 0.04828278
  0.5025551 0.04864309
  0.4964881 0.04899475
  0.4904223 0.04933758
  0.4843577 0.04967126
  0.4782928 0.04999562
  0.4722263 0.05031089
  0.4661598 0.05061724
  0.4600965 0.05091418
  0.454036 0.05120091
  0.4479749 0.05147728
  0.4419115 0.05174377
  0.4358485 0.05200054
  0.4297885 0.05224695
  0.4237302 0.05248243
  0.4176709 0.05270709
  0.4116107 0.05292122
  0.4055518 0.05312463
  0.3994955 0.05331677
  0.3934412 0.05349723
  0.3873875 0.05366588
  0.3813337 0.05382263
  0.3752796 0.05396749
  0.3692264 0.05410044
  0.3631753 0.05422118
  0.3571266 0.05432923
  0.3510792 0.05442427
  0.3450325 0.0545062
  0.3389864 0.05457493
  0.3329416 0.05463027
  0.3268993 0.05467197
  0.3208605 0.05469954
  0.3148243 0.05471238
  0.3087883 0.05471027
  0.3027524 0.05469339
  0.2967188 0.05466168
  0.2906895 0.05461452
  0.2846641 0.05455125
  0.2786417 0.05447143
  0.2726219 0.05437469
  0.2666053 0.05426065
  0.260592 0.05412889
  0.254582 0.05397899
  0.2485754 0.05381056
  0.2425727 0.05362318
  0.2365743 0.05341633
  0.2305805 0.05318948
  0.2245915 0.05294209
  0.2186074 0.0526736
  0.2126291 0.05238342
  0.2066568 0.05207087
  0.200691 0.05173525
  0.1947321 0.05137579
  0.1887804 0.05099172
  0.1828361 0.05058228
  0.1768988 0.05014669
  0.1709686 0.04968423
  0.1650474 0.04919436
  0.1591383 0.04867628
  0.1532428 0.04812847
  0.1473593 0.04754928
  0.1414872 0.04693768
  0.1356293 0.04629301
  0.1297906 0.04561388
  0.1239733 0.04489825
  0.1181775 0.04414392
  0.1124046 0.04334897
  0.1066582 0.04251152
  0.100942 0.0416293
  0.09525971 0.04069987
  0.08961601 0.0397204
  0.08401797 0.03868837
  0.07847365 0.0376005
  0.07298814 0.03645235
  0.06756428 0.03523935
  0.06220941 0.03395825
  0.05693737 0.03260724
  0.05176567 0.03118336
  0.04671118 0.02968434
  0.04179366 0.028108
  0.03703802 0.02645538
  0.03247575 0.02473066
  0.02814851 0.02294429
  0.02410101 0.02111477
  0.0203847 0.0192688
  0.0170399 0.01744143
  0.01409863 0.01567218
  0.01157368 0.01400237
  0.009443529 0.01245354
  0.007666079 0.01103015
  0.006185993 0.009726521
  0.004951721 0.008532312
  0.003918304 0.007435583
  0.003052727 0.006423134
  0.002329148 0.005484014
  0.001726165 0.004608219
  0.001225723 0.003783953
  0.0008137499 0.003000149
  0.000486783 0.002252151
  0.0002431871 0.001542333
  8.379374e-05 0.0008697976
  9.580005e-06 0.0002190987
  2.536504e-05 -0.0004279115
  0.0001451939 -0.001074577
  0.0003893742 -0.001713444
  0.0007606115 -0.002334299
  0.001254734 -0.002922881
  0.001869234 -0.00347448
  0.002600896 -0.003998347
  0.003447907 -0.00450525
  0.004425071 -0.005003143
  0.005551656 -0.005503743
  0.006858248 -0.006013391
  0.008386597 -0.006537566
  0.01019248 -0.007081285
  0.01234719 -0.007646098
  0.01493271 -0.008232497
  0.01802678 -0.00883
  0.02167542 -0.009423856
  0.0258787 -0.009992324
  0.03055499 -0.0105147
  0.03559966 -0.0109786
  0.04090358 -0.01137556
  0.04638413 -0.01170693
  0.05198935 -0.01197541
  0.05768437 -0.01218665
  0.06344868 -0.01234626
  0.06926674 -0.01246014
  0.07512694 -0.01253334
  0.08102051 -0.01257003
  0.0869413 -0.01257413
  0.09288551 -0.01254872
  0.09885129 -0.01249685
  0.1048368 -0.0124214
  0.1108379 -0.01232521
  0.11685 -0.01221012
  0.1228709 -0.01207743
  0.1289009 -0.01192848
  0.1349398 -0.01176467
  0.1409867 -0.01158735
  0.1470399 -0.01139758
  0.1530973 -0.01119635
  0.1591579 -0.01098422
  0.1652224 -0.01076158
  0.1712923 -0.01052913
  0.1773678 -0.01028792
  0.1834471 -0.01003879
  0.1895287 -0.00978217
  0.1956127 -0.00951845
  0.2016998 -0.009248087
  0.2077907 -0.008971582
  0.2138855 -0.008689553
  0.2199836 -0.008402695
  0.2260838 -0.008111515
  0.2321856 -0.007816257
  0.2382895 -0.007517179
  0.2443963 -0.007214683
  0.2505063 -0.006909219
  0.2566196 -0.006601334
  0.2627356 -0.006291618
  0.268853 -0.005980448
  0.2749716 -0.005667999
  0.2810915 -0.005354452
  0.2872126 -0.005040071
  0.2933338 -0.00472526
  0.299454 -0.004410719
  0.3055725 -0.004097142
  0.3116893 -0.003784929
  0.3178054 -0.003474304
  0.323922 -0.003165225
  0.3300392 -0.002857475
  0.3361552 -0.00255113
  0.3422684 -0.002246739
  0.3483778 -0.001944879
  0.354484 -0.001646099
  0.3605895 -0.00135081
  0.3666972 -0.001058711
  0.3728072 -0.0007691966
  0.3789168 -0.0004822016
  0.3850242 -0.0001982045
  0.3911294 8.241172e-05
  0.3972332 0.0003594183
  0.4033363 0.0006326049
  0.4094387 0.0009018397
  0.4155408 0.001167031
  0.4216426 0.001428149
  0.4277447 0.001685225
  0.4338473 0.001938304
  0.4399497 0.002187404
  0.4460492 0.002432316
  0.4521437 0.002672144
  0.4582341 0.002905966
  0.4643231 0.003133475
  0.4704121 0.003354655
  0.4765014 0.003569496
  0.4825911 0.003778067
  0.4886822 0.0039805
  0.4947748 0.004177032
  0.5008668 0.004367785
  0.5069565 0.004552365
  0.5130449 0.00473028
  0.5191347 0.004901604
  0.5252266 0.005066795
  0.5313185 0.005225999
  0.5374091 0.005378914
  0.5434997 0.005525354
  0.5495918 0.005665551
  0.5556845 0.005799755
  0.561776 0.005927786
  0.567866 0.006049275
  0.5739562 0.006164124
  0.5800475 0.006272527
  0.5861399 0.006374648
  0.5922328 0.006470586
  0.598326 0.006560418
  0.604419 0.00664411
  0.6105112 0.006721575
  0.6166019 0.006792602
  0.6226916 0.006856887
  0.6287818 0.006914351
  0.6348736 0.006965295
  0.6409667 0.007009987
  0.6470599 0.007048471
  0.6531522 0.007080717
  0.6592429 0.007106511
  0.6653328 0.007125545
  0.6714234 0.00713778
  0.6775151 0.007143477
  0.6836063 0.007142767
  0.6896962 0.007135403
  0.6957862 0.007121161
  0.7018782 0.007100301
  0.7079712 0.007073233
  0.7140627 0.007039897
  0.7201524 0.006999852
  0.7262426 0.006952935
  0.7323347 0.006899491
  0.7384277 0.006839832
  0.74452 0.006773907
  0.7506121 0.006701588
  0.756705 0.006622938
  0.7627985 0.00653813
  0.768892 0.00644725
  0.7749857 0.006350253
  0.7810813 0.006247216
  0.7871794 0.006138601
  0.7932775 0.006024843
  0.7993732 0.005905675
  0.8054679 0.005780566
  0.811565 0.005649622
  0.8176652 0.005513513
  0.823766 0.005372642
  0.8298657 0.005226865
  0.8359651 0.005076017
  0.8420656 0.004920221
  0.8481665 0.004759677
  0.854267 0.00459439
  0.8603672 0.004424233
  0.8664683 0.004249249
  0.8725707 0.004069708
  0.8786736 0.003885826
  0.8847762 0.003697609
  0.890878 0.003505015
  0.896979 0.003307947
  0.9030794 0.003106289
  0.9091793 0.002899967
  0.9152784 0.002688954
  0.9213757 0.002473154
  0.9274714 0.002252307
  0.9335668 0.00202616
  0.9396618 0.001794737
  0.9457522 0.001558214
  0.9518343 0.001316358
  0.957912 0.001068466
  0.9639871 0.0008142204
  0.9700268 0.0005550977
  0.9759666 0.0002944511
  0.9817643 3.544722e-05
  0.9873981 -0.0002184736
  0.9925917 -0.0004475695
  0.9969342 -0.000629768
  1.0 -0.000752
