AG46ct  -02f rot.
  1.0 0.000346
  0.99698 0.0006132761
  0.9926939 0.0009924971
  0.9875517 0.001446707
  0.9819632 0.001937518
  0.9762052 0.002438423
  0.9702877 0.002948365
  0.9642519 0.003464085
  0.9581738 0.003979079
  0.9520939 0.004489803
  0.9460119 0.00499621
  0.939923 0.005498621
  0.9338288 0.005996926
  0.9277331 0.006491067
  0.9216388 0.006980941
  0.9155468 0.007466029
  0.9094548 0.007945988
  0.9033596 0.008421347
  0.8972609 0.008892831
  0.8911614 0.00936052
  0.8850632 0.009824023
  0.8789673 0.01028298
  0.8728729 0.01073705
  0.8667775 0.01118614
  0.8606787 0.01163085
  0.854577 0.01207179
  0.8484747 0.01250894
  0.8423736 0.01294203
  0.8362743 0.01337077
  0.8301759 0.01379488
  0.8240767 0.01421433
  0.8179753 0.01462949
  0.8118725 0.01504067
  0.8057697 0.01544778
  0.7996672 0.01585067
  0.7935642 0.01624939
  0.7874606 0.01664401
  0.7813569 0.01703453
  0.7752534 0.01742084
  0.7691501 0.01780287
  0.7630469 0.01818058
  0.7569432 0.01855398
  0.7508389 0.01892329
  0.7447346 0.01928875
  0.7386328 0.01965033
  0.7325407 0.02000757
  0.726471 0.02035917
  0.7204446 0.02070234
  0.7144945 0.02103563
  0.7087118 0.02136311
  0.7032756 0.02165883
  0.6980837 0.02208339
  0.6924733 0.02257779
  0.6866045 0.02309512
  0.6806276 0.02362436
  0.6746085 0.02415149
  0.6685527 0.02467513
  0.6624692 0.02519695
  0.6563759 0.02571661
  0.6502815 0.02623293
  0.6441876 0.02674517
  0.6380932 0.02725313
  0.6319972 0.02775698
  0.625899 0.02825703
  0.6197997 0.02875355
  0.613701 0.02924636
  0.6076028 0.02973521
  0.6015032 0.03022022
  0.595402 0.03070168
  0.5893016 0.03117957
  0.5832036 0.03165338
  0.5771057 0.0321228
  0.5710044 0.03258833
  0.5649005 0.03305063
  0.5587989 0.03350942
  0.5526983 0.03396393
  0.5465936 0.03441502
  0.5404904 0.03486321
  0.5343914 0.03530677
  0.52829 0.03574611
  0.5221843 0.03618224
  0.5160782 0.03661519
  0.5099751 0.03704443
  0.503876 0.03746939
  0.4977819 0.03788925
  0.4916947 0.03830298
  0.4856151 0.03870925
  0.4795407 0.03910692
  0.4734672 0.03949588
  0.4673917 0.03987651
  0.4613141 0.04024905
  0.4552358 0.04061364
  0.4491598 0.0409701
  0.4430874 0.04131766
  0.4370163 0.04165576
  0.4309432 0.04198469
  0.4248687 0.04230487
  0.418796 0.04261602
  0.4127259 0.04291751
  0.406656 0.04320911
  0.4005849 0.04349107
  0.3945145 0.04376341
  0.3884468 0.04402561
  0.3823809 0.04427713
  0.3763143 0.04451802
  0.3702468 0.04474851
  0.3641803 0.0449685
  0.358116 0.04517756
  0.3520535 0.04537533
  0.3459925 0.04556158
  0.3399335 0.04573603
  0.3338772 0.04589824
  0.3278225 0.0460478
  0.3217679 0.0461846
  0.3157134 0.0463088
  0.3096613 0.04642018
  0.3036136 0.04651803
  0.2975704 0.04660164
  0.2915305 0.04667048
  0.285492 0.04672413
  0.2794533 0.04676256
  0.2734152 0.04678596
  0.267381 0.04679406
  0.2613523 0.04678598
  0.2553289 0.04676092
  0.2493094 0.04671831
  0.2432921 0.04665768
  0.2372764 0.04657884
  0.2312642 0.04648172
  0.2252587 0.04636571
  0.2192606 0.04622966
  0.2132677 0.04607265
  0.2072785 0.04589432
  0.2012936 0.0456943
  0.195315 0.045472
  0.1893441 0.04522669
  0.1833818 0.04495743
  0.1774284 0.04466314
  0.1714832 0.04434281
  0.1655464 0.04399562
  0.1596199 0.04362074
  0.153705 0.04321702
  0.1478019 0.0427832
  0.141911 0.04231804
  0.1360348 0.04182054
  0.1301769 0.04128927
  0.1243389 0.04072217
  0.1185198 0.04011712
  0.1127206 0.03947257
  0.1069466 0.0387873
  0.1012042 0.03805897
  0.09549765 0.03728474
  0.08982974 0.03646146
  0.08420415 0.03558609
  0.0786264 0.03465553
  0.07310547 0.03366669
  0.06765362 0.03261694
  0.06228262 0.03150179
  0.05699974 0.0303162
  0.05181322 0.02905564
  0.04674014 0.02771873
  0.04180605 0.02630596
  0.03704119 0.02481867
  0.03247619 0.0232619
  0.02815352 0.02164629
  0.02412438 0.01999379
  0.02044054 0.01833151
  0.0171489 0.01669359
  0.01426513 0.01511236
  0.01178587 0.01361242
  0.009682883 0.01221147
  0.007910397 0.01091263
  0.00642097 0.009710975
  0.005167133 0.008598272
  0.004110552 0.007563265
  0.003219014 0.00659552
  0.00246688 0.005685566
  0.00183602 0.004824218
  0.001310714 0.004003937
  0.0008815787 0.003218984
  0.0005417656 0.002464951
  0.0002859952 0.001739191
  0.0001119341 0.001040278
  1.767883e-05 0.0003661512
  6.215004e-06 -0.0002882102
  8.658901e-05 -0.0009374234
  0.000273989 -0.001589436
  0.0005879654 -0.002232559
  0.001029365 -0.002848931
  0.001590501 -0.003424742
  0.002270374 -0.003964513
  0.00306731 -0.004484584
  0.003982455 -0.004997395
  0.005032597 -0.005508189
  0.006240875 -0.006026027
  0.007644163 -0.006557631
  0.009290734 -0.007111293
  0.01124044 -0.007694161
  0.0135649 -0.008307066
  0.01634243 -0.008950888
  0.01965069 -0.009619093
  0.02351572 -0.01029815
  0.02790022 -0.01096761
  0.03270017 -0.01160023
  0.03780916 -0.01218124
  0.04314705 -0.01270326
  0.04864647 -0.01316612
  0.05426171 -0.013572
  0.05996133 -0.01392538
  0.06572743 -0.01423133
  0.07154804 -0.01449486
  0.07741453 -0.0147209
  0.083318 -0.01491376
  0.0892481 -0.01507717
  0.09519754 -0.01521314
  0.1011652 -0.01532364
  0.1071521 -0.01541114
  0.1131549 -0.01547816
  0.1191684 -0.01552626
  0.1251904 -0.01555636
  0.1312231 -0.01556971
  0.1372675 -0.01556803
  0.1433219 -0.01555289
  0.1493841 -0.01552542
  0.1554528 -0.01548664
  0.1615277 -0.01543746
  0.1676088 -0.0153787
  0.173696 -0.01531122
  0.1797883 -0.01523593
  0.1858839 -0.01515347
  0.191982 -0.01506415
  0.1980839 -0.0149683
  0.2041907 -0.01486664
  0.2103015 -0.01475995
  0.2164149 -0.01464865
  0.2225308 -0.01453304
  0.2286504 -0.01441357
  0.2347738 -0.01429084
  0.2409002 -0.01416539
  0.2470293 -0.01403761
  0.2531619 -0.01390789
  0.2592981 -0.01377686
  0.265436 -0.01364509
  0.2715729 -0.01351256
  0.2777087 -0.01337894
  0.2838451 -0.01324417
  0.2899835 -0.0131085
  0.2961236 -0.0129722
  0.3022649 -0.01283551
  0.3084063 -0.01269862
  0.3145471 -0.01256144
  0.3206878 -0.01242385
  0.326829 -0.01228595
  0.3329709 -0.01214794
  0.3391126 -0.01200988
  0.3452526 -0.01187158
  0.3513889 -0.0117332
  0.3575217 -0.01159579
  0.3636545 -0.01146016
  0.3697913 -0.01132579
  0.3759317 -0.01119179
  0.3820723 -0.01105762
  0.38821 -0.01092298
  0.3943434 -0.01078819
  0.4004736 -0.01065452
  0.4066045 -0.0105228
  0.4127386 -0.01039204
  0.4188737 -0.01026108
  0.4250057 -0.01013052
  0.431135 -0.01000173
  0.4372664 -0.009874784
  0.443402 -0.009748291
  0.44954 -0.009621392
  0.4556776 -0.009494625
  0.4618145 -0.009368553
  0.467951 -0.0092427
  0.474088 -0.009116231
  0.4802257 -0.008988825
  0.4863637 -0.008860608
  0.4925011 -0.008731963
  0.4986378 -0.008603671
  0.5047747 -0.008476268
  0.5109128 -0.008349238
  0.517052 -0.008221878
  0.5231917 -0.008093973
  0.529331 -0.007965581
  0.5354694 -0.007837044
  0.5416059 -0.007709036
  0.5477394 -0.007581357
  0.5538725 -0.007452227
  0.5600084 -0.007322597
  0.5661456 -0.007193665
  0.5722821 -0.00706553
  0.5784176 -0.006937537
  0.5845516 -0.006808724
  0.590684 -0.006679397
  0.5968163 -0.006551009
  0.602951 -0.006423403
  0.6090877 -0.006295003
  0.6152249 -0.006165983
  0.6213618 -0.006037079
  0.6274988 -0.005908893
  0.6336363 -0.005780993
  0.6397734 -0.005652716
  0.6459091 -0.005524588
  0.6520438 -0.005397293
  0.6581781 -0.005269602
  0.6643117 -0.005141816
  0.6704451 -0.005015043
  0.6765786 -0.004888387
  0.6827105 -0.004761057
  0.688838 -0.004633954
  0.6949564 -0.004508421
  0.7010522 -0.004386346
  0.7071371 -0.004260507
  0.7132493 -0.004134913
  0.7193771 -0.004011394
  0.7255115 -0.00388758
  0.7316481 -0.003763115
  0.7377835 -0.003638102
  0.7439165 -0.00351348
  0.7500486 -0.003390347
  0.7561825 -0.003268432
  0.7623192 -0.003146503
  0.7684572 -0.003024087
  0.7745952 -0.002901836
  0.7807336 -0.002780289
  0.7868728 -0.002659407
  0.7930126 -0.002539059
  0.7991523 -0.002419189
  0.8052915 -0.00229978
  0.8114296 -0.002181034
  0.8175634 -0.00206339
  0.8236886 -0.001947754
  0.8298062 -0.001835673
  0.8359256 -0.001727985
  0.842053 -0.001623295
  0.8481818 -0.001520187
  0.8543017 -0.00141972
  0.8604153 -0.001323833
  0.8665345 -0.001232409
  0.8726607 -0.00114357
  0.8787816 -0.001056947
  0.8848898 -0.0009749422
  0.8909928 -0.0008994775
  0.8971012 -0.0008297301
  0.9032166 -0.0007643258
  0.9093337 -0.0007028518
  0.9154477 -0.0006454334
  0.9215562 -0.0005926279
  0.9276592 -0.0005455248
  0.9337588 -0.000504943
  0.9398577 -0.0004709649
  0.945957 -0.000443451
  0.9520561 -0.0004215695
  0.9581516 -0.0004043703
  0.9642308 -0.0003930092
  0.9702561 -0.0003901588
  0.976174 -0.0003952494
  0.9819524 -0.0004029029
  0.98756 -0.0004097469
  0.9926957 -0.000419296
  0.9969742 -0.0004331846
  1.0 -0.000447
