AH21 7% version (Andrew Hollom)
  1.0 0.0
  0.996849 0.0008921785
  0.9927216 0.002052228
  0.988094 0.003340075
  0.9830488 0.004726806
  0.9776718 0.006183411
  0.9720605 0.007678698
  0.966292 0.009188233
  0.9604183 0.01069605
  0.9544793 0.01219022
  0.9484997 0.01366346
  0.9424901 0.01511266
  0.9364573 0.01653614
  0.9304061 0.01793277
  0.9243396 0.01930196
  0.9182593 0.02064366
  0.9121659 0.02195811
  0.9060604 0.0232456
  0.8999433 0.02450646
  0.8938151 0.02574108
  0.8876759 0.02694989
  0.8815261 0.02813333
  0.875366 0.02929185
  0.8691958 0.03042589
  0.8630158 0.03153591
  0.8568263 0.03262235
  0.8506277 0.03368559
  0.8444201 0.03472606
  0.8382038 0.03574414
  0.8319793 0.03674024
  0.8257468 0.03771479
  0.8195065 0.03866815
  0.8132588 0.03960066
  0.807004 0.04051266
  0.8007423 0.04140445
  0.7944739 0.04227639
  0.7881992 0.0431288
  0.7819183 0.04396202
  0.7756316 0.04477634
  0.7693391 0.04557204
  0.7630411 0.04634937
  0.7567378 0.04710859
  0.7504294 0.04784998
  0.7441161 0.04857381
  0.7377981 0.04928034
  0.7314757 0.04996981
  0.7251489 0.05064241
  0.7188179 0.05129834
  0.7124829 0.05193781
  0.7061441 0.05256103
  0.6998016 0.05316818
  0.6934555 0.0537595
  0.687106 0.05433516
  0.6807533 0.05489531
  0.6743974 0.05544011
  0.6680385 0.05596971
  0.6616766 0.05648426
  0.655312 0.05698392
  0.6489448 0.05746884
  0.642575 0.05793917
  0.6362028 0.05839503
  0.6298283 0.05883652
  0.6234516 0.05926375
  0.6170728 0.05967682
  0.610692 0.06007584
  0.6043093 0.06046091
  0.5979247 0.06083214
  0.5915385 0.06118963
  0.5851507 0.06153346
  0.5787613 0.06186367
  0.5723704 0.06218035
  0.5659781 0.06248356
  0.5595846 0.06277336
  0.5531899 0.06304982
  0.546794 0.06331301
  0.5403971 0.06356298
  0.5339993 0.06379977
  0.5276006 0.06402339
  0.5212011 0.06423387
  0.514801 0.06443124
  0.5084002 0.06461552
  0.5019989 0.06478675
  0.4955971 0.06494493
  0.489195 0.0650901
  0.4827925 0.06522223
  0.4763899 0.06534132
  0.4699871 0.06544734
  0.4635842 0.06554029
  0.4571814 0.06562015
  0.4507787 0.0656869
  0.4443762 0.06574054
  0.437974 0.06578103
  0.4315721 0.06580831
  0.4251708 0.06582232
  0.41877 0.065823
  0.4123699 0.0658103
  0.4059705 0.06578414
  0.399572 0.06574449
  0.3931745 0.06569126
  0.386778 0.06562437
  0.3803827 0.06554371
  0.3739887 0.06544916
  0.3675962 0.06534061
  0.3612051 0.06521793
  0.3548157 0.06508103
  0.3484282 0.06492979
  0.3420425 0.06476407
  0.335659 0.06458371
  0.3292778 0.0643885
  0.322899 0.06417825
  0.3165228 0.06395279
  0.3101494 0.06371191
  0.303779 0.06345544
  0.2974118 0.06318319
  0.2910479 0.06289489
  0.2846877 0.06259024
  0.2783314 0.06226895
  0.2719792 0.06193073
  0.2656314 0.0615753
  0.2592884 0.06120238
  0.2529504 0.06081167
  0.2466178 0.06040276
  0.240291 0.05997522
  0.2339704 0.05952858
  0.2276564 0.05906242
  0.2213496 0.0585763
  0.2150503 0.05806982
  0.2087592 0.05754246
  0.2024769 0.05699357
  0.196204 0.05642245
  0.1899414 0.05582844
  0.18369 0.0552109
  0.1774507 0.05456922
  0.1712245 0.05390273
  0.1650127 0.05321043
  0.1588165 0.0524913
  0.1526373 0.05174432
  0.1464766 0.05096854
  0.1403358 0.05016305
  0.1342167 0.04932673
  0.1281215 0.04845795
  0.1220536 0.04755522
  0.1160167 0.04661729
  0.1100155 0.04564313
  0.104055 0.04463177
  0.09814142 0.04358134
  0.09228103 0.0424899
  0.08648028 0.04135588
  0.08074553 0.04017809
  0.07508392 0.0389551
  0.06950988 0.03768499
  0.06404791 0.0363689
  0.05872911 0.03501162
  0.05358671 0.03362082
  0.04865429 0.03220317
  0.04396111 0.03076515
  0.039527 0.02931471
  0.0353612 0.02785999
  0.03147145 0.02640696
  0.0278865 0.02496753
  0.02463615 0.0235627
  0.02172734 0.02221171
  0.01914253 0.02092585
  0.01685361 0.01970454
  0.01482471 0.0185399
  0.01301796 0.01742301
  0.01139985 0.01634585
  0.0099427 0.01530187
  0.008624088 0.01428555
  0.007428685 0.01329019
  0.006348088 0.01231136
  0.005375947 0.01134862
  0.00450573 0.01040348
  0.003730061 0.009477953
  0.003040835 0.008573818
  0.002429637 0.007692293
  0.001889378 0.006834691
  0.001419223 0.006004701
  0.001018016 0.005203486
  0.0006831819 0.004429635
  0.0004120926 0.003680591
  0.0002026977 0.002953359
  5.382889e-05 0.00224481
  -3.461797e-05 0.001551783
  -6.150541e-05 0.0008710798
  -2.42017e-05 0.0001993738
  8.123886e-05 -0.0004669025
  0.0002550197 -0.001131102
  0.0004958424 -0.001795867
  0.0008040319 -0.002463228
  0.001181371 -0.003134597
  0.001630946 -0.003810588
  0.002156942 -0.004490613
  0.002764149 -0.005172085
  0.003456801 -0.005849006
  0.00423927 -0.006513167
  0.005121926 -0.00716136
  0.006117311 -0.007791766
  0.007238761 -0.008403347
  0.008499732 -0.008996767
  0.009912705 -0.009575966
  0.01148772 -0.01015072
  0.01323125 -0.01074026
  0.01515683 -0.011361
  0.01729144 -0.01201421
  0.01966589 -0.01269854
  0.02231053 -0.01340966
  0.02525032 -0.01413887
  0.02851107 -0.0148752
  0.03212884 -0.01561116
  0.03613507 -0.01634158
  0.04054221 -0.01706137
  0.04533336 -0.01776785
  0.05046246 -0.01846172
  0.05586646 -0.01913372
  0.06146967 -0.01977167
  0.06720267 -0.020368
  0.07302439 -0.02092107
  0.07892593 -0.02143308
  0.08490534 -0.02190666
  0.09095798 -0.02234456
  0.09707598 -0.02274974
  0.1032479 -0.02312523
  0.109461 -0.02347254
  0.1157041 -0.02379247
  0.1219685 -0.02408614
  0.1282487 -0.02435501
  0.1345418 -0.02460075
  0.1408477 -0.02482485
  0.1471668 -0.02502839
  0.1534993 -0.02521242
  0.1598449 -0.02537797
  0.1662027 -0.0255261
  0.1725715 -0.02565786
  0.17895 -0.02577406
  0.1853368 -0.02587528
  0.1917306 -0.0259621
  0.1981305 -0.0260351
  0.2045359 -0.0260949
  0.2109463 -0.02614209
  0.2173613 -0.02617727
  0.2237808 -0.02620085
  0.2302047 -0.02621321
  0.2366327 -0.02621474
  0.2430647 -0.02620581
  0.2495004 -0.02618683
  0.2559395 -0.02615818
  0.262382 -0.02612022
  0.2688273 -0.02607323
  0.2752755 -0.02601744
  0.2817262 -0.02595311
  0.2881792 -0.02588051
  0.2946345 -0.02579988
  0.3010919 -0.02571147
  0.3075512 -0.02561555
  0.3140125 -0.02551231
  0.3204755 -0.02540192
  0.3269402 -0.02528455
  0.3334066 -0.02516039
  0.3398746 -0.02502961
  0.346344 -0.02489239
  0.3528148 -0.0247489
  0.359287 -0.0245993
  0.3657604 -0.02444374
  0.3722351 -0.02428233
  0.3787109 -0.02411521
  0.3851877 -0.0239425
  0.3916657 -0.02376433
  0.3981446 -0.02358082
  0.4046245 -0.02339211
  0.4111053 -0.02319832
  0.4175871 -0.02299953
  0.4240696 -0.02279585
  0.430553 -0.02258737
  0.4370371 -0.02237419
  0.443522 -0.0221564
  0.4500077 -0.02193411
  0.456494 -0.02170741
  0.4629811 -0.02147638
  0.4694688 -0.02124111
  0.4759571 -0.02100168
  0.4824461 -0.02075817
  0.4889357 -0.02051064
  0.4954259 -0.02025919
  0.5019166 -0.02000388
  0.5084079 -0.0197448
  0.5148998 -0.01948202
  0.5213923 -0.01921562
  0.5278852 -0.01894565
  0.5343787 -0.01867219
  0.5408728 -0.01839531
  0.5473673 -0.01811506
  0.5538624 -0.01783153
  0.5603579 -0.01754479
  0.566854 -0.01725489
  0.5733506 -0.0169619
  0.5798477 -0.01666589
  0.5863453 -0.01636694
  0.5928434 -0.01606509
  0.5993421 -0.01576043
  0.6058412 -0.01545301
  0.612341 -0.0151429
  0.6188413 -0.01483017
  0.6253422 -0.01451489
  0.6318437 -0.01419714
  0.6383458 -0.01387698
  0.6448485 -0.01355448
  0.6513518 -0.01322973
  0.6578558 -0.01290279
  0.6643603 -0.01257374
  0.6708655 -0.01224266
  0.6773714 -0.01190964
  0.6838779 -0.01157477
  0.6903852 -0.01123815
  0.6968933 -0.01089987
  0.7034024 -0.01056002
  0.7099126 -0.01021869
  0.716424 -0.009875972
  0.7229368 -0.00953197
  0.7294511 -0.009186821
  0.7359668 -0.008840664
  0.742484 -0.008493642
  0.7490022 -0.008145905
  0.7555213 -0.007797606
  0.7620409 -0.007448906
  0.7685604 -0.007099997
  0.7750794 -0.006751129
  0.7815974 -0.006402554
  0.788114 -0.006054524
  0.7946288 -0.005707288
  0.8011415 -0.005361092
  0.8076517 -0.005016181
  0.8141591 -0.004672859
  0.8206635 -0.004331533
  0.8271643 -0.00399262
  0.8336614 -0.003656539
  0.8401542 -0.003323708
  0.8466422 -0.002994545
  0.853125 -0.002669502
  0.8596019 -0.00234927
  0.8660722 -0.002034644
  0.8725351 -0.001726417
  0.8789896 -0.001425381
  0.8854345 -0.001132321
  0.8918686 -0.0008481284
  0.8982902 -0.0005742231
  0.9046972 -0.000312178
  0.9110868 -6.355063e-05
  0.9174559 0.0001701305
  0.9238006 0.0003872668
  0.930116 0.0005852194
  0.9363946 0.0007608164
  0.9426268 0.0009110395
  0.9488007 0.00103312
  0.9549018 0.001123488
  0.9609073 0.001176715
  0.9667845 0.001188207
  0.9724963 0.001154972
  0.9779992 0.001073342
  0.9832333 0.0009402165
  0.9881383 0.0007574264
  0.9926675 0.0005285214
  0.9967798 0.0002587162
  1.0 0.0
