AH 79-K-135/20 B
  1.0 0.0
  0.9970871 0.0009973111
  0.9934792 0.002043433
  0.9894688 0.003011058
  0.9849724 0.003984001
  0.9800109 0.005000447
  0.9746874 0.006055114
  0.9690773 0.007117073
  0.9631913 0.008186584
  0.9570707 0.009270778
  0.9507922 0.01036412
  0.9444136 0.01146119
  0.9379635 0.01256063
  0.9314657 0.01366101
  0.9249443 0.01475964
  0.9184191 0.01585211
  0.9119016 0.01693504
  0.9053966 0.01800567
  0.8989055 0.0190614
  0.8924268 0.02010064
  0.8859574 0.02112919
  0.8794915 0.02215787
  0.8730195 0.02319798
  0.8665311 0.02425504
  0.8600278 0.02532577
  0.8535297 0.02640337
  0.8470741 0.02748089
  0.8407028 0.02856134
  0.8344477 0.02965092
  0.8283295 0.03075606
  0.822358 0.03188408
  0.8165256 0.03304558
  0.8108057 0.03425436
  0.8051569 0.03552795
  0.7995238 0.0368866
  0.7938458 0.03833898
  0.7880768 0.03988631
  0.7821905 0.04152485
  0.7761864 0.04324238
  0.7700937 0.04501749
  0.7639495 0.0468273
  0.7577812 0.04865085
  0.7516035 0.05047045
  0.7454176 0.05227317
  0.7392195 0.05405579
  0.733009 0.05581814
  0.7267913 0.0575587
  0.7205763 0.05927464
  0.7143782 0.06096121
  0.7082085 0.06261139
  0.7020726 0.06421958
  0.69597 0.06578197
  0.6898947 0.06729632
  0.6838369 0.06876241
  0.6777869 0.07018191
  0.671737 0.07155607
  0.6656814 0.07288554
  0.6596156 0.07417042
  0.6535371 0.07541087
  0.647444 0.07660792
  0.6413349 0.0777627
  0.6352081 0.07887625
  0.6290626 0.07994953
  0.6228969 0.08098357
  0.6167104 0.08197973
  0.6105023 0.08293937
  0.6042728 0.08386377
  0.5980222 0.08475419
  0.5917514 0.08561178
  0.5854616 0.0864374
  0.5791543 0.08723185
  0.5728312 0.08799593
  0.5664945 0.08873043
  0.5601466 0.08943609
  0.5537899 0.09011306
  0.5474262 0.09076131
  0.541057 0.09138091
  0.5346832 0.09197196
  0.5283052 0.09253465
  0.5219231 0.09306914
  0.5155369 0.09357554
  0.5091467 0.094054
  0.5027527 0.09450462
  0.496355 0.09492753
  0.489954 0.09532281
  0.48355 0.09569054
  0.4771434 0.09603079
  0.4707347 0.09634363
  0.4643245 0.09662912
  0.4579133 0.09688724
  0.4515019 0.09711786
  0.4450907 0.09732085
  0.4386801 0.0974961
  0.4322703 0.09764348
  0.4258617 0.09776291
  0.4194541 0.09785428
  0.4130476 0.09791749
  0.4066418 0.09795246
  0.4002363 0.09795907
  0.3938305 0.09793727
  0.3874242 0.09788708
  0.3810181 0.09780851
  0.3746132 0.09770162
  0.3682111 0.09756648
  0.3618141 0.09740292
  0.3554238 0.09721043
  0.3490411 0.09698846
  0.3426662 0.09673643
  0.3362982 0.09645375
  0.3299359 0.09613999
  0.3235784 0.09579493
  0.3172252 0.09541836
  0.3108765 0.09501011
  0.3045331 0.09457002
  0.2981959 0.09409782
  0.2918662 0.09359312
  0.2855448 0.09305556
  0.2792327 0.09248478
  0.2729306 0.0918804
  0.2666388 0.09124198
  0.2603572 0.09056901
  0.2540848 0.0898609
  0.2478203 0.08911694
  0.2415616 0.08833664
  0.2353079 0.08751998
  0.2290593 0.08666712
  0.2228175 0.08577845
  0.2165856 0.08485441
  0.2103675 0.08389472
  0.2041669 0.08289888
  0.1979876 0.08186645
  0.191833 0.08079705
  0.1857058 0.07968983
  0.1796064 0.07854333
  0.1735331 0.07735564
  0.1674812 0.07612429
  0.1614456 0.07484731
  0.1554247 0.07352427
  0.1494225 0.072156
  0.1434486 0.0707447
  0.1375152 0.06929172
  0.1316294 0.06779568
  0.1257901 0.0662533
  0.1199891 0.06465959
  0.1142163 0.06301125
  0.1084694 0.06130841
  0.1027565 0.05955425
  0.09709434 0.0577536
  0.09150343 0.05590847
  0.08600115 0.05402015
  0.08060127 0.05208958
  0.07531365 0.05011389
  0.07014031 0.04808629
  0.0650754 0.04599766
  0.06010501 0.04384216
  0.05520747 0.04161844
  0.05035606 0.03932143
  0.04553329 0.03695246
  0.04081822 0.03456883
  0.03639675 0.03228649
  0.03242672 0.0301736
  0.02891305 0.02819348
  0.02575997 0.02627711
  0.022864 0.02437399
  0.02018502 0.02250206
  0.01773303 0.02070873
  0.01552545 0.01903845
  0.01356853 0.01749989
  0.01184361 0.01607632
  0.01031936 0.01474701
  0.008964334 0.01349318
  0.00774852 0.01230513
  0.006647059 0.01118136
  0.005642558 0.01012166
  0.004721763 0.009125254
  0.003874412 0.008190008
  0.003103942 0.007306061
  0.002421258 0.006459247
  0.001830874 0.005639085
  0.001332808 0.004838041
  0.000924348 0.004050802
  0.000599865 0.003277063
  0.000351444 0.002519044
  0.0001722009 0.001775769
  5.724987e-05 0.001044244
  3.990475e-06 0.0003201954
  1.229251e-05 -0.000401621
  8.370082e-05 -0.001124138
  0.00022172 -0.001846558
  0.0004327326 -0.00256596
  0.0007260803 -0.003276673
  0.001114142 -0.003969093
  0.001608198 -0.004633217
  0.002208852 -0.005270729
  0.002912621 -0.005887007
  0.003712259 -0.006489415
  0.004594435 -0.007088099
  0.005550485 -0.007691489
  0.006588504 -0.008302124
  0.007719633 -0.00892306
  0.008956976 -0.009559088
  0.01031622 -0.01021754
  0.01181572 -0.01090451
  0.01347549 -0.01162257
  0.01531628 -0.01237372
  0.01735685 -0.013159
  0.01961159 -0.01397526
  0.02209397 -0.0148094
  0.02482096 -0.01564337
  0.02782918 -0.01645828
  0.03120113 -0.01725514
  0.03505935 -0.01806652
  0.03946101 -0.01893385
  0.04428972 -0.01986307
  0.04933804 -0.02078689
  0.05451628 -0.02165291
  0.05991094 -0.0224663
  0.06559513 -0.02325405
  0.07153038 -0.02403103
  0.07758184 -0.02478269
  0.08365697 -0.02549125
  0.08975261 -0.02615234
  0.09590911 -0.02677371
  0.1021475 -0.02736314
  0.1084592 -0.02792531
  0.1148183 -0.02846075
  0.1212055 -0.02896972
  0.1276128 -0.02945369
  0.1340413 -0.02991449
  0.1404917 -0.03035362
  0.1469617 -0.03077237
  0.1534463 -0.03117168
  0.1599408 -0.03155181
  0.1664434 -0.03191309
  0.1729557 -0.03225604
  0.1794818 -0.03258176
  0.1860239 -0.03289178
  0.1925812 -0.03318756
  0.1991493 -0.03347038
  0.2057219 -0.03374054
  0.2122948 -0.03399761
  0.2188667 -0.03424127
  0.2254398 -0.03447134
  0.2320181 -0.03468824
  0.2386046 -0.0348929
  0.2452003 -0.03508618
  0.2518036 -0.03526888
  0.2584112 -0.03544143
  0.2650201 -0.03560375
  0.2716287 -0.0357557
  0.2782372 -0.0358972
  0.2848469 -0.03602829
  0.29146 -0.03614932
  0.2980776 -0.03626076
  0.3047002 -0.03636306
  0.3113274 -0.03645664
  0.3179582 -0.0365418
  0.3245912 -0.03661867
  0.3312256 -0.03668737
  0.3378606 -0.03674805
  0.3444958 -0.03680081
  0.3511308 -0.03684562
  0.3577652 -0.03688234
  0.3643986 -0.03691087
  0.3710305 -0.03693108
  0.3776604 -0.03694287
  0.3842881 -0.03694609
  0.3909142 -0.03694063
  0.3975398 -0.03692635
  0.4041666 -0.03690312
  0.4107968 -0.036871
  0.4174322 -0.03683053
  0.4240733 -0.03678227
  0.4307193 -0.03672679
  0.4373686 -0.0366647
  0.4440183 -0.03659617
  0.4506658 -0.03652087
  0.4573094 -0.03643842
  0.4639479 -0.03634844
  0.4705808 -0.03625057
  0.4772082 -0.0361444
  0.4838307 -0.03602957
  0.4904494 -0.03590567
  0.4970655 -0.0357723
  0.503681 -0.03562906
  0.5102975 -0.03547595
  0.5169168 -0.03531335
  0.5235397 -0.03514162
  0.5301664 -0.03496118
  0.5367966 -0.03477242
  0.5434293 -0.03457551
  0.5500631 -0.03437047
  0.5566957 -0.03415732
  0.5633245 -0.03393613
  0.5699463 -0.03370692
  0.5765578 -0.03346902
  0.5831574 -0.03322135
  0.5897448 -0.03296276
  0.5963214 -0.03269205
  0.6028902 -0.03240809
  0.6094545 -0.03211041
  0.6160171 -0.03179891
  0.6225795 -0.0314735
  0.6291424 -0.03113413
  0.6357054 -0.03078085
  0.6422682 -0.03041383
  0.6488311 -0.03003326
  0.6553951 -0.02963928
  0.6619623 -0.02923195
  0.6685352 -0.02881138
  0.6751149 -0.02837802
  0.6816994 -0.02793249
  0.6882841 -0.02747568
  0.6948612 -0.02700861
  0.7014216 -0.02653096
  0.7079598 -0.02604083
  0.7144746 -0.02553601
  0.7209699 -0.02501395
  0.7274533 -0.0244723
  0.7339344 -0.02391083
  0.7404213 -0.02332994
  0.7469211 -0.02273006
  0.7534393 -0.02211172
  0.7599791 -0.02147592
  0.7665379 -0.02082451
  0.7731061 -0.02016014
  0.7796669 -0.01948625
  0.7861989 -0.01880455
  0.7926884 -0.01811202
  0.7991361 -0.01740396
  0.8055557 -0.01667432
  0.8119717 -0.01591803
  0.8184077 -0.01513537
  0.8248779 -0.01432836
  0.8313859 -0.01350031
  0.8379256 -0.01265539
  0.8444879 -0.01179725
  0.8510649 -0.01092941
  0.8576507 -0.01005522
  0.8642382 -0.009178728
  0.8708125 -0.008305368
  0.8773496 -0.007441722
  0.8838208 -0.006597048
  0.8902094 -0.00578323
  0.8965173 -0.005009476
  0.9027612 -0.004281605
  0.908961 -0.003601002
  0.9151303 -0.002968907
  0.921277 -0.002386946
  0.927404 -0.001854919
  0.9335114 -0.001372153
  0.939595 -0.000938993
  0.945633 -0.000558915
  0.9515772 -0.0002367119
  0.9573833 1.646145e-05
  0.9630711 0.0001869592
  0.9687046 0.0002762007
  0.9742621 0.0003133414
  0.9795947 0.0003183012
  0.9845536 0.0002835375
  0.9890753 0.0001875394
  0.9931763 1.60916e-05
  0.9969347 -8.313895e-05
  1.0 0.0
