AH 82-150 A
  1.0 0.0
  0.9969374 0.001142139
  0.9928858 0.002300678
  0.9883923 0.003505314
  0.9834605 0.004747177
  0.9780774 0.006049091
  0.9723423 0.007405361
  0.9663558 0.008808419
  0.9602021 0.01024585
  0.9539591 0.0117052
  0.9476814 0.0131785
  0.94139 0.01466446
  0.935088 0.01616337
  0.9287753 0.0176757
  0.9224509 0.01920073
  0.9161168 0.02073604
  0.9097794 0.02227856
  0.9034456 0.02382711
  0.897117 0.02538229
  0.8907903 0.02694572
  0.8844602 0.02851803
  0.8781238 0.03009879
  0.8717818 0.03168679
  0.8654366 0.03328081
  0.8590898 0.03488017
  0.8527414 0.03648462
  0.8463895 0.03809403
  0.8400324 0.03970758
  0.8336692 0.04132404
  0.8273002 0.04294189
  0.8209269 0.04456004
  0.8145515 0.04617826
  0.8081763 0.04779634
  0.8018036 0.04941409
  0.7954357 0.05103063
  0.7890739 0.05264441
  0.782719 0.05425401
  0.7763712 0.05585817
  0.7700299 0.05745587
  0.7636948 0.05904624
  0.7573659 0.06062836
  0.7510434 0.06220122
  0.744728 0.0637637
  0.7384203 0.06531435
  0.732121 0.06685161
  0.7258305 0.06837398
  0.7195492 0.06988001
  0.7132773 0.07136828
  0.7070146 0.07283738
  0.7007602 0.07428608
  0.6945127 0.07571329
  0.6882701 0.07711807
  0.6820302 0.07849984
  0.6757918 0.07985815
  0.6695548 0.08119232
  0.6633203 0.08250141
  0.6570907 0.08378426
  0.6508685 0.0850391
  0.6446552 0.08626405
  0.6384506 0.08745758
  0.6322529 0.08861845
  0.6260586 0.08974576
  0.6198639 0.09083948
  0.6136657 0.09190008
  0.6074627 0.09292778
  0.6012547 0.09392249
  0.5950432 0.09488394
  0.5888305 0.09581146
  0.5826183 0.09670422
  0.5764071 0.09756158
  0.570196 0.09838309
  0.5639829 0.09916842
  0.5577647 0.09991771
  0.5515386 0.1006318
  0.5453033 0.1013115
  0.5390586 0.1019574
  0.5328058 0.1025699
  0.5265473 0.1031494
  0.5202858 0.1036953
  0.514023 0.1042075
  0.5077598 0.1046855
  0.5014961 0.1051291
  0.4952308 0.1055384
  0.4889626 0.1059134
  0.4826901 0.1062546
  0.4764126 0.1065624
  0.4701298 0.1068371
  0.4638417 0.1070789
  0.4575487 0.1072883
  0.4512511 0.1074655
  0.4449492 0.1076109
  0.4386432 0.107725
  0.4323335 0.107808
  0.4260201 0.1078605
  0.4197034 0.1078825
  0.413384 0.1078744
  0.4070627 0.1078364
  0.4007403 0.1077688
  0.3944182 0.1076719
  0.3880974 0.1075455
  0.3817783 0.1073894
  0.3754613 0.1072037
  0.3691462 0.1069881
  0.3628326 0.1067425
  0.3565203 0.1064669
  0.3502099 0.1061612
  0.3439025 0.1058254
  0.3376 0.1054595
  0.3313049 0.1050634
  0.3250191 0.1046364
  0.3187435 0.1041776
  0.3124783 0.1036862
  0.3062223 0.1031613
  0.299974 0.1026022
  0.293732 0.1020084
  0.2874961 0.1013798
  0.281267 0.1007161
  0.2750461 0.1000172
  0.2688355 0.09928284
  0.262637 0.09851222
  0.2564516 0.09770463
  0.25028 0.0968593
  0.2441219 0.09597541
  0.2379769 0.09505227
  0.2318444 0.09408924
  0.2257236 0.09308561
  0.2196135 0.09204061
  0.2135133 0.09095367
  0.2074228 0.08982457
  0.2013434 0.08865334
  0.1952773 0.08744028
  0.189228 0.08618573
  0.1831988 0.08488923
  0.177191 0.08354984
  0.1712043 0.08216624
  0.1652365 0.08073679
  0.1592855 0.07926048
  0.1533511 0.077737
  0.1474355 0.07616667
  0.1415431 0.07455032
  0.1356792 0.07288788
  0.1298477 0.07117849
  0.1240502 0.0694208
  0.1182867 0.06761308
  0.1125568 0.06575383
  0.1068613 0.06384191
  0.1012016 0.06187658
  0.09558045 0.05985742
  0.09000162 0.05778444
  0.08446974 0.05565813
  0.07899058 0.05347936
  0.07357359 0.05124943
  0.06823322 0.04897201
  0.06298814 0.04665302
  0.0578607 0.04429667
  0.05287259 0.04190662
  0.04804266 0.03948755
  0.04339154 0.03704586
  0.03894425 0.0345929
  0.0347258 0.03214432
  0.03076501 0.02972185
  0.02709348 0.02735464
  0.02373203 0.02507183
  0.02068964 0.02290228
  0.01796489 0.02087002
  0.01554119 0.01898618
  0.01339869 0.01725056
  0.01151889 0.01566099
  0.009875853 0.01421067
  0.008438776 0.01288705
  0.007177372 0.01167159
  0.00606259 0.01054468
  0.00506946 0.009489668
  0.004177869 0.008493206
  0.003375743 0.007543347
  0.002663934 0.006629214
  0.002044081 0.005745717
  0.001515012 0.004891173
  0.001072577 0.004065219
  0.0007115283 0.003268835
  0.0004285836 0.002504153
  0.0002192862 0.001768016
  7.992484e-05 0.001054105
  9.16889e-06 0.0003546971
  8.836257e-06 -0.0003391084
  7.917551e-05 -0.001036477
  0.0002187596 -0.001744586
  0.0004293623 -0.002468657
  0.0007152215 -0.00321152
  0.001081537 -0.003971741
  0.001532337 -0.004742424
  0.002071252 -0.005518593
  0.002700108 -0.006296541
  0.003418343 -0.007073473
  0.004223698 -0.007848714
  0.005115538 -0.008624668
  0.006103111 -0.009404264
  0.007200555 -0.01019031
  0.00842443 -0.01098581
  0.009792768 -0.01179355
  0.01132392 -0.01261461
  0.01303936 -0.01344724
  0.01496233 -0.01428915
  0.01711824 -0.01513936
  0.01954069 -0.01600024
  0.02227738 -0.01687514
  0.0253789 -0.01776891
  0.02888618 -0.01868931
  0.03282005 -0.01963455
  0.03717141 -0.02059341
  0.04190612 -0.02155731
  0.04698168 -0.02251459
  0.05234155 -0.02345261
  0.05793167 -0.02436384
  0.06370376 -0.02524331
  0.0696108 -0.02608915
  0.07561427 -0.02690011
  0.08168707 -0.02767409
  0.08781524 -0.02841139
  0.09399531 -0.02911469
  0.1002222 -0.02978731
  0.1064853 -0.03043227
  0.1127708 -0.03105034
  0.119069 -0.03164074
  0.125377 -0.03220335
  0.1316976 -0.03273904
  0.1380345 -0.03324966
  0.1443887 -0.03373694
  0.1507582 -0.03420236
  0.1571393 -0.03464678
  0.16353 -0.03507085
  0.16993 -0.03547537
  0.1763409 -0.03586133
  0.1827646 -0.03623009
  0.189201 -0.03658304
  0.1956481 -0.03692145
  0.202102 -0.03724628
  0.2085587 -0.0375575
  0.2150166 -0.03785498
  0.2214762 -0.03813866
  0.2279404 -0.03840873
  0.2344124 -0.03866617
  0.2408939 -0.03891216
  0.2473849 -0.03914782
  0.2538832 -0.03937415
  0.2603857 -0.03959154
  0.2668899 -0.03979995
  0.2733945 -0.03999937
  0.2798995 -0.04018984
  0.2864057 -0.04037148
  0.2929144 -0.04054462
  0.2994259 -0.04070959
  0.3059402 -0.04086668
  0.3124564 -0.04101619
  0.3189735 -0.04115813
  0.3254903 -0.04129231
  0.3320058 -0.04141857
  0.3385189 -0.04153673
  0.3450289 -0.04164658
  0.3515352 -0.04174774
  0.3580378 -0.04183976
  0.364537 -0.0419222
  0.3710339 -0.04199462
  0.3775297 -0.04205671
  0.3840255 -0.04210848
  0.3905221 -0.04215003
  0.3970193 -0.04218145
  0.4035166 -0.04220282
  0.4100126 -0.04221412
  0.4165063 -0.0422151
  0.4229973 -0.04220544
  0.4294857 -0.04218487
  0.4359724 -0.04215308
  0.4424586 -0.04210988
  0.4489453 -0.0420553
  0.4554329 -0.04198942
  0.4619204 -0.04191235
  0.4684065 -0.04182418
  0.4748888 -0.04172481
  0.4813653 -0.0416136
  0.4878351 -0.04148981
  0.4942979 -0.04135273
  0.5007547 -0.04120158
  0.5072072 -0.0410357
  0.5136567 -0.04085479
  0.5201036 -0.04065859
  0.5265471 -0.04044691
  0.5329851 -0.04021959
  0.5394147 -0.03997626
  0.5458327 -0.03971557
  0.5522362 -0.03943598
  0.5586234 -0.03913596
  0.5649927 -0.03881403
  0.5713434 -0.03846863
  0.5776751 -0.03809795
  0.5839879 -0.0377001
  0.5902824 -0.03727319
  0.5965598 -0.0368153
  0.6028214 -0.03632462
  0.6090692 -0.03580006
  0.6153055 -0.0352408
  0.621533 -0.03464591
  0.6277549 -0.03401436
  0.6339748 -0.03334515
  0.6401963 -0.03263847
  0.6464231 -0.03189523
  0.6526582 -0.03111632
  0.6589042 -0.03030263
  0.6651632 -0.02945517
  0.6714371 -0.02857577
  0.6777284 -0.0276667
  0.6840395 -0.02673019
  0.6903734 -0.0257685
  0.696733 -0.02478391
  0.7031208 -0.02377918
  0.709536 -0.02275773
  0.7159749 -0.02172358
  0.7224303 -0.02068144
  0.728892 -0.01963626
  0.7353501 -0.01859228
  0.7417982 -0.01755314
  0.7482327 -0.01652191
  0.7546532 -0.0155011
  0.7610611 -0.01449247
  0.7674573 -0.01349759
  0.7738418 -0.01251814
  0.7802137 -0.0115559
  0.7865719 -0.01061282
  0.7929159 -0.009690944
  0.7992462 -0.008792105
  0.8055646 -0.007917961
  0.8118736 -0.007069794
  0.8181756 -0.006248376
  0.8244712 -0.005454571
  0.8307602 -0.004689393
  0.8370413 -0.003954079
  0.8433133 -0.0032501
  0.8495764 -0.002578811
  0.8558316 -0.001941434
  0.862081 -0.001338855
  0.8683257 -0.0007716542
  0.8745656 -0.0002405097
  0.8807994 0.0002537586
  0.8870252 0.0007099214
  0.8932416 0.001126648
  0.8994482 0.001502696
  0.9056448 0.001836966
  0.9118311 0.002128473
  0.9180066 0.002376235
  0.9241697 0.002579159
  0.9303157 0.002735969
  0.9364357 0.002845377
  0.9425188 0.00290455
  0.9485576 0.002909556
  0.9545481 0.002857243
  0.9604814 0.00274648
  0.9663367 0.002577499
  0.9720791 0.002353138
  0.9776587 0.00207842
  0.9829961 0.001757622
  0.9879861 0.001397957
  0.9925984 0.001002453
  0.9967925 0.0005867283
  1.0 0.0
