AH 82-150 F
  1.0 0.0
  0.9969278 0.00102456
  0.9926974 0.002067079
  0.9878604 0.003220626
  0.9825483 0.004477715
  0.9768905 0.005831302
  0.9710638 0.007248056
  0.9651578 0.008710691
  0.9592075 0.0102145
  0.9532257 0.01175669
  0.9472235 0.01333109
  0.9412171 0.01493124
  0.9352174 0.01655553
  0.9292215 0.01820621
  0.923218 0.01988506
  0.9171998 0.0215905
  0.9111688 0.02331864
  0.9051321 0.02506585
  0.8990946 0.02682998
  0.8930573 0.02860993
  0.8870185 0.03040527
  0.880976 0.0322155
  0.8749281 0.03404005
  0.8688734 0.0358781
  0.8628112 0.03772826
  0.856742 0.03958879
  0.8506672 0.04145755
  0.8445896 0.04333285
  0.8385118 0.04521382
  0.8324356 0.04709978
  0.8263623 0.04899031
  0.8202925 0.05088526
  0.8142259 0.05278484
  0.808161 0.05468959
  0.8020956 0.05660031
  0.7960269 0.05851722
  0.7899534 0.06043896
  0.7838767 0.06236315
  0.777801 0.06428652
  0.7717334 0.06620454
  0.7656811 0.06811112
  0.7596496 0.07000031
  0.7536432 0.07186682
  0.7476645 0.07370593
  0.7417145 0.07551281
  0.7357926 0.07728224
  0.7298967 0.07900958
  0.7240234 0.08069074
  0.7181681 0.08232218
  0.7123259 0.08390174
  0.7064924 0.08542834
  0.7006635 0.08690078
  0.6948353 0.08831773
  0.6890042 0.08967772
  0.683167 0.09098028
  0.6773209 0.09222629
  0.6714629 0.09341663
  0.6655901 0.09455206
  0.6596992 0.09563322
  0.6537869 0.09666133
  0.6478506 0.09763903
  0.6418884 0.09856898
  0.6358996 0.0994537
  0.6298844 0.1002955
  0.6238438 0.1010967
  0.6177796 0.101859
  0.6116936 0.1025843
  0.6055878 0.1032745
  0.5994645 0.1039314
  0.5933263 0.1045571
  0.5871756 0.1051524
  0.5810146 0.1057179
  0.5748452 0.1062542
  0.568669 0.1067619
  0.5624872 0.1072418
  0.5563008 0.1076943
  0.5501104 0.1081195
  0.5439166 0.1085176
  0.5377195 0.1088889
  0.5315193 0.1092336
  0.5253156 0.1095518
  0.5191086 0.1098438
  0.5128983 0.1101098
  0.5066852 0.1103501
  0.50047 0.1105648
  0.4942539 0.1107542
  0.4880377 0.1109181
  0.4818218 0.1110565
  0.4756062 0.1111693
  0.4693903 0.1112565
  0.4631729 0.1113179
  0.4569528 0.1113538
  0.4507293 0.1113645
  0.4445026 0.1113506
  0.4382735 0.1113123
  0.4320439 0.1112502
  0.425816 0.1111642
  0.4195916 0.1110539
  0.4133714 0.1109188
  0.4071556 0.1107585
  0.400943 0.1105725
  0.3947321 0.1103604
  0.3885215 0.1101223
  0.3823106 0.1098583
  0.3760997 0.1095685
  0.3698902 0.1092532
  0.3636842 0.1089124
  0.3574835 0.1085457
  0.3512895 0.1081523
  0.3451027 0.1077318
  0.3389229 0.1072833
  0.3327491 0.1068063
  0.3265803 0.1063002
  0.3204163 0.1057649
  0.3142572 0.1051999
  0.3081038 0.104605
  0.3019575 0.1039799
  0.2958197 0.1033241
  0.2896914 0.1026369
  0.283573 0.1019174
  0.2774643 0.101165
  0.2713649 0.1003789
  0.2652745 0.09955841
  0.2591929 0.09870303
  0.2531206 0.09781226
  0.2470582 0.09688567
  0.2410066 0.09592277
  0.2349667 0.09492297
  0.2289386 0.09388565
  0.2229225 0.0928101
  0.2169179 0.09169554
  0.2109246 0.09054139
  0.2049428 0.0893472
  0.1989736 0.08811266
  0.1930186 0.08683762
  0.18708 0.08552182
  0.1811591 0.08416453
  0.1752561 0.08276477
  0.16937 0.08132124
  0.1634986 0.07983263
  0.1576406 0.0782984
  0.1517959 0.07671849
  0.1459665 0.07509332
  0.1401557 0.07342353
  0.1343671 0.07170898
  0.1286029 0.06994902
  0.1228639 0.0681426
  0.1171495 0.06628838
  0.1114604 0.06438541
  0.105799 0.06243348
  0.1001699 0.0604331
  0.09457908 0.05838437
  0.08903195 0.05628632
  0.08353203 0.05413755
  0.07808189 0.05193614
  0.07268698 0.04968073
  0.06735732 0.0473722
  0.06210714 0.04501314
  0.05695231 0.04260367
  0.05190476 0.04014215
  0.04697265 0.03762647
  0.04216837 0.03505836
  0.03751402 0.03244694
  0.03304051 0.02980817
  0.02879569 0.0271693
  0.02483442 0.02457017
  0.02120378 0.02205831
  0.01794132 0.01968592
  0.01505783 0.01748956
  0.01255705 0.01549291
  0.0104359 0.01371601
  0.008655087 0.01215294
  0.007155635 0.01077262
  0.005877162 0.009535493
  0.004770535 0.008408879
  0.003799884 0.007368148
  0.00295075 0.006390958
  0.002223346 0.005463561
  0.001614411 0.004581459
  0.001115133 0.003742946
  0.0007148393 0.002947437
  0.0004084843 0.002195265
  0.0001898858 0.001479608
  5.418786e-05 0.0007902037
  6.569615e-07 0.0001157525
  3.26173e-05 -0.0005561318
  0.000148503 -0.001236608
  0.0003482776 -0.001933963
  0.0006367183 -0.002653804
  0.00102134 -0.003396829
  0.001508768 -0.004155158
  0.002106394 -0.004922152
  0.002819517 -0.005693887
  0.003648717 -0.006468377
  0.00459109 -0.007248709
  0.005652064 -0.008042224
  0.006854559 -0.008854109
  0.008229186 -0.00968998
  0.009812455 -0.01055573
  0.01164286 -0.01145419
  0.01376053 -0.01238114
  0.01620299 -0.01332955
  0.01900839 -0.01429515
  0.02223099 -0.0152757
  0.02592039 -0.01626696
  0.03009267 -0.01726536
  0.03471857 -0.01825536
  0.03972934 -0.01922179
  0.04506139 -0.02016043
  0.05065103 -0.0210682
  0.05642004 -0.02194536
  0.06229763 -0.02278561
  0.06824106 -0.02358393
  0.07424179 -0.0243421
  0.08030024 -0.02506552
  0.08640668 -0.02575901
  0.09254247 -0.02642445
  0.09869277 -0.0270609
  0.1048526 -0.02766838
  0.1110256 -0.02824832
  0.1172164 -0.02880319
  0.123425 -0.0293352
  0.1296475 -0.02984601
  0.1358784 -0.03033606
  0.142115 -0.03080562
  0.148357 -0.03125524
  0.1546069 -0.0316858
  0.1608661 -0.03209851
  0.1671341 -0.03249443
  0.1734077 -0.03287448
  0.1796826 -0.03323876
  0.1859562 -0.03358673
  0.1922283 -0.03391797
  0.1985015 -0.03423221
  0.2047802 -0.03453003
  0.2110676 -0.0348128
  0.2173645 -0.03508182
  0.2236697 -0.0353383
  0.22998 -0.03558297
  0.2362922 -0.03581577
  0.2426044 -0.03603658
  0.2489163 -0.03624537
  0.2552286 -0.03644216
  0.2615428 -0.03662739
  0.2678604 -0.0368016
  0.2741826 -0.03696536
  0.2805104 -0.03711918
  0.2868443 -0.03726368
  0.2931847 -0.03739963
  0.2995309 -0.03752782
  0.3058814 -0.037649
  0.3122343 -0.03776391
  0.318587 -0.03787268
  0.3249378 -0.03797493
  0.3312861 -0.03807027
  0.3376322 -0.03815835
  0.3439774 -0.03823889
  0.3503236 -0.03831201
  0.3566721 -0.0383781
  0.3630234 -0.0384375
  0.3693773 -0.03849057
  0.3757332 -0.03853761
  0.3820899 -0.0385787
  0.3884466 -0.03861382
  0.394803 -0.03864294
  0.4011589 -0.03866604
  0.4075148 -0.03868312
  0.4138712 -0.03869424
  0.4202284 -0.03869948
  0.4265863 -0.03869896
  0.4329448 -0.03869276
  0.4393033 -0.03868097
  0.4456612 -0.03866354
  0.452018 -0.03864032
  0.4583737 -0.03861118
  0.4647285 -0.03857599
  0.4710832 -0.03853462
  0.4774382 -0.03848707
  0.4837941 -0.03843344
  0.4901509 -0.03837384
  0.4965082 -0.0383084
  0.5028651 -0.03823721
  0.5092207 -0.03816021
  0.5155742 -0.0380771
  0.5219252 -0.03798757
  0.528274 -0.03789129
  0.5346212 -0.03778795
  0.5409679 -0.03767738
  0.5473149 -0.0375597
  0.5536629 -0.03743507
  0.5600121 -0.03730363
  0.5663623 -0.03716557
  0.572713 -0.03702095
  0.5790635 -0.03686968
  0.5854132 -0.03671162
  0.5917612 -0.03654664
  0.5981067 -0.03637462
  0.6044489 -0.03619536
  0.6107872 -0.03600846
  0.6171215 -0.03581347
  0.6234525 -0.0356099
  0.6297813 -0.03539726
  0.6361093 -0.03517513
  0.6424378 -0.03494339
  0.6487665 -0.03470205
  0.655094 -0.03445115
  0.6614174 -0.03419082
  0.6677329 -0.03392077
  0.6740367 -0.03363941
  0.6803262 -0.03334492
  0.6866003 -0.03303543
  0.6928592 -0.03270905
  0.6991039 -0.03236386
  0.7053352 -0.03199793
  0.7115524 -0.03160945
  0.7177536 -0.03119674
  0.7239357 -0.03075819
  0.7300948 -0.03029168
  0.7362286 -0.02979426
  0.7423365 -0.0292629
  0.7484203 -0.02869443
  0.7544834 -0.0280857
  0.7605303 -0.02743493
  0.7665656 -0.0267411
  0.7725933 -0.02600308
  0.7786173 -0.02521966
  0.7846413 -0.02439033
  0.7906699 -0.02351658
  0.7967088 -0.02259999
  0.8027645 -0.02164186
  0.808845 -0.02064339
  0.8149576 -0.01960773
  0.821105 -0.01853996
  0.8272832 -0.01744653
  0.8334819 -0.0163354
  0.8396863 -0.01521629
  0.8458841 -0.01409914
  0.852067 -0.01299316
  0.8582308 -0.01190642
  0.8643738 -0.0108444
  0.870495 -0.009811267
  0.8765947 -0.008810898
  0.8826738 -0.007846818
  0.8887341 -0.00692198
  0.8947786 -0.006039046
  0.9008115 -0.005200404
  0.9068371 -0.004407207
  0.9128573 -0.003660152
  0.9188721 -0.002960263
  0.9248787 -0.002309554
  0.930871 -0.001710965
  0.9368386 -0.001167669
  0.9427732 -0.000684027
  0.9486787 -0.0002642966
  0.9545694 8.90897e-05
  0.9604404 0.0003767157
  0.9662435 0.0005978128
  0.9719298 0.0007441722
  0.9775057 0.000808282
  0.9829236 0.000800257
  0.9879745 0.0007298597
  0.9926068 0.0005704813
  0.9968149 0.0003794049
  1.0 0.0
