AH 83-150 Q
  1.0 0.0
  0.9970915 0.0005108234
  0.9937047 0.0008274639
  0.9901255 0.00141413
  0.9862304 0.002019483
  0.9819951 0.00266021
  0.9773822 0.003420375
  0.9723456 0.004297954
  0.9669167 0.005264769
  0.9611812 0.006309842
  0.9551892 0.007430292
  0.9489692 0.008618049
  0.942576 0.009857916
  0.9360761 0.01113834
  0.9295106 0.01245445
  0.922891 0.0138048
  0.916224 0.01518678
  0.9095196 0.01659689
  0.9027885 0.0180319
  0.8960378 0.01948942
  0.8892702 0.02096783
  0.8824869 0.02246574
  0.8756896 0.02398161
  0.8688806 0.02551381
  0.8620633 0.02706088
  0.8552416 0.02862124
  0.8484207 0.03019317
  0.8416054 0.03177596
  0.8347987 0.03336984
  0.8280009 0.03497563
  0.8212102 0.03659438
  0.8144235 0.03822692
  0.8076371 0.03987416
  0.8008468 0.04153713
  0.794048 0.04321626
  0.7872372 0.044911
  0.7804125 0.04662045
  0.7735734 0.04834328
  0.7667208 0.05007805
  0.7598558 0.0518234
  0.7529798 0.05357794
  0.7460941 0.05534026
  0.7392 0.05710918
  0.7322989 0.0588838
  0.7253918 0.06066323
  0.7184799 0.06244663
  0.7115641 0.06423303
  0.704646 0.06602109
  0.6977288 0.06780916
  0.6908163 0.06959527
  0.6839138 0.07137705
  0.6770264 0.0731516
  0.6701587 0.0749161
  0.6633146 0.07666794
  0.6564975 0.07840464
  0.64971 0.08012317
  0.6429545 0.08182012
  0.636233 0.08349223
  0.6295475 0.08513641
  0.6228994 0.08674965
  0.6162894 0.08832875
  0.6097166 0.0898709
  0.6031782 0.09137378
  0.5966703 0.09283547
  0.5901879 0.09425468
  0.5837262 0.09563111
  0.5772807 0.09696443
  0.5708479 0.09825413
  0.5644244 0.09949957
  0.5580074 0.1007002
  0.5515947 0.1018559
  0.5451846 0.1029665
  0.5387757 0.104032
  0.532367 0.1050519
  0.5259578 0.1060259
  0.5195474 0.1069542
  0.5131343 0.1078367
  0.5067166 0.1086736
  0.5002914 0.1094652
  0.4938555 0.1102117
  0.4874061 0.110914
  0.480942 0.1115729
  0.4744639 0.112189
  0.4679745 0.1127628
  0.4614781 0.1132946
  0.454979 0.1137839
  0.4484796 0.1142301
  0.4419799 0.1146329
  0.4354776 0.114992
  0.4289685 0.1153076
  0.4224475 0.1155804
  0.415912 0.1158116
  0.409361 0.1160022
  0.4027962 0.1161531
  0.3962214 0.1162652
  0.3896411 0.1163383
  0.3830588 0.1163724
  0.3764774 0.1163675
  0.3698983 0.1163235
  0.3633223 0.1162405
  0.3567495 0.1161182
  0.3501805 0.1159564
  0.3436156 0.115755
  0.3370556 0.1155137
  0.330501 0.1152323
  0.3239525 0.1149107
  0.3174104 0.1145486
  0.3108749 0.1141459
  0.3043457 0.1137022
  0.2978228 0.1132174
  0.2913066 0.1126915
  0.2847983 0.1121243
  0.2782996 0.1115159
  0.2718128 0.1108663
  0.2653402 0.1101752
  0.2588835 0.109442
  0.2524439 0.1086662
  0.2460218 0.1078474
  0.2396174 0.1069848
  0.2332314 0.1060779
  0.2268646 0.1051263
  0.2205183 0.1041295
  0.214194 0.1030872
  0.2078931 0.1019987
  0.2016161 0.1008633
  0.1953631 0.09968036
  0.1891336 0.0984489
  0.1829275 0.09716842
  0.1767457 0.09583863
  0.1705903 0.09445955
  0.1644645 0.09303134
  0.1583717 0.09155376
  0.1523141 0.09002626
  0.1462931 0.08844811
  0.1403092 0.0868185
  0.1343628 0.08513721
  0.1284558 0.08340456
  0.1225913 0.08162126
  0.1167741 0.07978837
  0.1110136 0.07790791
  0.1053243 0.07598407
  0.09972508 0.07402294
  0.09423564 0.07202796
  0.08886892 0.06999865
  0.08362962 0.06793266
  0.07851692 0.06582674
  0.07353163 0.06368003
  0.06867959 0.06149467
  0.06397008 0.05927531
  0.05941425 0.0570276
  0.05502166 0.05475717
  0.05079891 0.0524697
  0.04675078 0.05017204
  0.04288625 0.04787656
  0.03921896 0.04560021
  0.0357621 0.04336117
  0.03252681 0.04117394
  0.02951881 0.03904948
  0.02673621 0.03699586
  0.02417117 0.03501762
  0.02181409 0.03311588
  0.01965351 0.03129057
  0.01767588 0.02954057
  0.01586679 0.02786347
  0.0142152 0.02625424
  0.0127115 0.0247072
  0.01134513 0.02321742
  0.01010521 0.02178048
  0.008980986 0.02039245
  0.007961744 0.01905079
  0.007036864 0.0177531
  0.006196531 0.01649619
  0.005432012 0.01527667
  0.004735692 0.01409113
  0.004100993 0.01293638
  0.003522217 0.01180998
  0.002994876 0.01071157
  0.002515663 0.009642567
  0.002081815 0.008605197
  0.001690713 0.007601864
  0.001339674 0.006634668
  0.001025894 0.005705119
  0.0007487216 0.004813312
  0.0005119943 0.003955952
  0.0003182606 0.003127626
  0.0001689286 0.002322153
  6.512427e-05 0.001533131
  8.26077e-06 0.0007540802
  4.746753e-07 -2.167661e-05
  4.566311e-05 -0.0007983889
  0.0001514968 -0.001569855
  0.0003279909 -0.002326563
  0.0005874379 -0.003057367
  0.0009450024 -0.003748684
  0.001417549 -0.004385224
  0.002005898 -0.004965472
  0.002699308 -0.005497165
  0.003483878 -0.005988914
  0.004340281 -0.00645085
  0.005248763 -0.006893096
  0.006209604 -0.00732021
  0.007228266 -0.007736791
  0.008310797 -0.008149509
  0.009463785 -0.008567845
  0.01069418 -0.009003013
  0.01200898 -0.009457545
  0.01341575 -0.009929544
  0.01492308 -0.01041605
  0.01654137 -0.01091283
  0.01828436 -0.01141468
  0.0201707 -0.01192096
  0.02222335 -0.01243501
  0.02446923 -0.01296178
  0.02693723 -0.01350833
  0.0296543 -0.01408126
  0.03264455 -0.01468049
  0.03592941 -0.01530381
  0.0395289 -0.01594849
  0.04346646 -0.01661224
  0.04776139 -0.01729222
  0.05241973 -0.01798457
  0.05743223 -0.01868446
  0.06277193 -0.01938507
  0.06839596 -0.02007998
  0.07425754 -0.02076331
  0.08031149 -0.02142756
  0.08651952 -0.02206693
  0.09285731 -0.02267894
  0.09930744 -0.02326371
  0.1058556 -0.02382249
  0.1124907 -0.02435742
  0.1191999 -0.024871
  0.1259662 -0.02536589
  0.1327693 -0.02584317
  0.1395928 -0.02630118
  0.1464272 -0.02673858
  0.1532708 -0.02715476
  0.1601261 -0.02755015
  0.1669971 -0.0279254
  0.1738884 -0.0282812
  0.180805 -0.02861917
  0.1877491 -0.02894166
  0.1947195 -0.02925096
  0.2017112 -0.02954904
  0.2087177 -0.0298365
  0.2157335 -0.0301135
  0.2227545 -0.03038033
  0.2297782 -0.03063722
  0.2368034 -0.03088406
  0.2438299 -0.03112071
  0.2508583 -0.03134709
  0.2578902 -0.03156322
  0.2649268 -0.03176948
  0.2719677 -0.03196627
  0.2790111 -0.03215393
  0.286054 -0.03233264
  0.2930933 -0.03250188
  0.3001277 -0.03266107
  0.3071572 -0.03280965
  0.3141835 -0.03294716
  0.3212095 -0.03307365
  0.3282375 -0.0331894
  0.3352701 -0.03329464
  0.3423095 -0.03338963
  0.3493574 -0.03347485
  0.3564149 -0.03355108
  0.3634817 -0.03361911
  0.3705565 -0.03367973
  0.3776367 -0.03373359
  0.3847198 -0.03378083
  0.3918041 -0.03382143
  0.3988892 -0.03385542
  0.4059755 -0.0338828
  0.4130642 -0.03390372
  0.4201556 -0.0339184
  0.4272491 -0.03392708
  0.4343431 -0.03393
  0.4414346 -0.03392728
  0.4485207 -0.03391842
  0.4555994 -0.03390273
  0.4626696 -0.03387957
  0.4697312 -0.03384826
  0.476785 -0.03380825
  0.4838323 -0.03375917
  0.4908748 -0.03370062
  0.4979146 -0.03363222
  0.5049542 -0.0335536
  0.5119959 -0.03346488
  0.5190411 -0.0333665
  0.5260899 -0.03325888
  0.533141 -0.03314247
  0.5401922 -0.0330176
  0.5472407 -0.03288403
  0.5542838 -0.03274142
  0.5613192 -0.03258944
  0.5683446 -0.03242776
  0.5753583 -0.03225576
  0.5823587 -0.03207251
  0.5893449 -0.03187704
  0.5963162 -0.03166841
  0.6032728 -0.03144566
  0.6102144 -0.03120781
  0.6171406 -0.03095388
  0.6240506 -0.03068294
  0.6309428 -0.0303941
  0.6378157 -0.03008638
  0.6446679 -0.02975856
  0.6514994 -0.02940935
  0.6583111 -0.02903746
  0.6651047 -0.02864154
  0.6718824 -0.02822057
  0.6786449 -0.02777382
  0.685391 -0.02730068
  0.692118 -0.02680071
  0.6988217 -0.02627331
  0.7054984 -0.02571702
  0.7121461 -0.0251302
  0.7187647 -0.0245111
  0.7253557 -0.02385784
  0.7319219 -0.02316873
  0.7384666 -0.02244213
  0.7449933 -0.02167636
  0.7515057 -0.02086959
  0.7580084 -0.02002062
  0.7645094 -0.01912927
  0.7710213 -0.01819468
  0.7775622 -0.01721486
  0.7841553 -0.01618765
  0.790821 -0.01511602
  0.7975637 -0.01400713
  0.8043672 -0.01287214
  0.8111943 -0.01172634
  0.8180013 -0.01058583
  0.8247558 -0.009464502
  0.8314387 -0.008373491
  0.8380425 -0.007321515
  0.8445661 -0.006315842
  0.8510123 -0.005362569
  0.8573872 -0.004466763
  0.863699 -0.003631716
  0.869958 -0.002859486
  0.8761775 -0.002151944
  0.8823724 -0.001510188
  0.8885554 -0.0009328564
  0.894735 -0.0004187972
  0.9009151 3.248585e-05
  0.9070971 0.0004212947
  0.9132837 0.0007479853
  0.9194795 0.001013003
  0.9256893 0.001218754
  0.9319143 0.001369033
  0.9381501 0.001467687
  0.944377 0.00151924
  0.9505469 0.001528895
  0.9565961 0.00149562
  0.9624889 0.001409353
  0.968223 0.001266233
  0.973779 0.001078441
  0.9791001 0.0008665574
  0.9841156 0.0006647316
  0.988765 0.0004851259
  0.9930166 0.0003175174
  0.9968829 0.0002561772
  1.0 0.0
