AH 93-156
  1.0 -0.00197
  0.9966038 -0.001050383
  0.9923694 4.844834e-05
  0.9877727 0.001182953
  0.982811 0.002349529
  0.9774953 0.003548674
  0.9718424 0.004785498
  0.9658836 0.006068524
  0.9596744 0.007406806
  0.9532839 0.008795761
  0.9467772 0.01022228
  0.9402031 0.01167717
  0.9335967 0.01315676
  0.9269839 0.01465979
  0.9203798 0.01618691
  0.9137882 0.01774095
  0.9072017 0.01932722
  0.9006054 0.02094919
  0.8939915 0.02260522
  0.8873647 0.02429066
  0.8807364 0.02600207
  0.8741099 0.0277399
  0.8674774 0.02950724
  0.860826 0.03130524
  0.8541506 0.03313155
  0.8474556 0.03498157
  0.8407496 0.03685217
  0.834036 0.03874228
  0.8273126 0.04065213
  0.8205743 0.04258171
  0.8138164 0.04453076
  0.8070347 0.04649823
  0.8002279 0.04848104
  0.7933993 0.05047458
  0.7865566 0.05247393
  0.7797107 0.05447477
  0.7728737 0.0564724
  0.7660561 0.05846114
  0.7592612 0.06043641
  0.7524842 0.06239626
  0.7457179 0.06434163
  0.7389625 0.06627272
  0.7322255 0.0681871
  0.7255152 0.07007949
  0.7188338 0.07194561
  0.7121772 0.07378337
  0.7055402 0.07559239
  0.6989199 0.07737195
  0.6923157 0.07912067
  0.6857284 0.08083689
  0.6791588 0.08251894
  0.672608 0.08416481
  0.6660764 0.08577217
  0.6595639 0.08733888
  0.6530694 0.08886309
  0.6465899 0.09034339
  0.6401207 0.09177886
  0.6336559 0.09316974
  0.6271917 0.0945167
  0.6207268 0.09581982
  0.6142611 0.09707874
  0.6077932 0.09829315
  0.6013202 0.09946311
  0.5948387 0.1005895
  0.5883474 0.101673
  0.5818477 0.1027141
  0.5753414 0.1037123
  0.5688287 0.1046673
  0.5623075 0.105579
  0.5557755 0.1064483
  0.5492318 0.1072758
  0.5426767 0.1080621
  0.5361113 0.1088073
  0.5295356 0.1095118
  0.5229489 0.110176
  0.5163507 0.1108005
  0.5097417 0.1113857
  0.5031237 0.111932
  0.4964973 0.1124395
  0.4898614 0.1129081
  0.4832134 0.1133388
  0.4765521 0.1137326
  0.4698796 0.1140908
  0.4631998 0.1144137
  0.4565162 0.114701
  0.4498306 0.1149523
  0.4431432 0.1151675
  0.4364528 0.1153464
  0.4297571 0.1154889
  0.4230535 0.1155957
  0.4163413 0.115668
  0.4096224 0.1157068
  0.4029005 0.1157125
  0.3961798 0.1156853
  0.3894655 0.115625
  0.3827609 0.1155306
  0.3760658 0.1154008
  0.3693763 0.1152344
  0.362689 0.1150318
  0.3560051 0.1147936
  0.3493302 0.1145202
  0.3426688 0.1142105
  0.3360202 0.113863
  0.3293794 0.1134765
  0.322743 0.1130515
  0.3161136 0.1125889
  0.3094983 0.112089
  0.302902 0.1115504
  0.2963241 0.1109712
  0.2897596 0.1103498
  0.2832053 0.1096861
  0.276662 0.1089801
  0.2701324 0.1082319
  0.2636175 0.1074406
  0.2571147 0.1066051
  0.2506203 0.105725
  0.2441348 0.1048012
  0.2376642 0.1038353
  0.2312167 0.1028271
  0.2247951 0.101775
  0.2183956 0.1006763
  0.2120126 0.09952993
  0.2056447 0.0983363
  0.1992963 0.09709669
  0.1929739 0.09581131
  0.1866811 0.09447941
  0.1804184 0.09309975
  0.1741853 0.09167142
  0.1679829 0.09019401
  0.161814 0.08866742
  0.1556823 0.08709134
  0.1495915 0.08546546
  0.143545 0.08378941
  0.1375461 0.08206233
  0.1315965 0.08028302
  0.1256975 0.07845034
  0.1198511 0.07656393
  0.1140613 0.07462433
  0.1083341 0.07263265
  0.1026766 0.07058977
  0.09709541 0.06849674
  0.09159726 0.06635489
  0.08619085 0.06416636
  0.08088735 0.06193498
  0.0756998 0.05966573
  0.07064206 0.05736364
  0.06572684 0.05503429
  0.06096548 0.05268423
  0.0563725 0.05032354
  0.05196708 0.04796666
  0.04776887 0.04563002
  0.04379612 0.04332813
  0.04006192 0.0410738
  0.03657148 0.03887789
  0.03332369 0.03674891
  0.03031573 0.03469512
  0.02754183 0.03272384
  0.02499182 0.03083964
  0.02265321 0.02904308
  0.02051265 0.02733192
  0.01855497 0.02570286
  0.01676408 0.02415169
  0.01512438 0.02267352
  0.01362193 0.02126337
  0.01224376 0.01991651
  0.01097781 0.01862839
  0.009813157 0.01739461
  0.008740985 0.01621064
  0.00775373 0.01507242
  0.006844407 0.01397647
  0.006006566 0.01291974
  0.005235239 0.01189912
  0.004526888 0.0109111
  0.003877758 0.009952192
  0.003284068 0.009019142
  0.002742208 0.008109041
  0.002249008 0.007219898
  0.001801869 0.006350755
  0.001398502 0.005501305
  0.001037401 0.004671532
  0.0007230974 0.003860474
  0.000461618 0.003065422
  0.0002572513 0.002282584
  0.0001132666 0.001507723
  2.886795e-05 0.0007390638
  1.121986e-06 -2.37662e-05
  2.868477e-05 -0.0007821586
  0.0001120523 -0.001538594
  0.0002520908 -0.002296952
  0.0004497876 -0.003060469
  0.0007070187 -0.003830023
  0.001025588 -0.004603414
  0.001406262 -0.005376409
  0.001849054 -0.006145176
  0.002353702 -0.006906266
  0.002920091 -0.007656818
  0.003548957 -0.008396038
  0.004241618 -0.009125129
  0.004999127 -0.009845257
  0.005821826 -0.01055736
  0.006710401 -0.01126203
  0.007667878 -0.01195971
  0.008697628 -0.01265121
  0.00980303 -0.0133378
  0.01098805 -0.01402114
  0.01225926 -0.01470223
  0.01362441 -0.01538217
  0.01509184 -0.01606255
  0.01667046 -0.0167455
  0.01837147 -0.01743242
  0.02020823 -0.01812429
  0.02219534 -0.01882272
  0.02434841 -0.01953024
  0.02668521 -0.02024888
  0.02922657 -0.02097853
  0.03199445 -0.02171905
  0.035011 -0.02247072
  0.03829846 -0.02323363
  0.04187819 -0.02400543
  0.04576645 -0.02478317
  0.04997252 -0.02556449
  0.05449953 -0.02634619
  0.05934096 -0.0271219
  0.06447803 -0.02788545
  0.06988541 -0.02863224
  0.07553506 -0.02935665
  0.08139541 -0.03005372
  0.08743727 -0.03072082
  0.0936365 -0.03135685
  0.09996929 -0.03196175
  0.1064127 -0.03253666
  0.1129467 -0.0330821
  0.1195548 -0.0335986
  0.1262249 -0.03408749
  0.1329485 -0.03455026
  0.1397177 -0.03498851
  0.1465249 -0.03540391
  0.1533631 -0.03579741
  0.1602266 -0.03616988
  0.1671106 -0.03652218
  0.1740123 -0.03685483
  0.1809313 -0.03716837
  0.1878692 -0.0374638
  0.1948264 -0.0377428
  0.2018004 -0.03800709
  0.2087859 -0.0382576
  0.2157789 -0.03849426
  0.2227781 -0.03871704
  0.2297845 -0.03892627
  0.236799 -0.03912256
  0.2438212 -0.03930647
  0.2508502 -0.03947846
  0.2578852 -0.0396389
  0.2649259 -0.03978815
  0.2719721 -0.03992662
  0.2790242 -0.04005468
  0.2860826 -0.04017277
  0.2931473 -0.04028147
  0.3002174 -0.04038139
  0.3072905 -0.04047292
  0.3143649 -0.04055586
  0.3214406 -0.04062992
  0.3285188 -0.0406951
  0.3356015 -0.04075185
  0.3426908 -0.04080069
  0.3497884 -0.04084233
  0.3568925 -0.04087769
  0.3639972 -0.04090759
  0.3710958 -0.04093144
  0.378189 -0.04094758
  0.3852864 -0.04095471
  0.3923992 -0.04095455
  0.3995267 -0.0409503
  0.4066556 -0.04094431
  0.4137712 -0.04093454
  0.4208722 -0.0409177
  0.4279697 -0.0408917
  0.4350759 -0.04085802
  0.4421938 -0.04081881
  0.4493186 -0.04077548
  0.4564431 -0.04072807
  0.4635617 -0.04067647
  0.4706706 -0.0406199
  0.4777702 -0.04055677
  0.4848652 -0.04048556
  0.4919622 -0.04040628
  0.4990638 -0.04032016
  0.5061667 -0.04022836
  0.5132655 -0.0401307
  0.520357 -0.04002631
  0.5274415 -0.03991435
  0.5345206 -0.03979438
  0.5415953 -0.03966608
  0.5486653 -0.03952912
  0.5557299 -0.03938312
  0.5627883 -0.03922768
  0.5698396 -0.03906233
  0.576884 -0.03888642
  0.5839236 -0.03869924
  0.5909613 -0.03850057
  0.5979976 -0.03829086
  0.6050293 -0.03807066
  0.6120511 -0.03783953
  0.619061 -0.03759613
  0.6260606 -0.03733909
  0.6330534 -0.03706783
  0.64004 -0.03678235
  0.647018 -0.03648263
  0.6539842 -0.03616789
  0.6609378 -0.03583693
  0.6678808 -0.03548865
  0.6748153 -0.03512263
  0.6817409 -0.03473873
  0.688655 -0.03433668
  0.6955553 -0.03391569
  0.7024412 -0.0334748
  0.7093134 -0.03301312
  0.7161709 -0.03253009
  0.7230098 -0.03202538
  0.7298248 -0.03149799
  0.7366137 -0.03094581
  0.7433795 -0.03036642
  0.7501268 -0.0297584
  0.7568558 -0.02912164
  0.7635605 -0.02845648
  0.7702328 -0.02776147
  0.7768703 -0.0270335
  0.7834775 -0.02626901
  0.7900618 -0.02546575
  0.796628 -0.0246223
  0.8031779 -0.02373752
  0.8097136 -0.02281005
  0.8162412 -0.02183781
  0.8227708 -0.02081868
  0.829314 -0.01975299
  0.8358801 -0.0186419
  0.8424758 -0.0174876
  0.8491022 -0.01629526
  0.8557521 -0.01507216
  0.8624096 -0.01383027
  0.8690507 -0.01258875
  0.8756434 -0.01136867
  0.8821537 -0.01019044
  0.888564 -0.009069826
  0.8948784 -0.008017181
  0.901113 -0.007037049
  0.90728 -0.006131157
  0.9133832 -0.005302185
  0.919422 -0.004553653
  0.9253985 -0.003888863
  0.9313195 -0.003310393
  0.937193 -0.00281967
  0.943021 -0.002417705
  0.9487989 -0.002105766
  0.9545204 -0.001883926
  0.9601896 -0.001750879
  0.9658239 -0.001704818
  0.9714329 -0.001731315
  0.9769682 -0.001804194
  0.9823242 -0.001895482
  0.9873918 -0.001973696
  0.9921144 -0.002013786
  0.9964831 -0.002007189
  1.0 -0.00197
