 NASA/AMES A-02 AIRFOIL
  1.0 0.007
  0.9965384 0.007013811
  0.9923786 0.00705125
  0.9880324 0.007115006
  0.9834935 0.007207777
  0.978756 0.007330723
  0.9738151 0.007484926
  0.9686674 0.00767186
  0.9633107 0.007893117
  0.9577434 0.008150731
  0.9519639 0.008445868
  0.945974 0.008778116
  0.9397811 0.009147227
  0.9333949 0.009553082
  0.9268252 0.0099951
  0.92008 0.01047238
  0.913166 0.0109839
  0.9060909 0.01152828
  0.8988645 0.01210358
  0.8914981 0.01270755
  0.8840044 0.01333799
  0.8763973 0.01399239
  0.8686909 0.01466807
  0.8608993 0.01536326
  0.853035 0.01607666
  0.8451079 0.01680687
  0.837126 0.01754928
  0.8290976 0.01829657
  0.8210317 0.01904117
  0.8129376 0.01977815
  0.8048199 0.02050581
  0.7966776 0.02122314
  0.7885052 0.02193102
  0.7803013 0.02263197
  0.7720716 0.02332802
  0.7638277 0.02401944
  0.7555803 0.02470459
  0.7473357 0.02538206
  0.7390965 0.02605086
  0.7308639 0.0267102
  0.7226393 0.02735929
  0.7144238 0.0279974
  0.7062183 0.02862387
  0.6980229 0.02923809
  0.689837 0.02983963
  0.6816598 0.03042828
  0.6734904 0.03100389
  0.6653276 0.0315663
  0.6571702 0.03211534
  0.6490169 0.03265086
  0.6408664 0.03317278
  0.6327172 0.03368122
  0.6245682 0.03417633
  0.6164184 0.03465822
  0.6082669 0.035127
  0.6001131 0.03558277
  0.5919563 0.03602562
  0.5837964 0.03645568
  0.5756329 0.03687309
  0.5674659 0.037278
  0.5592953 0.03767053
  0.5511211 0.0380508
  0.5429437 0.03841894
  0.5347633 0.03877501
  0.5265802 0.03911907
  0.5183947 0.03945119
  0.5102069 0.03977143
  0.502017 0.04007986
  0.4938252 0.04037653
  0.4856318 0.04066148
  0.4774372 0.0409347
  0.469242 0.04119618
  0.4610471 0.04144591
  0.4528538 0.04168387
  0.4446633 0.04191003
  0.436477 0.04212425
  0.4282958 0.04232629
  0.4201198 0.04251594
  0.4119485 0.042693
  0.403781 0.0428573
  0.3956155 0.04300866
  0.3874502 0.04314714
  0.379284 0.043273
  0.3711174 0.04338645
  0.3629519 0.04348772
  0.3547904 0.04357703
  0.3466372 0.04365458
  0.338497 0.0437202
  0.3303741 0.04377321
  0.322271 0.04381299
  0.3141891 0.0438389
  0.3061281 0.04385035
  0.2980866 0.04384675
  0.2900621 0.04382779
  0.2820535 0.04379374
  0.274062 0.04374494
  0.2660913 0.04368176
  0.2581474 0.0436046
  0.2502383 0.04351394
  0.2423742 0.04341005
  0.2345659 0.04329197
  0.2268239 0.04315854
  0.2191585 0.04300876
  0.211579 0.0428418
  0.2040941 0.042657
  0.1967117 0.04245388
  0.1894396 0.0422326
  0.1822886 0.04199402
  0.1752728 0.04173932
  0.1684074 0.04146951
  0.1617066 0.04118391
  0.1551806 0.0408817
  0.1488362 0.04056244
  0.1426773 0.04022649
  0.1367083 0.03987566
  0.1309344 0.03951208
  0.125361 0.03913803
  0.119992 0.03875541
  0.1148302 0.03836462
  0.1098773 0.03796594
  0.1051328 0.03756005
  0.1005944 0.03714782
  0.09625737 0.03673027
  0.09211541 0.0363085
  0.08816044 0.03588357
  0.08438355 0.03545608
  0.08077575 0.0350263
  0.07732812 0.03459458
  0.07403196 0.03416127
  0.07087891 0.03372677
  0.06786094 0.03329144
  0.06497038 0.0328554
  0.06219994 0.0324187
  0.05954268 0.03198141
  0.05699201 0.03154359
  0.05454179 0.03110514
  0.05218629 0.030666
  0.04992007 0.03022619
  0.04773807 0.02978566
  0.04563565 0.02934412
  0.04360847 0.02890132
  0.04165242 0.02845707
  0.03976366 0.02801128
  0.03793864 0.02756375
  0.03617421 0.02711404
  0.0344674 0.02666176
  0.03281538 0.0262066
  0.03121548 0.02574834
  0.02966518 0.02528681
  0.0281622 0.02482174
  0.02670458 0.02435256
  0.02529045 0.02387878
  0.02391804 0.0234
  0.02258564 0.02291591
  0.02129162 0.02242626
  0.02003443 0.02193085
  0.01881277 0.02142939
  0.01762599 0.02092096
  0.01647359 0.02040462
  0.01535499 0.01987955
  0.01426958 0.01934503
  0.01321673 0.01880046
  0.01219577 0.01824533
  0.01120606 0.01767918
  0.01024692 0.01710162
  0.009317926 0.0165122
  0.008420605 0.01590936
  0.007557196 0.01529101
  0.006729576 0.01465518
  0.005939326 0.01399996
  0.005187806 0.01332352
  0.004476373 0.01262407
  0.003807663 0.01190016
  0.003185028 0.01115094
  0.002611728 0.01037621
  0.00209008 0.009576548
  0.001622159 0.008753145
  0.001211646 0.007908076
  0.0008624311 0.007043624
  0.0005718898 0.006163575
  0.0003517706 0.005267588
  0.000187119 0.004363381
  7.616349e-05 0.003454294
  1.142082e-05 0.002541626
  -1.603741e-05 0.001626695
  -1.497434e-05 0.0007110645
  5.968149e-06 -0.00020345
  4.467685e-05 -0.001115165
  0.0001126222 -0.002023165
  0.00022301 -0.002926831
  0.000406961 -0.003818216
  0.000708464 -0.004679122
  0.001103075 -0.005505979
  0.001585324 -0.006293307
  0.002145484 -0.007036852
  0.002773782 -0.007734663
  0.003460434 -0.00839015
  0.004199177 -0.009004704
  0.004984764 -0.009580456
  0.005810219 -0.01012369
  0.006673028 -0.01063823
  0.007571805 -0.01112721
  0.00850487 -0.01159396
  0.009470146 -0.01204209
  0.01046511 -0.01247544
  0.01148861 -0.01289645
  0.01254141 -0.01330569
  0.01362441 -0.01370377
  0.01473854 -0.01409139
  0.0158847 -0.01446939
  0.01706385 -0.01483874
  0.01827691 -0.01520061
  0.01952478 -0.01555637
  0.02080836 -0.01590754
  0.02212902 -0.01625491
  0.02348852 -0.01659866
  0.02488877 -0.01693902
  0.02633179 -0.01727627
  0.02781972 -0.01761077
  0.02935485 -0.01794299
  0.03093962 -0.0182735
  0.03257676 -0.01860265
  0.03426926 -0.01893066
  0.03602034 -0.01925781
  0.03783343 -0.01958443
  0.03971219 -0.01991098
  0.04166056 -0.02023795
  0.04368284 -0.02056563
  0.04578371 -0.02089427
  0.04796816 -0.02122415
  0.05024156 -0.02155569
  0.05260966 -0.02188926
  0.0550787 -0.02222498
  0.05765538 -0.0225629
  0.06034688 -0.02290315
  0.0631609 -0.02324584
  0.0661057 -0.02359105
  0.06918995 -0.02393886
  0.07242275 -0.02428939
  0.07581366 -0.0246425
  0.07937262 -0.0249979
  0.08311 -0.02535532
  0.08703636 -0.02571472
  0.09116209 -0.02607627
  0.09549706 -0.02643974
  0.1000499 -0.0268039
  0.104827 -0.02716725
  0.109832 -0.02752879
  0.1150657 -0.0278877
  0.1205257 -0.02824335
  0.1262079 -0.02859542
  0.1321066 -0.0289433
  0.1382152 -0.02928506
  0.1445247 -0.02961853
  0.1510258 -0.0299416
  0.1577098 -0.03025272
  0.164567 -0.03055151
  0.1715849 -0.03083801
  0.1787484 -0.03111248
  0.1860409 -0.03137441
  0.1934463 -0.03162247
  0.2009509 -0.03185551
  0.2085445 -0.03207279
  0.2162178 -0.03227432
  0.2239614 -0.03246032
  0.2317656 -0.03263113
  0.2396203 -0.03278724
  0.2475154 -0.03292924
  0.2554411 -0.03305773
  0.2633884 -0.03317247
  0.2713498 -0.03327272
  0.27932 -0.03335777
  0.2872959 -0.03342698
  0.2952763 -0.03347976
  0.3032626 -0.03351552
  0.3112576 -0.0335341
  0.3192637 -0.0335359
  0.3272825 -0.0335213
  0.3353141 -0.03349071
  0.3433576 -0.03344452
  0.3514107 -0.03338318
  0.3594704 -0.03330696
  0.3675335 -0.03321574
  0.3755978 -0.03310933
  0.3836624 -0.03298756
  0.3917272 -0.03285023
  0.3997931 -0.03269714
  0.4078623 -0.03252811
  0.4159369 -0.03234331
  0.424019 -0.032143
  0.43211 -0.03192742
  0.4402107 -0.03169684
  0.4483217 -0.03145153
  0.4564429 -0.03119177
  0.4645741 -0.03091782
  0.4727148 -0.03062997
  0.480865 -0.03032846
  0.4890246 -0.03001358
  0.4971934 -0.02968558
  0.5053717 -0.02934473
  0.5135595 -0.02899129
  0.5217569 -0.0286255
  0.5299641 -0.02824762
  0.5381811 -0.02785791
  0.5464078 -0.02745663
  0.5546444 -0.02704404
  0.5628906 -0.02662038
  0.5711464 -0.0261859
  0.5794119 -0.02574082
  0.587687 -0.02528537
  0.5959716 -0.02481978
  0.6042659 -0.02434429
  0.6125699 -0.02385915
  0.6208841 -0.02336463
  0.6292088 -0.02286097
  0.6375452 -0.0223484
  0.6458942 -0.02182714
  0.6542575 -0.02129739
  0.6626364 -0.02075957
  0.671032 -0.02021432
  0.6794446 -0.01966237
  0.6878733 -0.01910452
  0.6963168 -0.01854163
  0.7047725 -0.01797461
  0.713237 -0.01740442
  0.7217049 -0.01683208
  0.7301694 -0.01625878
  0.7386231 -0.01568644
  0.747062 -0.01511728
  0.7554864 -0.01455314
  0.7638979 -0.01399466
  0.7722944 -0.01344203
  0.7806694 -0.01289586
  0.7890164 -0.01235863
  0.7973376 -0.01183336
  0.8056449 -0.01132215
  0.813954 -0.0108234
  0.8222736 -0.0103338
  0.830603 -0.009850562
  0.8389346 -0.009371254
  0.84726 -0.008893478
  0.8555706 -0.008415023
  0.8638572 -0.007935916
  0.8721076 -0.007457749
  0.8803061 -0.006982256
  0.8884345 -0.006510686
  0.8964726 -0.006043984
  0.9043991 -0.005583175
  0.9121925 -0.005129512
  0.9198306 -0.004684424
  0.9272924 -0.00424929
  0.9345572 -0.003825431
  0.9415999 -0.003414386
  0.9483924 -0.003017854
  0.9549091 -0.002637369
  0.9611326 -0.002273816
  0.9670563 -0.001927377
  0.9726797 -0.001597941
  0.9780058 -0.001285754
  0.9830423 -0.00099113
  0.9877998 -0.0007133872
  0.9922892 -0.0004513868
  0.9965231 -0.0002038702
  1.0 0.0
