  AQUILA 9.3% smoothed
  1.0 0.0
  0.9969465 0.0005227676
  0.9928954 0.001214254
  0.9882347 0.002012773
  0.9829513 0.002906916
  0.9770254 0.003897054
  0.9707121 0.004954486
  0.9646966 0.005964989
  0.958855 0.00694872
  0.9530561 0.00792737
  0.947207 0.008916388
  0.9412369 0.00992753
  0.9350946 0.0109693
  0.9287553 0.0120457
  0.9223485 0.01313451
  0.9160532 0.01420522
  0.9098194 0.01526638
  0.9036041 0.01632538
  0.8973747 0.01738781
  0.8911075 0.01845784
  0.8847871 0.01953819
  0.878407 0.02063009
  0.8719712 0.02173299
  0.8655169 0.02284042
  0.8590858 0.02394483
  0.8526652 0.02504792
  0.8462435 0.02615119
  0.8398122 0.02725565
  0.8333655 0.02836179
  0.8269034 0.02946916
  0.8204512 0.0305729
  0.8140135 0.03167183
  0.8075858 0.03276645
  0.8011643 0.03385723
  0.7947458 0.03494451
  0.7883278 0.03602852
  0.7819086 0.03710936
  0.7754869 0.03818703
  0.7690622 0.0392614
  0.7626348 0.04033224
  0.7562054 0.0413992
  0.7497753 0.04246183
  0.7433458 0.04351966
  0.7369178 0.04457224
  0.730492 0.04561919
  0.724069 0.04666016
  0.717649 0.04769482
  0.7112321 0.04872291
  0.7048182 0.04974419
  0.6984069 0.05075844
  0.6919978 0.05176547
  0.6855907 0.05276506
  0.6791852 0.05375698
  0.6727811 0.054741
  0.6663784 0.05571688
  0.6599769 0.05668438
  0.6535766 0.05764323
  0.6471775 0.05859317
  0.6407797 0.05953391
  0.6343832 0.06046516
  0.6279881 0.06138665
  0.6215945 0.06229807
  0.6152026 0.06319915
  0.6088124 0.06408959
  0.6024241 0.0649691
  0.5960379 0.0658374
  0.5896538 0.06669412
  0.583272 0.06753889
  0.5768927 0.06837133
  0.5705157 0.06919105
  0.5641412 0.06999768
  0.5577692 0.07079086
  0.5513996 0.07157024
  0.5450324 0.07233546
  0.5386675 0.07308617
  0.5323048 0.07382203
  0.5259442 0.07454271
  0.5195857 0.07524786
  0.5132294 0.07593714
  0.5068751 0.07661021
  0.500523 0.07726673
  0.494173 0.07790636
  0.4878251 0.07852875
  0.4814796 0.07913352
  0.4751364 0.07972027
  0.4687957 0.08028861
  0.4624576 0.08083816
  0.4561222 0.08136852
  0.4497898 0.0818793
  0.4434604 0.08237013
  0.4371343 0.08284062
  0.4308116 0.08329035
  0.4244925 0.08371888
  0.4181772 0.08412576
  0.4118656 0.08451057
  0.4055577 0.08487287
  0.3992535 0.08521224
  0.3929527 0.08552826
  0.3866552 0.08582053
  0.3803609 0.08608867
  0.3740698 0.08633234
  0.3677818 0.08655117
  0.3614972 0.08674481
  0.3552163 0.08691288
  0.3489393 0.08705504
  0.3426667 0.08717091
  0.3363989 0.08726006
  0.3301365 0.08732202
  0.3238797 0.08735628
  0.3176287 0.08736239
  0.3113835 0.08733988
  0.3051443 0.08728826
  0.2989112 0.08720702
  0.2926845 0.08709564
  0.2864647 0.08695363
  0.2802523 0.0867805
  0.2740482 0.08657578
  0.2678534 0.08633898
  0.2616687 0.08606936
  0.2554952 0.08576608
  0.249334 0.08542835
  0.2431859 0.0850554
  0.2370518 0.08464648
  0.2309325 0.08420085
  0.2248289 0.08371762
  0.2187422 0.08319567
  0.2126734 0.08263392
  0.2066238 0.08203132
  0.2005947 0.08138689
  0.1945875 0.08069969
  0.1886036 0.07996882
  0.1826447 0.07919305
  0.1767121 0.07837105
  0.1708073 0.0775015
  0.1649311 0.07658312
  0.1590846 0.07561467
  0.1532684 0.07459484
  0.147484 0.07352222
  0.1417327 0.07239547
  0.1360166 0.07121342
  0.1303378 0.06997503
  0.1246985 0.06867942
  0.1191015 0.06732567
  0.1135492 0.06591262
  0.1080436 0.06443908
  0.102586 0.0629038
  0.0971774 0.06130548
  0.0918181 0.05964275
  0.08650913 0.0579139
  0.08125485 0.05611745
  0.07606296 0.0542533
  0.07094398 0.05232297
  0.06591066 0.05032968
  0.06097719 0.04827832
  0.05615845 0.0461751
  0.05146978 0.04402575
  0.04692506 0.04183618
  0.042537 0.03961309
  0.03832832 0.03736824
  0.03433406 0.03512336
  0.03058971 0.03290578
  0.02712411 0.03074221
  0.02395433 0.02865528
  0.02108445 0.02665689
  0.01850426 0.02475218
  0.01619701 0.02294295
  0.01414365 0.02122998
  0.01232095 0.01961181
  0.01070393 0.0180851
  0.009271141 0.01664858
  0.008006416 0.01530062
  0.006890876 0.01403189
  0.005902104 0.01282802
  0.005014077 0.01167446
  0.004209106 0.01056691
  0.003476673 0.009507843
  0.002810783 0.0085013
  0.002217548 0.007550578
  0.001700299 0.006652822
  0.001256842 0.00580159
  0.0008833077 0.004989801
  0.0005758378 0.004210803
  0.00033125 0.003458654
  0.0001472765 0.002728087
  2.264843e-05 0.002014379
  -4.285026e-05 0.001313183
  -4.829972e-05 0.0006203535
  8.509605e-06 -6.824318e-05
  0.00012964 -0.0007555939
  0.0003138213 -0.001440661
  0.0005603776 -0.002121065
  0.0008699471 -0.002793582
  0.001244375 -0.003453857
  0.001686678 -0.004096003
  0.002201048 -0.004712011
  0.002792852 -0.005290918
  0.003468536 -0.00581766
  0.004233622 -0.006280354
  0.005089366 -0.006684622
  0.006034196 -0.007042105
  0.007062055 -0.007369985
  0.008170324 -0.007679848
  0.009369694 -0.007967776
  0.01067683 -0.008228018
  0.01211318 -0.008458759
  0.0137017 -0.008664438
  0.01546724 -0.008849585
  0.01744047 -0.009012434
  0.01965859 -0.009151815
  0.02217016 -0.009269202
  0.02503612 -0.009362501
  0.02832593 -0.009428637
  0.03211495 -0.009465171
  0.03645661 -0.009470806
  0.04134253 -0.009444722
  0.04669245 -0.009389731
  0.05242314 -0.009314343
  0.0584769 -0.009223835
  0.06477743 -0.009123777
  0.07123622 -0.009018322
  0.07776881 -0.008910521
  0.08431027 -0.008803277
  0.09082494 -0.008699022
  0.09730844 -0.008599544
  0.1037768 -0.00850525
  0.1102457 -0.008415819
  0.1167256 -0.008331024
  0.1232218 -0.008250733
  0.1297344 -0.008174875
  0.1362592 -0.008103206
  0.1427917 -0.00803523
  0.1493289 -0.007970414
  0.1558688 -0.007908202
  0.1624111 -0.007848027
  0.1689561 -0.007789418
  0.1755046 -0.007732059
  0.1820567 -0.007675647
  0.188612 -0.007619884
  0.1951699 -0.007564475
  0.201729 -0.007509182
  0.2082884 -0.007453865
  0.2148471 -0.007398393
  0.2214048 -0.007342629
  0.2279611 -0.007286438
  0.2345162 -0.007229681
  0.2410703 -0.007172256
  0.247624 -0.007114159
  0.2541776 -0.0070554
  0.2607315 -0.006995988
  0.2672859 -0.006935934
  0.273841 -0.006875247
  0.280397 -0.006813956
  0.286954 -0.006752135
  0.293512 -0.006689875
  0.3000709 -0.006627262
  0.3066305 -0.006564387
  0.3131906 -0.006501341
  0.3197508 -0.006438213
  0.3263108 -0.006375085
  0.3328705 -0.006312038
  0.3394296 -0.006249149
  0.3459883 -0.006186496
  0.3525468 -0.006124136
  0.3591053 -0.006062041
  0.3656639 -0.006000149
  0.3722229 -0.005938401
  0.3787823 -0.005876738
  0.3853421 -0.0058151
  0.3919023 -0.00575343
  0.3984629 -0.005691677
  0.4050235 -0.005629843
  0.4115843 -0.005567957
  0.4181451 -0.005506048
  0.4247058 -0.005444142
  0.4312665 -0.005382269
  0.4378272 -0.005320455
  0.4443878 -0.005258725
  0.4509484 -0.005197081
  0.4575091 -0.005135509
  0.4640699 -0.005073995
  0.4706308 -0.005012524
  0.4771918 -0.004951083
  0.483753 -0.004889658
  0.4903143 -0.004828234
  0.4968756 -0.0047668
  0.5034371 -0.004705348
  0.5099986 -0.004643878
  0.5165601 -0.004582391
  0.5231216 -0.004520886
  0.5296831 -0.004459362
  0.5362445 -0.004397821
  0.5428059 -0.004336262
  0.5493673 -0.004274684
  0.5559286 -0.004213094
  0.5624898 -0.004151503
  0.569051 -0.004089924
  0.5756121 -0.004028371
  0.5821731 -0.003966855
  0.588734 -0.00390539
  0.5952949 -0.003843989
  0.6018555 -0.003782664
  0.608416 -0.003721407
  0.6149764 -0.003660172
  0.6215365 -0.003598911
  0.6280964 -0.003537573
  0.634656 -0.00347611
  0.6412153 -0.003414473
  0.6477743 -0.003352613
  0.6543328 -0.00329048
  0.6608908 -0.003228058
  0.6674484 -0.003165409
  0.6740055 -0.003102606
  0.6805623 -0.003039724
  0.687119 -0.002976835
  0.6936758 -0.002914012
  0.7002331 -0.002851326
  0.7067912 -0.002788848
  0.7133505 -0.002726631
  0.7199114 -0.00266466
  0.7264719 -0.002602925
  0.733031 -0.002541408
  0.739589 -0.002480075
  0.7461468 -0.002418893
  0.7527052 -0.002357822
  0.7592656 -0.002296824
  0.7658248 -0.002235898
  0.7723791 -0.00217504
  0.7789281 -0.002114218
  0.785472 -0.00205339
  0.7920117 -0.001992509
  0.7985491 -0.001931519
  0.8050868 -0.001870357
  0.8116281 -0.001808952
  0.8181773 -0.001747228
  0.8247346 -0.001685146
  0.8312782 -0.001622931
  0.8378032 -0.001560679
  0.8443115 -0.00149842
  0.8508082 -0.00143615
  0.8573017 -0.001373837
  0.8638034 -0.001311417
  0.8703281 -0.001248793
  0.876875 -0.001186016
  0.8833713 -0.00112374
  0.8898013 -0.001061995
  0.8961695 -0.001000623
  0.9024911 -0.0009393695
  0.9087901 -0.0008778926
  0.9151003 -0.0008157526
  0.9214661 -0.0007523862
  0.9279454 -0.0006870733
  0.9343964 -0.000621323
  0.9406382 -0.0005575671
  0.9466933 -0.0004961494
  0.9526153 -0.0004370139
  0.958479 -0.0003798662
  0.9643827 -0.0003242342
  0.970466 -0.0002694359
  0.9768599 -0.0002151927
  0.9828383 -0.0001673569
  0.9881425 -0.0001120229
  0.9928168 -6.433056e-05
  0.9969057 -2.784762e-05
  1.0 0.0
