AS5045 (15%)
  1.0 0.00125
  0.9966732 0.002001833
  0.992564 0.002901803
  0.988126 0.003795408
  0.9832985 0.004714178
  0.9781167 0.005689859
  0.9726813 0.006691892
  0.9670491 0.007685902
  0.9612226 0.008661029
  0.9551969 0.009613509
  0.9489681 0.01054349
  0.9425401 0.01145878
  0.93593 0.01236849
  0.929168 0.01327728
  0.9222867 0.01418497
  0.9153143 0.01509245
  0.9082731 0.01600136
  0.901182 0.01691322
  0.8940584 0.01782992
  0.8869168 0.01875333
  0.8797692 0.01968362
  0.8726247 0.02062069
  0.8654893 0.0215648
  0.8583665 0.02251656
  0.8512579 0.02347688
  0.8441639 0.02444682
  0.837084 0.02542758
  0.8300163 0.02642038
  0.8229597 0.02742599
  0.8159141 0.02844485
  0.8088813 0.02947719
  0.8018646 0.03052298
  0.7948678 0.03158263
  0.7878934 0.03265726
  0.780941 0.0337484
  0.7740079 0.03485793
  0.7670892 0.03598807
  0.7601784 0.03714013
  0.75327 0.03831454
  0.7463599 0.03951153
  0.7394457 0.04073111
  0.7325264 0.04197302
  0.7256021 0.04323663
  0.7186728 0.04452112
  0.7117379 0.04582577
  0.7047965 0.04714992
  0.6978471 0.04849303
  0.6908882 0.04985463
  0.6839209 0.05123388
  0.6769502 0.05262918
  0.6699848 0.05403805
  0.6630376 0.05545717
  0.656124 0.05688087
  0.649257 0.0582978
  0.642444 0.05969661
  0.6356871 0.0610675
  0.6289841 0.06240212
  0.6223285 0.06369366
  0.6157123 0.06493972
  0.6091269 0.06614031
  0.6025633 0.06729548
  0.5960117 0.0684052
  0.5894615 0.06946935
  0.5829021 0.07048878
  0.5763249 0.07146621
  0.5697244 0.07240397
  0.563099 0.07330379
  0.5564502 0.07416695
  0.5497836 0.07499417
  0.5431055 0.07578488
  0.5364204 0.07653834
  0.5297303 0.07725417
  0.5230345 0.0779323
  0.5163294 0.07857288
  0.5096099 0.07917686
  0.5028714 0.07974586
  0.4961106 0.08028136
  0.4893263 0.08078466
  0.4825188 0.08125696
  0.4756901 0.08169922
  0.4688431 0.08211199
  0.4619804 0.08249578
  0.4551049 0.08285117
  0.4482189 0.08317878
  0.441325 0.08347923
  0.4344253 0.08375266
  0.4275214 0.08399903
  0.4206145 0.08421831
  0.4137052 0.08441052
  0.4067937 0.08457568
  0.3998797 0.08471387
  0.3929635 0.08482516
  0.3860455 0.08490964
  0.3791269 0.08496739
  0.3722093 0.0849985
  0.3652944 0.08500289
  0.3583839 0.08498023
  0.3514785 0.08493019
  0.3445786 0.08485243
  0.3376836 0.08474661
  0.3307928 0.08461248
  0.3239055 0.08444993
  0.3170218 0.08425888
  0.3101427 0.08403927
  0.3032698 0.08379111
  0.2964054 0.0835142
  0.2895513 0.08320802
  0.282709 0.08287205
  0.2758794 0.08250571
  0.2690627 0.08210846
  0.2622586 0.08167973
  0.2554675 0.08121899
  0.24869 0.0807258
  0.2419276 0.08019973
  0.2351822 0.07964043
  0.2284558 0.07904727
  0.2217502 0.07841947
  0.2150667 0.07775621
  0.2084061 0.0770567
  0.2017687 0.07632012
  0.1951553 0.07554573
  0.1885675 0.07473293
  0.1820076 0.07388126
  0.1754788 0.07299038
  0.1689847 0.0720596
  0.1625294 0.07108813
  0.1561171 0.07007535
  0.1497523 0.06902083
  0.1434396 0.06792382
  0.1371841 0.06678341
  0.1309915 0.065599
  0.1248673 0.06437032
  0.1188179 0.06309687
  0.1128512 0.06177823
  0.106976 0.06041475
  0.1012021 0.05900752
  0.09553962 0.05755769
  0.08999856 0.0560665
  0.08458783 0.05453579
  0.0793152 0.05296796
  0.07419144 0.05136691
  0.06923441 0.04973994
  0.06446555 0.04809726
  0.05990564 0.04644957
  0.05557035 0.04480296
  0.05146534 0.04316121
  0.04758805 0.04152704
  0.04393113 0.03990316
  0.04048977 0.0382959
  0.03726315 0.03671428
  0.03424987 0.03516754
  0.03144575 0.03366307
  0.02884444 0.03220235
  0.02643512 0.03078352
  0.02420377 0.02940392
  0.02213529 0.0280606
  0.02021511 0.02675058
  0.01843152 0.02547156
  0.01677526 0.02422253
  0.015238 0.02300322
  0.01381188 0.02181364
  0.01248923 0.02065376
  0.01126315 0.01952312
  0.01012799 0.01841992
  0.009077429 0.01734152
  0.008104992 0.01628499
  0.007204474 0.0152474
  0.00637018 0.01422593
  0.005597014 0.01321797
  0.004880917 0.0122218
  0.004219296 0.01123741
  0.003610382 0.01026591
  0.003052716 0.009309103
  0.002544832 0.008369085
  0.002085068 0.007448011
  0.001671484 0.006547863
  0.001302991 0.005670124
  0.0009804935 0.004814626
  0.0007040453 0.003979415
  0.0004730802 0.00316149
  0.0002869479 0.002357274
  0.0001452546 0.001562848
  4.80969e-05 0.0007740189
  -3.743002e-06 -1.373264e-05
  -8.671892e-06 -0.0008036896
  3.575562e-05 -0.001594508
  0.0001330966 -0.002383521
  0.0002881039 -0.003167346
  0.0005068302 -0.003941671
  0.0007967846 -0.00470097
  0.001167112 -0.00543815
  0.001624959 -0.006148012
  0.002169697 -0.006833085
  0.002799241 -0.007497265
  0.003510724 -0.00814484
  0.004299814 -0.008780689
  0.00515971 -0.009410525
  0.006079738 -0.01004112
  0.007050738 -0.01067796
  0.00807519 -0.01132194
  0.009157594 -0.01197352
  0.01030297 -0.01263349
  0.01151706 -0.01330314
  0.01280665 -0.0139845
  0.01418019 -0.01468075
  0.01564831 -0.01539628
  0.01722246 -0.01613438
  0.01891515 -0.01689803
  0.02074055 -0.01769071
  0.02271429 -0.01851643
  0.02485302 -0.01937979
  0.02717331 -0.02028574
  0.02969295 -0.02123801
  0.03243153 -0.0222386
  0.03540731 -0.02328861
  0.03863664 -0.02438841
  0.04213586 -0.02553874
  0.04592349 -0.02674057
  0.05001368 -0.02799272
  0.05441046 -0.02929166
  0.05910494 -0.03063156
  0.06407624 -0.03200299
  0.06929374 -0.03339188
  0.07472124 -0.03478377
  0.08032677 -0.03616684
  0.08608769 -0.03753294
  0.09198313 -0.03887553
  0.09799273 -0.04018911
  0.1040986 -0.0414696
  0.1102861 -0.04271388
  0.1165425 -0.04391972
  0.1228579 -0.04508589
  0.1292255 -0.04621199
  0.1356407 -0.04729808
  0.1420996 -0.04834445
  0.1485992 -0.0493517
  0.1551372 -0.05032062
  0.161712 -0.05125223
  0.1683217 -0.05214759
  0.1749644 -0.05300781
  0.1816379 -0.05383405
  0.18834 -0.05462714
  0.1950682 -0.05538781
  0.2018197 -0.05611679
  0.2085915 -0.05681488
  0.2153804 -0.0574826
  0.222184 -0.05812009
  0.2290005 -0.05872758
  0.235829 -0.05930542
  0.2426697 -0.05985404
  0.2495228 -0.06037393
  0.2563877 -0.06086558
  0.2632629 -0.06132938
  0.2701457 -0.06176572
  0.2770324 -0.06217477
  0.28392 -0.06255617
  0.2908069 -0.06290951
  0.2976935 -0.06323449
  0.304582 -0.06353091
  0.3114759 -0.06379881
  0.3183785 -0.0640389
  0.325291 -0.06425187
  0.3322124 -0.06443836
  0.33914 -0.06459899
  0.346069 -0.06473406
  0.3529951 -0.06484317
  0.3599163 -0.06492584
  0.3668328 -0.06498163
  0.3737471 -0.06501012
  0.3806637 -0.06501106
  0.3875866 -0.06498498
  0.3945172 -0.06493257
  0.4014535 -0.06485456
  0.4083905 -0.06475177
  0.4153202 -0.06462489
  0.4222337 -0.06447291
  0.4291245 -0.06429418
  0.4359891 -0.06408706
  0.4428269 -0.06384989
  0.4496396 -0.06358103
  0.4564311 -0.06327935
  0.4632052 -0.06294422
  0.4699654 -0.06257498
  0.4767151 -0.06217092
  0.4834572 -0.06173128
  0.4901941 -0.06125541
  0.4969269 -0.06074302
  0.5036539 -0.0601941
  0.5103709 -0.05960887
  0.5170713 -0.05898788
  0.5237462 -0.05833187
  0.5303872 -0.05764016
  0.5369914 -0.05691091
  0.5435622 -0.0561417
  0.5501083 -0.05532935
  0.5566441 -0.05446973
  0.5631883 -0.05355983
  0.5697583 -0.05260014
  0.5763655 -0.05159205
  0.5830156 -0.0505378
  0.5897073 -0.04944078
  0.5964323 -0.04830551
  0.6031786 -0.04713529
  0.6099375 -0.04593212
  0.6167051 -0.04469732
  0.6234823 -0.04343133
  0.6302752 -0.04213371
  0.6370939 -0.04080582
  0.6439469 -0.03945297
  0.6508373 -0.03808194
  0.6577624 -0.03670096
  0.6647129 -0.03531973
  0.6716735 -0.03394831
  0.678628 -0.03259309
  0.6855652 -0.03125836
  0.6924801 -0.02994718
  0.6993735 -0.02866139
  0.7062514 -0.02740177
  0.7131228 -0.02616732
  0.719995 -0.0249566
  0.7268719 -0.02376869
  0.7337548 -0.02260327
  0.7406417 -0.02146052
  0.7475282 -0.02034122
  0.7544104 -0.01924665
  0.7612862 -0.01817775
  0.7681562 -0.01713509
  0.7750231 -0.01611892
  0.7818917 -0.01512908
  0.7887664 -0.0141646
  0.7956493 -0.0132247
  0.8025391 -0.01230898
  0.8094319 -0.01141743
  0.8163205 -0.01055056
  0.8231975 -0.009710226
  0.8300587 -0.008898418
  0.836903 -0.008116634
  0.8437329 -0.007365987
  0.8505533 -0.006647037
  0.8573687 -0.005959476
  0.8641801 -0.005303176
  0.870985 -0.004678351
  0.8777771 -0.004085526
  0.8845484 -0.003526265
  0.8912937 -0.003002685
  0.8980112 -0.002516521
  0.9047026 -0.002069174
  0.9113712 -0.001661033
  0.9180148 -0.001291603
  0.9246233 -0.0009606338
  0.93118 -0.0006681092
  0.9376626 -0.0004156078
  0.9440468 -0.0002053768
  0.9503078 -3.889258e-05
  0.9564205 8.230836e-05
  0.9623526 0.0001560959
  0.9680667 0.000181835
  0.9735288 0.0001576266
  0.9787166 7.825732e-05
  0.9836221 -5.863452e-05
  0.9882456 -0.0002569956
  0.992589 -0.0005208562
  0.9966606 -0.0008637174
  1.0 -0.00125
