B-29 ROOT AIRFOIL
  1.0 0.0
  0.9953226 0.0008796813
  0.989738 0.001941909
  0.9839389 0.003058705
  0.9779148 0.004233696
  0.9716565 0.005470448
  0.9651566 0.006772305
  0.9584108 0.008142149
  0.9514191 0.009582109
  0.9441872 0.01109311
  0.9367262 0.01267419
  0.9290512 0.01432303
  0.9211798 0.01603638
  0.9131308 0.01781038
  0.9049228 0.01964092
  0.8965719 0.02152403
  0.888091 0.02345649
  0.8794925 0.02543534
  0.8707891 0.02745738
  0.8619937 0.02951922
  0.8531186 0.03161737
  0.8441755 0.03374835
  0.8351751 0.03590882
  0.8261265 0.03809567
  0.817037 0.04030612
  0.807912 0.04253778
  0.7987549 0.04478872
  0.7895668 0.04705747
  0.7803484 0.04934252
  0.7711012 0.05164212
  0.7618277 0.05395422
  0.7525317 0.05627647
  0.7432178 0.05860619
  0.7338918 0.06094044
  0.7245607 0.06327597
  0.7152325 0.06560926
  0.705916 0.06793657
  0.6966211 0.07025395
  0.6873579 0.07255679
  0.6781353 0.07483987
  0.6689606 0.07709844
  0.6598394 0.07932829
  0.6507756 0.08152574
  0.6417717 0.08368763
  0.6328289 0.08581128
  0.6239471 0.08789441
  0.6151252 0.08993515
  0.6063609 0.09193194
  0.5976511 0.09388352
  0.5889924 0.09578902
  0.5803812 0.09764794
  0.5718147 0.09945975
  0.5632903 0.1012239
  0.5548059 0.1029397
  0.5463597 0.1046065
  0.5379501 0.1062235
  0.5295757 0.10779
  0.5212357 0.1093052
  0.5129293 0.1107682
  0.5046559 0.1121783
  0.4964152 0.1135347
  0.4882072 0.1148364
  0.4800321 0.1160822
  0.4718906 0.1172713
  0.4637833 0.1184025
  0.4557112 0.1194749
  0.4476751 0.1204875
  0.4396764 0.1214395
  0.4317164 0.1223299
  0.4237964 0.1231581
  0.415918 0.1239234
  0.4080828 0.1246252
  0.4002925 0.1252629
  0.3925488 0.1258361
  0.3848537 0.1263439
  0.3772088 0.1267853
  0.3696149 0.1271596
  0.3620724 0.127466
  0.3545811 0.1277041
  0.3471404 0.1278731
  0.3397493 0.1279726
  0.3324064 0.128002
  0.3251099 0.1279609
  0.3178579 0.1278486
  0.3106481 0.1276644
  0.3034779 0.1274077
  0.2963445 0.1270778
  0.2892454 0.1266745
  0.2821793 0.1261987
  0.2751465 0.1256514
  0.2681491 0.1250336
  0.2611903 0.1243468
  0.254275 0.1235924
  0.247409 0.1227723
  0.2405992 0.121888
  0.2338519 0.1209398
  0.2271715 0.119928
  0.220561 0.1188527
  0.2140219 0.1177143
  0.2075544 0.1165127
  0.2011577 0.1152478
  0.1948297 0.1139195
  0.1885688 0.1125302
  0.1823751 0.1110834
  0.1762515 0.1095836
  0.1702029 0.1080356
  0.1642362 0.1064448
  0.1583594 0.1048174
  0.1525813 0.1031597
  0.1469112 0.1014785
  0.1413588 0.09977834
  0.135934 0.09806233
  0.1306453 0.09633359
  0.1254995 0.09459543
  0.1205021 0.09285116
  0.1156567 0.09110403
  0.1109652 0.0893571
  0.1064282 0.08761321
  0.1020447 0.08587492
  0.09781272 0.08414452
  0.09372946 0.0824242
  0.08979179 0.08071612
  0.08599615 0.0790222
  0.08233855 0.07734411
  0.07881466 0.07568328
  0.07541991 0.07404087
  0.07214957 0.07241772
  0.06899909 0.07081406
  0.06596411 0.06923001
  0.06304031 0.06766569
  0.06022344 0.06612122
  0.05750931 0.06459667
  0.05489374 0.06309209
  0.05237264 0.06160745
  0.04994197 0.06014268
  0.04759832 0.05869722
  0.04533948 0.05726954
  0.04316324 0.05585818
  0.0410672 0.05446181
  0.03904885 0.05307928
  0.03710565 0.05170956
  0.035235 0.05035175
  0.03343431 0.04900503
  0.03170103 0.04766868
  0.03003266 0.04634205
  0.02842672 0.04502456
  0.02688084 0.04371568
  0.02539271 0.04241495
  0.02396011 0.04112217
  0.02258095 0.03983781
  0.02125316 0.03856229
  0.01997473 0.03729591
  0.0187437 0.03603888
  0.01755818 0.03479129
  0.01641637 0.0335532
  0.01531654 0.03232458
  0.01425706 0.03110537
  0.01323636 0.02989547
  0.01225317 0.02869432
  0.01130723 0.02749964
  0.01039879 0.02630932
  0.00952829 0.02512193
  0.008696186 0.02393661
  0.00790294 0.02275305
  0.007149327 0.02157265
  0.006436141 0.02039792
  0.005763626 0.01923076
  0.005131609 0.01807247
  0.004539626 0.01692385
  0.003987028 0.01578534
  0.003473058 0.01465706
  0.002996921 0.01353887
  0.002557821 0.01243048
  0.002155003 0.01133143
  0.001787775 0.01024113
  0.001455524 0.009158921
  0.001157739 0.008084065
  0.0008940138 0.007015752
  0.0006640645 0.005953119
  0.0004677343 0.004895245
  0.0003050066 0.003841155
  0.0001760155 0.002789815
  8.106009e-05 0.001740125
  2.062155e-05 0.0006909036
  -4.6275e-06 -0.0003591149
  5.532126e-06 -0.001411111
  5.052271e-05 -0.00246597
  0.0001298952 -0.003524451
  0.0002433907 -0.004587217
  0.0003909203 -0.005654835
  0.000572548 -0.006727771
  0.0007884762 -0.007806392
  0.001039031 -0.008890947
  0.001324649 -0.009981561
  0.00164586 -0.01107821
  0.00200327 -0.01218069
  0.00239754 -0.01328861
  0.002829356 -0.01440132
  0.003299394 -0.0155179
  0.003808276 -0.01663709
  0.004356515 -0.01775724
  0.004944441 -0.01887625
  0.005572123 -0.01999151
  0.006239324 -0.0210999
  0.006949896 -0.02220114
  0.007704036 -0.02329849
  0.008497686 -0.02439475
  0.009326515 -0.02549252
  0.01018948 -0.02659231
  0.01108783 -0.02769331
  0.01202291 -0.02879462
  0.01299619 -0.02989535
  0.01400924 -0.03099455
  0.01506357 -0.03209141
  0.01616027 -0.03318547
  0.01730042 -0.0342763
  0.01848512 -0.03536342
  0.01971552 -0.03644631
  0.02099279 -0.03752444
  0.02231818 -0.03859721
  0.02369297 -0.03966396
  0.02511849 -0.040724
  0.02659613 -0.04177657
  0.0281275 -0.0428211
  0.0297146 -0.04385774
  0.03135963 -0.0448868
  0.03306485 -0.04590864
  0.03483266 -0.04692369
  0.0366655 -0.04793247
  0.03856589 -0.04893555
  0.04053641 -0.04993366
  0.04257964 -0.05092762
  0.04469813 -0.05191839
  0.04689433 -0.05290711
  0.04917051 -0.05389512
  0.05152864 -0.05488398
  0.05397071 -0.05587506
  0.05650028 -0.05686837
  0.05912146 -0.05786348
  0.06183858 -0.05886003
  0.06465625 -0.05985766
  0.06757938 -0.0608561
  0.07061327 -0.06185515
  0.07376379 -0.06285479
  0.07703749 -0.0638552
  0.08044183 -0.0648568
  0.08398485 -0.06586013
  0.08767478 -0.06686579
  0.09151985 -0.0678745
  0.09552795 -0.06888709
  0.09970623 -0.06990452
  0.1040605 -0.07092778
  0.1085956 -0.07195646
  0.1133152 -0.07298865
  0.1182218 -0.07402217
  0.1233158 -0.07505461
  0.1285956 -0.07608346
  0.1340578 -0.07710619
  0.1396974 -0.07812044
  0.1455082 -0.07912413
  0.1514837 -0.0801157
  0.1576181 -0.08109369
  0.1639062 -0.08205472
  0.1703416 -0.08299464
  0.1769172 -0.08390927
  0.1836247 -0.0847944
  0.1904555 -0.08564593
  0.1974011 -0.08645993
  0.2044532 -0.08723272
  0.2116044 -0.0879611
  0.2188479 -0.08864252
  0.2261778 -0.08927468
  0.2335891 -0.08985556
  0.2410787 -0.09038335
  0.248645 -0.09085648
  0.2562885 -0.09127357
  0.2640117 -0.09163473
  0.2718164 -0.09194118
  0.2797034 -0.09219425
  0.2876723 -0.09239535
  0.2957213 -0.09254606
  0.3038467 -0.09264816
  0.3120436 -0.09270292
  0.3203065 -0.09271057
  0.3286301 -0.09267136
  0.3370093 -0.09258569
  0.3454395 -0.09245413
  0.3539163 -0.09227737
  0.3624359 -0.09205622
  0.3709951 -0.09179159
  0.3795913 -0.09148445
  0.3882225 -0.09113583
  0.3968876 -0.09074681
  0.4055862 -0.09031845
  0.4143186 -0.08985163
  0.4230852 -0.08934701
  0.431886 -0.0888053
  0.4407207 -0.08822726
  0.4495885 -0.08761371
  0.4584884 -0.08696553
  0.4674187 -0.08628368
  0.4763774 -0.0855692
  0.485362 -0.08482324
  0.4943695 -0.08404702
  0.5033964 -0.08324189
  0.5124388 -0.08240889
  0.521493 -0.08154835
  0.5305555 -0.08066047
  0.5396236 -0.07974545
  0.5486951 -0.07880346
  0.5577685 -0.07783462
  0.5668426 -0.07683903
  0.575917 -0.0758167
  0.5849918 -0.07476761
  0.5940676 -0.07369165
  0.6031459 -0.07258862
  0.6122284 -0.07145845
  0.6213169 -0.0703014
  0.630413 -0.06911782
  0.6395177 -0.06790813
  0.6486317 -0.06667274
  0.6577553 -0.06541218
  0.6668882 -0.064127
  0.6760299 -0.06281783
  0.6851793 -0.06148537
  0.694335 -0.06013043
  0.7034951 -0.05875385
  0.7126572 -0.05735635
  0.7218185 -0.05593823
  0.7309759 -0.05449985
  0.7401262 -0.05304162
  0.7492656 -0.05156403
  0.7583903 -0.05006765
  0.7674961 -0.04855313
  0.7765787 -0.0470212
  0.7856336 -0.04547265
  0.794656 -0.04390834
  0.8036412 -0.0423292
  0.812584 -0.04073566
  0.821479 -0.03912738
  0.8303202 -0.03750413
  0.8391015 -0.03586582
  0.8478166 -0.03421251
  0.8564593 -0.03254443
  0.8650231 -0.03086193
  0.8735021 -0.0291655
  0.8818901 -0.02745577
  0.8901815 -0.02573345
  0.8983709 -0.02399937
  0.9064532 -0.02225464
  0.9144214 -0.02050266
  0.9222627 -0.01874899
  0.9299593 -0.0170004
  0.9374904 -0.01526446
  0.9448343 -0.01354902
  0.9519704 -0.01186171
  0.9588814 -0.01020913
  0.9655561 -0.008595817
  0.97199 -0.00702463
  0.978184 -0.005497101
  0.984143 -0.004013701
  0.9898744 -0.002574101
  0.9953877 -0.001177399
  1.0 0.0
