BOEING 737 MIDSPAN AIRFOIL
  1.0 0.0004
  0.9964763 0.0009449606
  0.9923 0.00158617
  0.9879967 0.002241552
  0.9835593 0.002911728
  0.97898 0.003597326
  0.9742508 0.004298974
  0.9693633 0.005017283
  0.9643089 0.005752829
  0.9590788 0.006506131
  0.9536645 0.007277614
  0.9480577 0.00806757
  0.9422509 0.008876104
  0.9362379 0.00970307
  0.9300142 0.01054799
  0.9235781 0.01140998
  0.9169313 0.01228763
  0.9100799 0.01317894
  0.9030354 0.01408126
  0.8958156 0.0149914
  0.8884432 0.01590693
  0.8809435 0.01682591
  0.8733425 0.01774666
  0.8656657 0.0186679
  0.8579359 0.01958884
  0.8501729 0.02050928
  0.842392 0.02142961
  0.8346035 0.02235087
  0.8268129 0.0232747
  0.8190203 0.02420298
  0.8112233 0.02513628
  0.8034196 0.02607472
  0.7956071 0.02701837
  0.7877845 0.02796725
  0.7799508 0.02892132
  0.7721053 0.0298805
  0.7642482 0.03084462
  0.7563797 0.03181348
  0.7485008 0.03278679
  0.7406129 0.03376422
  0.7327181 0.03474535
  0.7248186 0.03572971
  0.7169176 0.03671675
  0.7090184 0.03770585
  0.7011251 0.03869634
  0.6932421 0.03968738
  0.6853733 0.04067764
  0.6775219 0.04166572
  0.6696897 0.04265042
  0.6618775 0.04363064
  0.6540852 0.04460547
  0.6463114 0.0455741
  0.638554 0.0465359
  0.6308097 0.04749031
  0.6230746 0.04843693
  0.6153436 0.04937544
  0.6076107 0.05030562
  0.599869 0.05122735
  0.5921108 0.05214101
  0.5843307 0.05304833
  0.5765278 0.05395086
  0.5687068 0.0548496
  0.5608775 0.05574497
  0.5530549 0.0566368
  0.5452588 0.05752365
  0.5375069 0.05840054
  0.5298086 0.0592624
  0.5221649 0.06010528
  0.5145694 0.06092623
  0.507009 0.06172316
  0.499466 0.06249647
  0.4919251 0.06324885
  0.4843754 0.06398257
  0.4768104 0.06469937
  0.4692278 0.06540055
  0.4616296 0.06608701
  0.4540228 0.06675927
  0.4464181 0.06741695
  0.4388267 0.06805779
  0.4312567 0.06867952
  0.4237137 0.06928021
  0.4162001 0.06985822
  0.4087157 0.07041218
  0.4012579 0.07094102
  0.3938227 0.07144426
  0.3864058 0.07192162
  0.3790031 0.07237278
  0.3716104 0.07279736
  0.3642235 0.07319493
  0.356838 0.07356505
  0.3494498 0.07390779
  0.3420557 0.07422388
  0.3346535 0.07451394
  0.3272421 0.07477858
  0.3198217 0.07501831
  0.3123935 0.07523366
  0.3049601 0.07542511
  0.297525 0.07559318
  0.2900931 0.0757382
  0.2826694 0.07585971
  0.2752587 0.07595705
  0.2678656 0.07602965
  0.260494 0.07607701
  0.2531474 0.07609868
  0.245829 0.07609424
  0.2385419 0.07606281
  0.2312902 0.0760031
  0.2240795 0.07591396
  0.2169163 0.07579441
  0.209808 0.07564364
  0.2027627 0.07546093
  0.1957886 0.07524456
  0.1888926 0.0749924
  0.1820797 0.07470264
  0.1753538 0.07437372
  0.1687173 0.07400429
  0.1621714 0.07359322
  0.1557167 0.07313956
  0.1493525 0.07264246
  0.1430789 0.07210084
  0.1369005 0.07151346
  0.1308267 0.07087999
  0.1248707 0.07020115
  0.1190477 0.06947876
  0.1133737 0.06871568
  0.1078635 0.06791562
  0.1025302 0.06708293
  0.09738371 0.06622229
  0.09243206 0.0653362
  0.08768145 0.06442514
  0.0831351 0.06349043
  0.07879308 0.06253409
  0.07465265 0.06155857
  0.07070863 0.06056647
  0.06695344 0.05955981
  0.06337682 0.05853999
  0.0599671 0.057508
  0.05671221 0.05646455
  0.05360036 0.05541012
  0.05062068 0.05434501
  0.04776554 0.05326951
  0.04503045 0.05218468
  0.04241239 0.05109226
  0.03990903 0.04999448
  0.03751816 0.0488938
  0.03523738 0.04779276
  0.03306392 0.04669383
  0.03099458 0.04559933
  0.02902573 0.04451133
  0.0271534 0.04343165
  0.02537332 0.04236182
  0.0236811 0.0413031
  0.02207229 0.04025644
  0.02054361 0.03922152
  0.01909242 0.038197
  0.01771561 0.03718151
  0.01640982 0.03617377
  0.0151716 0.03517261
  0.01399753 0.03417691
  0.0128843 0.03318568
  0.01182893 0.03219812
  0.01082915 0.03121397
  0.009883033 0.03023317
  0.008988722 0.02925572
  0.00814447 0.02828167
  0.007348597 0.02731111
  0.00659955 0.02634433
  0.005895875 0.02538185
  0.005236026 0.02442394
  0.004618427 0.0234706
  0.00404166 0.0225214
  0.003504903 0.02157546
  0.003007741 0.02063263
  0.002549923 0.01969343
  0.002131385 0.01875932
  0.001752273 0.01783278
  0.001412267 0.01691548
  0.001110691 0.01600824
  0.0008467074 0.0151112
  0.0006194565 0.01422403
  0.0004281622 0.01334599
  0.0002722041 0.01247604
  0.0001511752 0.01161293
  6.492969e-05 0.01075518
  1.363076e-05 0.0099011
  -2.195302e-06 0.009048804
  1.834337e-05 0.008196224
  7.59724e-05 0.007342057
  0.0001715327 0.00648575
  0.0003063231 0.005627104
  0.0004820777 0.004766285
  0.0007009436 0.00390388
  0.0009654562 0.003040962
  0.001278501 0.002179191
  0.001643248 0.00132093
  0.002063045 0.0004693797
  0.002540664 -0.0003717524
  0.003075656 -0.001200446
  0.003666342 -0.002015472
  0.004310829 -0.002815788
  0.005007105 -0.003600558
  0.005753387 -0.004369401
  0.006549435 -0.005123422
  0.007395414 -0.005864255
  0.008291227 -0.006593536
  0.009237481 -0.007312448
  0.01023565 -0.008021838
  0.01128727 -0.008722713
  0.01239386 -0.009416308
  0.01355688 -0.01010413
  0.01477786 -0.01078801
  0.01605992 -0.01146972
  0.01740732 -0.0121512
  0.01882458 -0.01283479
  0.02031638 -0.01352335
  0.0218874 -0.01422038
  0.02354198 -0.01493014
  0.02528494 -0.01565586
  0.02712259 -0.01639821
  0.02906161 -0.01715748
  0.03110877 -0.01793387
  0.03327076 -0.01872742
  0.03555407 -0.01953803
  0.03796482 -0.02036549
  0.04050865 -0.02120952
  0.04319082 -0.02206989
  0.04601652 -0.0229467
  0.04899158 -0.02384063
  0.05212397 -0.02475348
  0.05542577 -0.02568735
  0.0589117 -0.0266432
  0.06259652 -0.02762151
  0.06649359 -0.0286221
  0.07061297 -0.02964376
  0.07495846 -0.0306837
  0.07952564 -0.03173594
  0.08430423 -0.03279195
  0.08928067 -0.03384251
  0.09444126 -0.03487859
  0.0997765 -0.03589236
  0.1052817 -0.03687918
  0.1109514 -0.03783599
  0.1167779 -0.03876004
  0.1227517 -0.03964897
  0.1288614 -0.04050095
  0.1350945 -0.04131482
  0.1414379 -0.04209015
  0.1478786 -0.04282732
  0.1544042 -0.04352744
  0.1610044 -0.04419065
  0.1676703 -0.04481577
  0.174394 -0.04540189
  0.1811692 -0.04594846
  0.1879911 -0.04645523
  0.1948568 -0.04692226
  0.2017658 -0.04734981
  0.2087197 -0.0477383
  0.2157226 -0.04808862
  0.2227787 -0.04840272
  0.2298913 -0.04868266
  0.2370617 -0.04893054
  0.2442896 -0.0491485
  0.2515726 -0.04933873
  0.2589062 -0.04950306
  0.2662851 -0.04964227
  0.2737036 -0.04975712
  0.2811558 -0.04984849
  0.2886355 -0.04991735
  0.2961363 -0.0499648
  0.3036519 -0.04999202
  0.3111757 -0.05000026
  0.3187014 -0.04999016
  0.3262242 -0.04996098
  0.3337411 -0.04991183
  0.3412518 -0.04984182
  0.3487578 -0.04975008
  0.3562622 -0.04963618
  0.3637674 -0.0495002
  0.371275 -0.04934222
  0.3787853 -0.04916231
  0.3862975 -0.0489606
  0.3938098 -0.04873723
  0.4013192 -0.04849242
  0.4088222 -0.04822622
  0.4163166 -0.04793842
  0.4238029 -0.04762871
  0.4312834 -0.04729669
  0.4387628 -0.04694181
  0.4462482 -0.04656335
  0.4537488 -0.04616039
  0.4612756 -0.04573282
  0.468838 -0.0452821
  0.4764414 -0.04481007
  0.4840875 -0.0443188
  0.4917733 -0.04381077
  0.4994912 -0.04328888
  0.5072286 -0.04275647
  0.5149684 -0.04221626
  0.5226954 -0.0416677
  0.5304008 -0.04110917
  0.5380834 -0.04053863
  0.5457486 -0.03995352
  0.5534085 -0.03935091
  0.5610794 -0.03872993
  0.568776 -0.03809181
  0.576509 -0.03743812
  0.5842853 -0.03677077
  0.5921075 -0.03609207
  0.599974 -0.03540481
  0.6078787 -0.03471112
  0.6158149 -0.03401195
  0.6237755 -0.0333082
  0.6317438 -0.03260166
  0.6397007 -0.03189432
  0.6476509 -0.03118611
  0.6555994 -0.03047689
  0.6635506 -0.02976658
  0.6715084 -0.02905515
  0.679476 -0.02834262
  0.6874422 -0.02763031
  0.6953935 -0.02691973
  0.7033282 -0.02621106
  0.7112451 -0.02550439
  0.7191436 -0.02479972
  0.7270235 -0.02409703
  0.7348851 -0.02339626
  0.7427289 -0.02269732
  0.7505562 -0.02200007
  0.7583684 -0.02130433
  0.7661674 -0.02060991
  0.7739555 -0.01991656
  0.7817353 -0.01922401
  0.7895099 -0.01853196
  0.7972827 -0.01784006
  0.8050575 -0.01714794
  0.8128387 -0.01645519
  0.8206308 -0.01576134
  0.8284392 -0.0150659
  0.8362695 -0.01436833
  0.8441281 -0.01366802
  0.8520218 -0.01296431
  0.8599575 -0.01225677
  0.8679193 -0.01154742
  0.8758533 -0.01084174
  0.883772 -0.01013928
  0.8917034 -0.009438236
  0.8996574 -0.008738436
  0.9075262 -0.008049981
  0.9152492 -0.007378659
  0.9227782 -0.00672896
  0.9300709 -0.006104687
  0.9370939 -0.00550864
  0.9438258 -0.00494214
  0.9502587 -0.004405237
  0.956395 -0.003897135
  0.9622438 -0.003416501
  0.9678188 -0.002961701
  0.973136 -0.002530971
  0.978212 -0.002122535
  0.9830636 -0.00173467
  0.9877071 -0.001365752
  0.9921578 -0.001014272
  0.9964299 -0.0006788463
  1.0 -0.0004
