 BOEING BACXXX AIRFOIL
  1.0 0.0004
  0.9970877 0.001077586
  0.993566 0.00189276
  0.9898522 0.002747461
  0.9859266 0.00364537
  0.9817682 0.004590356
  0.9773548 0.005586306
  0.972665 0.006636795
  0.96768 0.00774455
  0.9623879 0.008910604
  0.9567887 0.01013313
  0.950902 0.01140608
  0.9447727 0.01271792
  0.9384691 0.01405191
  0.9321411 0.01537458
  0.9258368 0.01667484
  0.9195059 0.01796201
  0.9131493 0.01923465
  0.9068568 0.02047396
  0.9006329 0.0216787
  0.8944611 0.02285191
  0.8883191 0.02399834
  0.8821883 0.02512208
  0.8760539 0.02622628
  0.8699048 0.02731325
  0.8637329 0.02838462
  0.8575338 0.02944134
  0.8513063 0.03048374
  0.8450531 0.03151154
  0.838779 0.03252417
  0.8324892 0.03352116
  0.8261887 0.03450212
  0.8198818 0.03546675
  0.813573 0.03641487
  0.8072661 0.0373464
  0.8009644 0.03826133
  0.7946712 0.03915961
  0.7883885 0.04004021
  0.7821174 0.04090189
  0.7758576 0.04174359
  0.7696079 0.0425644
  0.7633657 0.04336357
  0.7571277 0.04414044
  0.7508892 0.04489446
  0.7446445 0.04562543
  0.7383882 0.04633502
  0.7321158 0.04702543
  0.7258244 0.04769869
  0.7195123 0.04835666
  0.7131792 0.0490011
  0.7068265 0.04963364
  0.7004569 0.05025579
  0.6940746 0.05086867
  0.6876845 0.05147192
  0.6812907 0.05206477
  0.674897 0.05264652
  0.6685062 0.0532166
  0.662121 0.05377446
  0.6557429 0.05431965
  0.6493733 0.0548518
  0.6430126 0.05537052
  0.6366607 0.05587529
  0.630317 0.05636563
  0.6239801 0.05684108
  0.6176481 0.05730124
  0.6113186 0.05774571
  0.6049882 0.05817414
  0.5986533 0.05858617
  0.5923095 0.05898203
  0.5859534 0.0593632
  0.5795823 0.05973124
  0.573195 0.06008764
  0.5667914 0.06043384
  0.5603727 0.06077123
  0.5539416 0.06110115
  0.5475019 0.06142489
  0.5410586 0.0617429
  0.534616 0.06205454
  0.5281771 0.06235918
  0.5217439 0.06265627
  0.5153171 0.0629453
  0.5088961 0.06322583
  0.5024794 0.06349747
  0.4960641 0.06375991
  0.4896469 0.0640133
  0.4832252 0.06425811
  0.4767976 0.06449479
  0.4703639 0.06472369
  0.463925 0.06494518
  0.4574828 0.06515955
  0.4510406 0.06536709
  0.4446027 0.06556792
  0.4381734 0.06576122
  0.4317556 0.06594584
  0.4253505 0.06612073
  0.4189578 0.06628486
  0.4125754 0.06643728
  0.4062001 0.06657705
  0.3998268 0.06670324
  0.3934492 0.06681536
  0.3870613 0.06691446
  0.3806592 0.06700193
  0.3742406 0.06707911
  0.3678056 0.06714733
  0.3613564 0.06720791
  0.3548976 0.06726221
  0.3484359 0.06731156
  0.3419798 0.06735626
  0.335537 0.0673945
  0.3291128 0.06742428
  0.32271 0.06744367
  0.3163291 0.0674508
  0.3099685 0.06744383
  0.3036241 0.06742095
  0.2972903 0.06738034
  0.2909597 0.06732105
  0.2846266 0.06724319
  0.2782876 0.06714692
  0.2719416 0.06703242
  0.26559 0.06689988
  0.2592368 0.0667496
  0.2528881 0.06658197
  0.2465528 0.06639745
  0.2402404 0.06619518
  0.233958 0.06597302
  0.2277088 0.0657288
  0.2214924 0.06546032
  0.2153053 0.06516528
  0.2091408 0.06484121
  0.2029892 0.06448537
  0.1968382 0.06409469
  0.190674 0.06366678
  0.1844883 0.06320032
  0.1782798 0.06269441
  0.1720551 0.06214881
  0.1658287 0.06156419
  0.159623 0.06094241
  0.1534672 0.06028663
  0.1473955 0.05960117
  0.1414379 0.05888595
  0.1355969 0.05813291
  0.1298441 0.0573304
  0.1241254 0.05646227
  0.1183656 0.05551198
  0.1125066 0.05447736
  0.1065478 0.05336826
  0.1005637 0.05221078
  0.09469986 0.05104214
  0.08907853 0.0498687
  0.08371607 0.04867303
  0.07855788 0.04742721
  0.07351025 0.04609304
  0.06845573 0.04463096
  0.06331029 0.0430231
  0.05807014 0.04127535
  0.05283763 0.03943367
  0.04781121 0.0375868
  0.0431638 0.03579073
  0.03887943 0.03400843
  0.03482716 0.03216586
  0.03089324 0.03022724
  0.02712168 0.02825215
  0.02367171 0.02636447
  0.02066493 0.02461297
  0.01806257 0.02292592
  0.01575603 0.02127299
  0.01367061 0.01965535
  0.01177551 0.01807556
  0.01006783 0.01654621
  0.00854816 0.01508555
  0.007210396 0.01370806
  0.006040425 0.01242068
  0.005019215 0.01122326
  0.004127979 0.01010985
  0.003353633 0.009068047
  0.002683132 0.008085376
  0.002104018 0.007151626
  0.001606751 0.006260542
  0.001183607 0.005407799
  0.0008276828 0.004589338
  0.0005332403 0.00379878
  0.0002969377 0.003031444
  0.0001211556 0.002289602
  8.132367e-06 0.001572189
  -4.000569e-05 0.0008742039
  -1.897816e-05 0.0001882994
  7.904174e-05 -0.0004947764
  0.000260153 -0.001180716
  0.0005303368 -0.001866283
  0.0008957522 -0.002539249
  0.00136247 -0.003187952
  0.001933325 -0.003805601
  0.002609064 -0.004384838
  0.003392079 -0.004922199
  0.0042878 -0.005433916
  0.005297202 -0.005947938
  0.006420036 -0.006489385
  0.007669135 -0.007060176
  0.009057964 -0.007657291
  0.01059779 -0.008274978
  0.01229897 -0.008905441
  0.0141786 -0.00954138
  0.01628198 -0.01018203
  0.01870458 -0.01085406
  0.02154687 -0.01161053
  0.02482227 -0.01245576
  0.02852897 -0.01333634
  0.03271538 -0.01424248
  0.03740554 -0.01518164
  0.04255585 -0.01615954
  0.04806245 -0.01715849
  0.05382582 -0.01816104
  0.05979289 -0.01916164
  0.06591436 -0.02015782
  0.07213331 -0.02114815
  0.07839103 -0.02213208
  0.08463857 -0.02310293
  0.09085113 -0.02405059
  0.09703006 -0.02496901
  0.1032007 -0.02585609
  0.1094018 -0.02671777
  0.1156592 -0.0275641
  0.1219776 -0.0284025
  0.1283375 -0.02923732
  0.1347024 -0.03006523
  0.141044 -0.03087864
  0.1473494 -0.03167203
  0.1536208 -0.03244208
  0.1598699 -0.0331888
  0.1661082 -0.03391379
  0.172345 -0.03461829
  0.178587 -0.03530314
  0.1848391 -0.03596889
  0.1911035 -0.0366158
  0.1973808 -0.03724387
  0.2036687 -0.03785288
  0.2099639 -0.0384423
  0.2162629 -0.03901152
  0.2225627 -0.03956
  0.2288611 -0.04008731
  0.2351565 -0.04059308
  0.2414477 -0.04107703
  0.2477344 -0.04153891
  0.2540167 -0.04197855
  0.2602953 -0.04239573
  0.2665706 -0.04279022
  0.2728434 -0.04316178
  0.2791145 -0.04351016
  0.2853845 -0.0438351
  0.2916541 -0.04413633
  0.2979241 -0.04441356
  0.3041953 -0.04466654
  0.3104685 -0.04489536
  0.3167441 -0.04510034
  0.3230229 -0.04528178
  0.329305 -0.04543998
  0.3355909 -0.04557523
  0.3418807 -0.04568781
  0.3481745 -0.045778
  0.354472 -0.04584606
  0.3607732 -0.04589221
  0.3670778 -0.04591665
  0.3733853 -0.04591957
  0.3796953 -0.04590118
  0.3860071 -0.04586168
  0.3923199 -0.04580129
  0.398633 -0.04572025
  0.4049453 -0.04561877
  0.4112559 -0.04549692
  0.4175644 -0.0453547
  0.4238708 -0.0451921
  0.4301755 -0.0450091
  0.4364793 -0.04480563
  0.4427836 -0.04458164
  0.4490903 -0.04433699
  0.4554015 -0.04407166
  0.4617196 -0.04378631
  0.4680464 -0.04348193
  0.4743832 -0.04315949
  0.4807306 -0.04282001
  0.4870885 -0.04246456
  0.4934563 -0.04209425
  0.4998327 -0.04171024
  0.5062156 -0.04131366
  0.5126029 -0.04090514
  0.5189933 -0.04048514
  0.5253858 -0.04005412
  0.53178 -0.03961247
  0.5381764 -0.03916058
  0.5445758 -0.03869875
  0.5509799 -0.03822727
  0.5573907 -0.0377465
  0.5638103 -0.03725722
  0.5702398 -0.03676032
  0.5766797 -0.03625673
  0.5831296 -0.0357475
  0.5895884 -0.03523372
  0.5960539 -0.03471657
  0.6025233 -0.03419731
  0.6089932 -0.03367653
  0.6154601 -0.03315391
  0.6219217 -0.03262898
  0.6283764 -0.03210123
  0.6348232 -0.03157009
  0.6412622 -0.0310349
  0.6476941 -0.03049499
  0.6541203 -0.02994968
  0.6605428 -0.02939952
  0.6669635 -0.02884592
  0.6733838 -0.02829033
  0.6798048 -0.02773425
  0.686227 -0.02717919
  0.6926507 -0.02662672
  0.6990756 -0.02607844
  0.7055012 -0.02553562
  0.7119265 -0.02499734
  0.7183505 -0.02446184
  0.7247724 -0.02392732
  0.7311915 -0.023392
  0.7376073 -0.02285407
  0.7440194 -0.02231172
  0.7504276 -0.02176315
  0.7568318 -0.02120731
  0.7632326 -0.02064563
  0.7696308 -0.02008004
  0.7760277 -0.0195124
  0.7824251 -0.01894457
  0.7888251 -0.01837834
  0.7952301 -0.01781549
  0.8016432 -0.01725775
  0.8080674 -0.0167059
  0.8145047 -0.0161589
  0.8209556 -0.01561561
  0.827419 -0.01507506
  0.8338921 -0.01453635
  0.8403703 -0.01399874
  0.8468474 -0.01346163
  0.8533156 -0.01292454
  0.8597669 -0.01238752
  0.866197 -0.0118508
  0.8726063 -0.01131423
  0.8789998 -0.01077728
  0.8853867 -0.01023904
  0.8917808 -0.009698247
  0.8982004 -0.009153192
  0.904662 -0.008602343
  0.9110854 -0.008052727
  0.9174365 -0.007507662
  0.9237298 -0.006966276
  0.9299953 -0.006426351
  0.9362778 -0.005884356
  0.9426397 -0.005335223
  0.949052 -0.004781793
  0.9552287 -0.004249044
  0.9610952 -0.003743439
  0.9666257 -0.003267136
  0.9718189 -0.002820186
  0.9766889 -0.002401325
  0.9812577 -0.002008613
  0.9855503 -0.001639841
  0.9895923 -0.001292791
  0.9934077 -0.0009653617
  0.9970186 -0.0006556293
  1.0 -0.0004
