 LOCKHEED C-5A BL0 AIRFOIL
  1.0 0.0012891
  0.9968607 0.002187336
  0.9930795 0.00325563
  0.9891114 0.004360781
  0.9849405 0.005504856
  0.9805502 0.006689705
  0.9759242 0.007916734
  0.9710472 0.009186592
  0.9659069 0.01049871
  0.9604965 0.01185075
  0.9548178 0.0132379
  0.9488855 0.01465221
  0.9427298 0.01608274
  0.9363936 0.01751746
  0.9299245 0.01894448
  0.9233701 0.02035333
  0.9167715 0.02173595
  0.9101599 0.02308726
  0.9035541 0.02440525
  0.8969602 0.0256907
  0.8903734 0.02694563
  0.8837867 0.02817149
  0.8771936 0.02936946
  0.8705883 0.03054044
  0.8639656 0.03168513
  0.8573211 0.03280405
  0.8506508 0.03389751
  0.8439516 0.03496588
  0.8372212 0.03601055
  0.8304589 0.03703316
  0.8236654 0.03803518
  0.8168429 0.0390179
  0.8099952 0.03998246
  0.8031277 0.04092985
  0.7962476 0.04186086
  0.7893629 0.04277498
  0.7824797 0.04367068
  0.7756023 0.04454675
  0.7687326 0.04540229
  0.7618705 0.04623668
  0.7550139 0.04704955
  0.7481583 0.04784073
  0.741298 0.04861068
  0.7344275 0.04936065
  0.7275436 0.05009177
  0.7206445 0.05080493
  0.7137307 0.05150083
  0.7068046 0.05217998
  0.6998706 0.05284272
  0.692935 0.05348905
  0.6860039 0.05411805
  0.679081 0.05472878
  0.6721675 0.05532059
  0.6652622 0.05589302
  0.6583613 0.05644581
  0.6514587 0.05697882
  0.644546 0.0574922
  0.6376144 0.05798741
  0.6306576 0.05846637
  0.623673 0.05893077
  0.6166618 0.05938207
  0.6096288 0.05982152
  0.602583 0.06025022
  0.5955373 0.06066896
  0.5885063 0.06107662
  0.5815 0.06147084
  0.5745228 0.06184966
  0.5675735 0.06221147
  0.560646 0.06255493
  0.5537293 0.06287891
  0.5468071 0.06318243
  0.5398605 0.06346645
  0.5328743 0.06373407
  0.5258405 0.06398829
  0.5187591 0.06423184
  0.5116386 0.06446733
  0.5044968 0.06469721
  0.4973609 0.06492368
  0.4902641 0.06514552
  0.4832323 0.06535658
  0.4762787 0.06555101
  0.4694051 0.06572371
  0.4626036 0.06587019
  0.4558579 0.06598627
  0.4491443 0.06606784
  0.4424324 0.06611245
  0.4356928 0.0661235
  0.4289027 0.06610521
  0.4220467 0.06606169
  0.4151169 0.06599717
  0.4081151 0.06591624
  0.4010533 0.06582393
  0.3939551 0.06572508
  0.3868497 0.06561945
  0.3797618 0.06550439
  0.3727087 0.06537733
  0.3657011 0.06523572
  0.3587424 0.06507706
  0.3518304 0.06489886
  0.3449572 0.06469867
  0.3381115 0.06447569
  0.3312825 0.06423008
  0.3244599 0.06396191
  0.3176344 0.0636711
  0.3107969 0.06335752
  0.3039389 0.06302091
  0.297052 0.06266094
  0.2901289 0.06227779
  0.2831661 0.06187257
  0.2761659 0.06144682
  0.2691367 0.06100255
  0.2620934 0.06054236
  0.2550579 0.06006943
  0.2480574 0.05958748
  0.2411224 0.059098
  0.2342757 0.05859694
  0.2275262 0.05807927
  0.2208715 0.0575396
  0.2142993 0.05697213
  0.2077894 0.05637045
  0.2013147 0.05572721
  0.1948408 0.05503581
  0.1883362 0.05430828
  0.1817965 0.05356965
  0.1752509 0.05284668
  0.1687465 0.05213666
  0.1623088 0.05141557
  0.155934 0.05065832
  0.1495985 0.04985321
  0.1432806 0.04899997
  0.1369652 0.04809923
  0.1306478 0.04716398
  0.1243536 0.04622489
  0.1181458 0.04531808
  0.1121042 0.04445573
  0.1062566 0.04359988
  0.1005575 0.0427041
  0.09491202 0.041723
  0.08923047 0.04064831
  0.08351018 0.039501
  0.07785506 0.03832535
  0.07242957 0.03715987
  0.06731368 0.03600034
  0.06248452 0.03482636
  0.05787141 0.03361048
  0.05339655 0.03233929
  0.04903932 0.03103205
  0.04484441 0.0297264
  0.04088859 0.02846848
  0.0372409 0.0272953
  0.03393575 0.02620266
  0.03095994 0.02516806
  0.02827646 0.02417278
  0.02584462 0.0232029
  0.02362756 0.02224836
  0.02159413 0.0213019
  0.01971901 0.02035842
  0.01798143 0.01941518
  0.0163664 0.01847401
  0.01486303 0.01753778
  0.01346259 0.01660934
  0.01215762 0.0156913
  0.01094144 0.01478593
  0.009807849 0.01389507
  0.008751593 0.01301921
  0.007769033 0.0121559
  0.006856486 0.01130269
  0.006011164 0.01045826
  0.005230297 0.009621385
  0.004510486 0.008790322
  0.003847141 0.00796331
  0.00323614 0.007139972
  0.002674583 0.006321388
  0.002160424 0.00550964
  0.001695422 0.004707657
  0.001282368 0.003917136
  0.0009223257 0.003137937
  0.0006154852 0.002368716
  0.0003617945 0.001607356
  0.0001613874 0.0008512018
  1.489075e-05 9.715832e-05
  -7.700034e-05 -0.0006580505
  -0.0001165844 -0.001416364
  -0.0001064319 -0.002178883
  -4.812024e-05 -0.002946393
  5.757654e-05 -0.003719383
  0.0002105604 -0.004498032
  0.0004113219 -0.005282166
  0.0006608744 -0.006071178
  0.0009606919 -0.006863907
  0.001312636 -0.007658472
  0.001718845 -0.008452036
  0.002181562 -0.009240515
  0.002702851 -0.01001822
  0.00328482 -0.01077981
  0.003930534 -0.01152329
  0.004643925 -0.01224756
  0.005430199 -0.01295235
  0.006292458 -0.01364175
  0.007228651 -0.01432497
  0.008233741 -0.01501244
  0.009308361 -0.01570806
  0.01046012 -0.01641083
  0.01169854 -0.01712106
  0.01303413 -0.01784137
  0.01447899 -0.01857535
  0.01604709 -0.01932778
  0.0177542 -0.020105
  0.01961735 -0.02091551
  0.02165378 -0.02176983
  0.02388374 -0.02267444
  0.02632905 -0.02363222
  0.02900884 -0.02464444
  0.03193606 -0.02571004
  0.03511458 -0.02682546
  0.03853964 -0.02798579
  0.04220479 -0.02918768
  0.04611103 -0.03042693
  0.05025989 -0.03169458
  0.05464987 -0.03297951
  0.05927976 -0.03426963
  0.06415405 -0.03555447
  0.06927653 -0.03683203
  0.07462837 -0.03810114
  0.08015337 -0.03935607
  0.0857551 -0.04058117
  0.09134869 -0.04174359
  0.09691089 -0.04282013
  0.1024816 -0.0438011
  0.1081434 -0.04470614
  0.1139616 -0.04558252
  0.1199556 -0.0464768
  0.1260824 -0.04742185
  0.1322737 -0.04839413
  0.138486 -0.04935594
  0.1447104 -0.05027632
  0.1509597 -0.05114674
  0.1572497 -0.05196963
  0.1635969 -0.05274771
  0.1700126 -0.05349473
  0.1764866 -0.0542343
  0.1829806 -0.05498789
  0.1894409 -0.05575159
  0.1958417 -0.05649493
  0.2021953 -0.05719158
  0.2085422 -0.05783068
  0.2149242 -0.05842063
  0.2213745 -0.05896994
  0.2279182 -0.05948589
  0.2345715 -0.05997499
  0.2413394 -0.06044335
  0.2482128 -0.06089674
  0.2551653 -0.0613401
  0.2621593 -0.06177223
  0.2691608 -0.06218875
  0.2761438 -0.062586
  0.2830913 -0.06296111
  0.2899952 -0.06331189
  0.2968557 -0.0636367
  0.3036806 -0.06393438
  0.3104827 -0.06420488
  0.317274 -0.064449
  0.3240638 -0.06466732
  0.3308593 -0.06486024
  0.3376651 -0.06502797
  0.3444837 -0.06517061
  0.3513153 -0.06528821
  0.3581579 -0.06538077
  0.3650085 -0.06544842
  0.3718647 -0.0654913
  0.3787241 -0.06550961
  0.385585 -0.06550357
  0.3924458 -0.06547344
  0.3993054 -0.06541948
  0.4061629 -0.06534192
  0.4130178 -0.06524073
  0.41987 -0.06511575
  0.4267195 -0.06496684
  0.4335666 -0.06479384
  0.4404121 -0.06459656
  0.4472567 -0.06437482
  0.4541016 -0.06412842
  0.4609484 -0.06385745
  0.4677981 -0.0635623
  0.4746521 -0.06324336
  0.4815113 -0.06290099
  0.4883765 -0.06253557
  0.4952483 -0.06214748
  0.5021273 -0.0617371
  0.5090136 -0.06130476
  0.5159072 -0.06085078
  0.5228072 -0.06037549
  0.5297121 -0.05987929
  0.5366198 -0.05936266
  0.5435273 -0.05882614
  0.5504312 -0.05827037
  0.5573275 -0.05769587
  0.5642126 -0.0571024
  0.5710846 -0.05648943
  0.5779433 -0.05585631
  0.5847901 -0.05520221
  0.5916281 -0.05452614
  0.598462 -0.05382691
  0.605298 -0.05310325
  0.6121433 -0.05235523
  0.619004 -0.05158381
  0.6258847 -0.05079006
  0.6327885 -0.04997522
  0.639717 -0.04914071
  0.6466701 -0.04828821
  0.6536462 -0.04741961
  0.6606418 -0.04653648
  0.6676533 -0.04563988
  0.6746769 -0.0447309
  0.681709 -0.04381063
  0.6887459 -0.04288021
  0.695784 -0.04194078
  0.7028199 -0.04099346
  0.7098501 -0.0400389
  0.7168723 -0.0390769
  0.7238854 -0.03810709
  0.7308894 -0.03712889
  0.7378858 -0.03614156
  0.7448772 -0.03514418
  0.7518675 -0.03413563
  0.7588615 -0.03311514
  0.7658639 -0.03208297
  0.7728777 -0.03103971
  0.7799048 -0.02998616
  0.7869454 -0.02892334
  0.7939981 -0.02785254
  0.8010601 -0.02677528
  0.808127 -0.02569358
  0.8151939 -0.0246102
  0.8222559 -0.02352804
  0.829308 -0.02244996
  0.8363454 -0.02137878
  0.8433634 -0.02031729
  0.8503573 -0.01926819
  0.8573227 -0.01823388
  0.8642571 -0.01721584
  0.8711607 -0.01621492
  0.8780364 -0.01523156
  0.8848901 -0.0142658
  0.8917301 -0.01331736
  0.8985673 -0.01238569
  0.9054149 -0.01147003
  0.9122818 -0.01057067
  0.9191614 -0.009690092
  0.9260294 -0.008832893
  0.932845 -0.008005337
  0.9395544 -0.007214555
  0.9460978 -0.006467485
  0.9524176 -0.005769768
  0.9584676 -0.005124394
  0.964222 -0.004531063
  0.9696734 -0.003987378
  0.9748281 -0.003489761
  0.9796999 -0.003034137
  0.9843074 -0.00261637
  0.9886704 -0.002232525
  0.9928088 -0.001878991
  0.9967418 -0.001552529
  1.0 -0.0012891
