 LOCKHEED C-5A BL488.2 AIRFOIL
  1.0 0.0011019
  0.9967758 0.002007058
  0.9928957 0.003084293
  0.9888279 0.004199481
  0.9845572 0.005354777
  0.9800677 0.006552132
  0.9753439 0.007793079
  0.9703716 0.009078428
  0.9651399 0.01040784
  0.9596428 0.01177927
  0.9538834 0.01318836
  0.9478765 0.01462782
  0.9416515 0.01608797
  0.9352486 0.01755862
  0.9287136 0.01902958
  0.9220928 0.0204916
  0.9154278 0.02193739
  0.9087522 0.02336212
  0.9020888 0.02476367
  0.8954491 0.02614219
  0.8888357 0.02749676
  0.8822476 0.02882524
  0.8756824 0.03012583
  0.869136 0.03139704
  0.8626029 0.03263768
  0.8560761 0.03384675
  0.8495474 0.03502342
  0.843007 0.03616778
  0.8364463 0.03728252
  0.8298593 0.03837051
  0.8232419 0.03943412
  0.8165929 0.04047533
  0.8099137 0.04149571
  0.8032083 0.04249649
  0.796484 0.04347851
  0.7897497 0.04444114
  0.783013 0.04538261
  0.7762794 0.04630151
  0.7695521 0.04719677
  0.7628321 0.04806768
  0.7561183 0.0489138
  0.7494075 0.04973494
  0.7426943 0.05053139
  0.7359737 0.05130441
  0.7292414 0.05205528
  0.722495 0.05278505
  0.7157333 0.05349462
  0.7089564 0.05418473
  0.7021661 0.054856
  0.6953658 0.05550886
  0.6885595 0.05614318
  0.6817502 0.05675856
  0.6749402 0.05735472
  0.6681304 0.05793149
  0.6613204 0.05848882
  0.654509 0.05902673
  0.6476936 0.05954533
  0.6408707 0.06004508
  0.6340374 0.06052698
  0.6271916 0.06099198
  0.6203326 0.06144096
  0.6134606 0.06187471
  0.6065771 0.06229398
  0.5996849 0.06269946
  0.5927876 0.06309156
  0.5858892 0.06346977
  0.5789932 0.06383336
  0.5721021 0.06418171
  0.5652179 0.06451422
  0.5583416 0.06483036
  0.5514738 0.06512965
  0.5446142 0.06541165
  0.5377621 0.06567602
  0.5309164 0.06592248
  0.5240761 0.06615073
  0.5172399 0.06636048
  0.5104061 0.06655143
  0.5035731 0.06672327
  0.4967391 0.06687567
  0.4899019 0.06700867
  0.4830601 0.06712273
  0.4762126 0.0672183
  0.4693586 0.06729584
  0.4624984 0.06735578
  0.4556322 0.06739856
  0.4487611 0.06742463
  0.4418867 0.06743431
  0.4350105 0.0674276
  0.4281339 0.06740444
  0.4212579 0.0673648
  0.4143834 0.06730864
  0.4075108 0.06723592
  0.4006404 0.06714663
  0.3937722 0.06704069
  0.3869061 0.06691787
  0.3800425 0.06677788
  0.3731817 0.06662042
  0.3663247 0.06644522
  0.3594726 0.06625201
  0.3526267 0.06604057
  0.3457889 0.06581068
  0.3389606 0.06556222
  0.3321422 0.06529508
  0.3253328 0.0650091
  0.3185296 0.06470404
  0.3117286 0.06437955
  0.3049244 0.06403517
  0.29811 0.06367029
  0.2912771 0.06328453
  0.2844202 0.0628784
  0.2775383 0.06245278
  0.2706354 0.06200889
  0.2637213 0.06154839
  0.2568108 0.06107341
  0.249924 0.06058657
  0.2430851 0.0600899
  0.2363148 0.05958085
  0.2296235 0.0590552
  0.2230115 0.05850842
  0.2164705 0.05793555
  0.2099851 0.05733106
  0.2035333 0.05668863
  0.1970863 0.05600108
  0.1906125 0.05527191
  0.184098 0.05452176
  0.1775589 0.05377621
  0.1710371 0.05304602
  0.1645638 0.05231235
  0.1581396 0.05155137
  0.1517396 0.05074524
  0.1453374 0.04989211
  0.1389197 0.04899318
  0.132486 0.04805158
  0.1260446 0.04707258
  0.119609 0.04606267
  0.1131982 0.04502866
  0.1068413 0.04397608
  0.1005787 0.04291215
  0.0944581 0.04184386
  0.08852525 0.04076618
  0.08281312 0.03967094
  0.07734092 0.03855208
  0.07211375 0.03740613
  0.06711568 0.03622896
  0.06231512 0.03501331
  0.05767301 0.03374943
  0.05315638 0.03243826
  0.04877899 0.03110428
  0.04460028 0.02978581
  0.0406917 0.02852407
  0.03710479 0.02734772
  0.03385762 0.02624797
  0.03092905 0.02520258
  0.02828056 0.02419344
  0.02587246 0.02320702
  0.02367006 0.02223362
  0.02164456 0.0212663
  0.0197718 0.02029977
  0.01803168 0.0193316
  0.01640882 0.0183659
  0.01489298 0.0174084
  0.01347675 0.01646471
  0.01215395 0.01553978
  0.01091888 0.01463768
  0.00976595 0.01376144
  0.00869381 0.01290783
  0.007709214 0.01206019
  0.006814015 0.01120384
  0.005995972 0.01034206
  0.005239192 0.009486435
  0.004531789 0.008646438
  0.003869748 0.007822388
  0.003254008 0.007009621
  0.002685444 0.006205136
  0.002164645 0.005407482
  0.001694364 0.004618597
  0.001277503 0.003840847
  0.0009151343 0.003074585
  0.0006074505 0.00231883
  0.0003544421 0.001571746
  0.0001563504 0.0008309104
  1.399419e-05 9.34298e-05
  -7.175854e-05 -0.0006439171
  -0.0001036292 -0.001383748
  -8.475236e-05 -0.002128045
  -1.720851e-05 -0.002878427
  9.773825e-05 -0.003636201
  0.000259471 -0.00440237
  0.0004678873 -0.0051776
  0.0007232773 -0.00596214
  0.00102619 -0.006755694
  0.001377258 -0.007557217
  0.001776954 -0.008364643
  0.002225233 -0.00917452
  0.002721092 -0.009981576
  0.003265828 -0.01077868
  0.003866845 -0.0115582
  0.004534092 -0.01231287
  0.005280707 -0.01303584
  0.006116027 -0.01372719
  0.007034253 -0.01439996
  0.008022752 -0.01506996
  0.009074408 -0.01574441
  0.01019659 -0.01641851
  0.0113999 -0.0170882
  0.01269396 -0.0177542
  0.01408918 -0.01841865
  0.01559752 -0.01908446
  0.01723241 -0.01975559
  0.0190086 -0.02043757
  0.02094163 -0.02113814
  0.02304991 -0.02186362
  0.025355 -0.02261552
  0.02787732 -0.02339427
  0.03063584 -0.02420009
  0.03364513 -0.02503305
  0.03691243 -0.02589348
  0.0404381 -0.02678357
  0.04422166 -0.02770607
  0.04826336 -0.02865381
  0.05255773 -0.02961472
  0.05709629 -0.03057467
  0.06187545 -0.03151924
  0.06690206 -0.03244069
  0.07217587 -0.03333986
  0.07767177 -0.03421728
  0.08332886 -0.03507131
  0.08906482 -0.03588655
  0.09482961 -0.0366416
  0.1006277 -0.03732261
  0.1065168 -0.03793001
  0.1125621 -0.03849455
  0.1187904 -0.0390524
  0.1251701 -0.03963566
  0.131629 -0.04023789
  0.1381078 -0.04083441
  0.1445753 -0.04140346
  0.1510259 -0.04193384
  0.1574705 -0.04242086
  0.1639349 -0.04286153
  0.1704504 -0.04326786
  0.177029 -0.04366365
  0.1836538 -0.04407153
  0.1902891 -0.04449175
  0.196912 -0.04490403
  0.2035224 -0.04528929
  0.2101366 -0.04564021
  0.2167716 -0.04596009
  0.2234406 -0.0462523
  0.230153 -0.04651991
  0.2369142 -0.04676581
  0.243725 -0.04699282
  0.2505814 -0.04720372
  0.2574743 -0.04740074
  0.2643928 -0.04758414
  0.271327 -0.04775388
  0.2782685 -0.04791001
  0.2852107 -0.04805271
  0.2921486 -0.04818222
  0.299079 -0.04829885
  0.3060003 -0.04840287
  0.3129124 -0.04849395
  0.3198157 -0.04857156
  0.326711 -0.04863511
  0.3335999 -0.04868408
  0.3404844 -0.04871788
  0.3473671 -0.04873594
  0.3542508 -0.0487377
  0.361139 -0.04872323
  0.368034 -0.04869308
  0.374937 -0.04864782
  0.3818484 -0.04858802
  0.3887671 -0.04851429
  0.395691 -0.04842722
  0.4026171 -0.04832748
  0.409541 -0.04821526
  0.4164594 -0.04809008
  0.42337 -0.04795139
  0.4302719 -0.04779864
  0.4371652 -0.04763126
  0.4440514 -0.04744862
  0.4509334 -0.04725008
  0.4578149 -0.0470352
  0.4646995 -0.04680429
  0.4715901 -0.04655782
  0.4784881 -0.04629629
  0.4853942 -0.04602024
  0.4923076 -0.04573025
  0.4992266 -0.04542695
  0.5061482 -0.04511098
  0.5130694 -0.04478243
  0.5199876 -0.04444121
  0.5269017 -0.04408715
  0.5338111 -0.04372007
  0.5407166 -0.04333971
  0.5476198 -0.04294577
  0.5545233 -0.04253788
  0.5614302 -0.04211597
  0.5683423 -0.04168023
  0.5752602 -0.04123094
  0.5821832 -0.04076846
  0.589109 -0.04029329
  0.5960338 -0.03980601
  0.6029525 -0.03930734
  0.6098592 -0.03879749
  0.6167495 -0.03827574
  0.6236219 -0.03774119
  0.6304771 -0.03719275
  0.6373187 -0.0366291
  0.6441527 -0.03604872
  0.6509873 -0.0354498
  0.6578332 -0.03483111
  0.6647008 -0.03419389
  0.6715975 -0.03354005
  0.678528 -0.0328718
  0.6854935 -0.03219172
  0.6924918 -0.03150284
  0.699517 -0.03080861
  0.7065594 -0.03011247
  0.7136079 -0.02941529
  0.7206532 -0.02871688
  0.7276885 -0.02801682
  0.7347098 -0.02731442
  0.7417153 -0.02660879
  0.7487057 -0.02589878
  0.7556842 -0.02518329
  0.7626553 -0.02446279
  0.7696233 -0.0237386
  0.776592 -0.02301208
  0.7835645 -0.02228464
  0.7905437 -0.02155773
  0.7975318 -0.02083289
  0.8045306 -0.02011159
  0.8115407 -0.01939376
  0.8185617 -0.01867827
  0.8255915 -0.01796413
  0.8326264 -0.01725048
  0.8396614 -0.01653659
  0.8466899 -0.01582191
  0.8537041 -0.01510608
  0.860696 -0.01439016
  0.8676615 -0.01367618
  0.8746005 -0.01296574
  0.8815175 -0.01225998
  0.8884205 -0.01155961
  0.8953218 -0.01086495
  0.9022374 -0.01017596
  0.9091851 -0.009491774
  0.9161706 -0.008811568
  0.92318 -0.008136299
  0.9301786 -0.007468838
  0.9371126 -0.006813717
  0.9439151 -0.006176532
  0.9505155 -0.00556307
  0.9568508 -0.004978363
  0.9628794 -0.004425657
  0.9685844 -0.003905948
  0.973967 -0.003418565
  0.9790403 -0.002961821
  0.9838237 -0.002533516
  0.9883392 -0.002131274
  0.9926095 -0.001752745
  0.9966561 -0.001395711
  1.0 -0.0011019
