Cambered plate C=6% T=5% R=2.11
  1.0 0.0
  0.9957618 0.001027486
  0.9906709 0.002249412
  0.9853516 0.00351183
  0.9797956 0.00481486
  0.973998 0.006157629
  0.9679578 0.007538282
  0.9616767 0.00895434
  0.9551581 0.01040292
  0.9484062 0.01188079
  0.9414271 0.01338412
  0.9342292 0.01490854
  0.9268227 0.01644949
  0.9192197 0.01800247
  0.9114345 0.01956286
  0.9034821 0.02112574
  0.8953776 0.02268595
  0.8871352 0.0242387
  0.8787679 0.02578005
  0.870289 0.02730654
  0.8617121 0.02881479
  0.8530494 0.03030131
  0.8443116 0.03176304
  0.8355072 0.0331977
  0.8266447 0.03460346
  0.8177322 0.03597853
  0.808777 0.03732105
  0.7997843 0.03862946
  0.7907582 0.03990285
  0.781703 0.04114059
  0.7726228 0.04234196
  0.7635215 0.04350608
  0.7544018 0.04463222
  0.7452658 0.04571987
  0.736115 0.04676863
  0.7269506 0.04777835
  0.7177741 0.04874907
  0.7085876 0.04968067
  0.6993929 0.05057267
  0.690191 0.05142468
  0.6809819 0.05223658
  0.6717663 0.05300839
  0.662545 0.05374005
  0.6533186 0.05443147
  0.6440875 0.05508258
  0.6348521 0.05569338
  0.625613 0.05626388
  0.6163709 0.05679396
  0.607126 0.05728345
  0.5978783 0.05773228
  0.5886278 0.05814057
  0.5793747 0.05850846
  0.5701197 0.05883595
  0.5608633 0.05912303
  0.5516062 0.0593696
  0.5423485 0.05957552
  0.5330901 0.05974072
  0.5238309 0.05986534
  0.5145715 0.05994955
  0.5053127 0.05999332
  0.4960549 0.0599965
  0.4867983 0.05995899
  0.4775429 0.05988082
  0.4682889 0.05976205
  0.4590368 0.05960276
  0.449787 0.05940309
  0.4405403 0.05916311
  0.4312975 0.05888289
  0.4220596 0.05856246
  0.4128274 0.0582018
  0.4036019 0.05780091
  0.3943839 0.05735982
  0.3851742 0.05687858
  0.3759736 0.05635743
  0.3667838 0.05579689
  0.3576076 0.05519742
  0.3484479 0.05455907
  0.3393068 0.05388183
  0.3301863 0.05316614
  0.3210897 0.05241286
  0.312022 0.05162284
  0.3029882 0.0507967
  0.2939937 0.04993514
  0.2850441 0.04903924
  0.2761465 0.04811041
  0.2673093 0.04715025
  0.2585418 0.04616053
  0.2498542 0.04514328
  0.2412579 0.04410082
  0.2327653 0.04303582
  0.2243898 0.04195122
  0.2161455 0.04085023
  0.2080466 0.03973631
  0.2001077 0.03861337
  0.192344 0.03748562
  0.1847702 0.03635733
  0.1773998 0.03523248
  0.1702447 0.03411485
  0.1633141 0.0330081
  0.1566157 0.0319159
  0.1501557 0.03084177
  0.1439379 0.02978871
  0.1379638 0.02875894
  0.1322317 0.02775404
  0.1267375 0.02677509
  0.1214749 0.02582295
  0.1164371 0.02489877
  0.1116174 0.02400349
  0.1070084 0.02313768
  0.1026023 0.02230143
  0.0983905 0.02149343
  0.09436351 0.02071177
  0.09051133 0.01995462
  0.08682375 0.01922027
  0.0832907 0.01850709
  0.07990232 0.01781472
  0.07664933 0.01714447
  0.07352346 0.01649737
  0.07051719 0.01587408
  0.06762365 0.01527495
  0.06483647 0.01470005
  0.06214969 0.01414921
  0.05955808 0.01362043
  0.05705724 0.01310895
  0.05464288 0.01261047
  0.05231084 0.01212139
  0.05005709 0.01163872
  0.04787776 0.01115998
  0.04576917 0.01068311
  0.0437278 0.01020639
  0.04175032 0.009728416
  0.03983423 0.009246143
  0.03798111 0.008743616
  0.03619255 0.008201325
  0.03446801 0.007604278
  0.03280319 0.006954241
  0.03119367 0.006259223
  0.02963629 0.005526377
  0.02812932 0.004759501
  0.02667159 0.003959839
  0.0252619 0.00312836
  0.023899 0.002266204
  0.02258154 0.001375232
  0.02130836 0.0004572936
  0.02007848 -0.0004858868
  0.01889103 -0.001452738
  0.01774515 -0.00244184
  0.01664009 -0.003451873
  0.01557516 -0.00448161
  0.01454978 -0.005529889
  0.01356342 -0.006595611
  0.01261561 -0.007677745
  0.0117059 -0.008775298
  0.01083376 -0.009887219
  0.009998655 -0.01101247
  0.009200097 -0.01215004
  0.008437639 -0.013299
  0.007710845 -0.01445841
  0.0070193 -0.01562739
  0.006362621 -0.0168051
  0.005740451 -0.01799071
  0.005152438 -0.01918341
  0.004598236 -0.02038243
  0.004077518 -0.021587
  0.003589977 -0.0227964
  0.003135273 -0.02400991
  0.002712996 -0.0252268
  0.002322751 -0.02644632
  0.001964166 -0.02766776
  0.001636884 -0.02889039
  0.001340554 -0.03011353
  0.001074825 -0.03133654
  0.0008393546 -0.03255884
  0.0006338129 -0.0337799
  0.0004578484 -0.03499925
  0.000311062 -0.03621629
  0.0001930722 -0.03743034
  0.0001035086 -0.03864058
  4.19945e-05 -0.03984611
  8.111033e-06 -0.04104612
  1.412687e-06 -0.04224041
  2.151385e-05 -0.04342949
  6.816495e-05 -0.04461455
  0.0001413203 -0.04579742
  0.0002411434 -0.04698009
  0.000367948 -0.04816394
  0.0005221255 -0.0493496
  0.0007040585 -0.05053694
  0.0009140163 -0.05172501
  0.001152087 -0.05291256
  0.001418311 -0.05409846
  0.001712741 -0.05528179
  0.002035472 -0.05646184
  0.002386644 -0.05763813
  0.002766412 -0.05881019
  0.003174927 -0.05997749
  0.003612334 -0.06113942
  0.004078762 -0.0622953
  0.00457431 -0.06344438
  0.005099068 -0.06458593
  0.005653137 -0.06571918
  0.006236634 -0.06684341
  0.006849664 -0.06795788
  0.007492242 -0.06906192
  0.008164367 -0.07015483
  0.008866043 -0.07123589
  0.009597272 -0.07230436
  0.01035804 -0.07335949
  0.01114834 -0.07440054
  0.01196814 -0.07542674
  0.01281746 -0.0764373
  0.01369627 -0.07743141
  0.01460459 -0.07840823
  0.0155424 -0.07936692
  0.01650973 -0.08030659
  0.01750659 -0.08122635
  0.0185329 -0.08212537
  0.01958858 -0.08300283
  0.02067353 -0.08385786
  0.0217877 -0.08468957
  0.02293101 -0.08549701
  0.02410341 -0.0862792
  0.02530489 -0.08703512
  0.02653543 -0.0877637
  0.02779498 -0.0884639
  0.0290835 -0.08913466
  0.03040094 -0.08977487
  0.03174729 -0.09038335
  0.0331225 -0.09095891
  0.03452657 -0.09150031
  0.0359595 -0.09200624
  0.03742135 -0.0924753
  0.03891218 -0.09290612
  0.04043209 -0.09329723
  0.04198119 -0.09364706
  0.0435596 -0.09395377
  0.04516745 -0.09421521
  0.04680501 -0.09442903
  0.04847276 -0.09459271
  0.05017143 -0.09470465
  0.05190175 -0.09476361
  0.05366427 -0.09476814
  0.05545886 -0.09471377
  0.05728524 -0.09459172
  0.05914418 -0.09439172
  0.06103963 -0.09411149
  0.0629795 -0.09376756
  0.06497121 -0.09338178
  0.06701989 -0.09296981
  0.06912862 -0.09253311
  0.07130055 -0.09207203
  0.07353908 -0.0915872
  0.07584795 -0.09107952
  0.0782313 -0.09055025
  0.08069378 -0.09000106
  0.08324067 -0.08943407
  0.08587807 -0.08885199
  0.08861313 -0.08825799
  0.09145355 -0.08765312
  0.09440711 -0.08703577
  0.0974821 -0.08640395
  0.1006872 -0.08575538
  0.1040312 -0.08508744
  0.107523 -0.08439716
  0.1111707 -0.08368119
  0.1149815 -0.08293708
  0.1189627 -0.08216462
  0.1231213 -0.08136414
  0.1274646 -0.08053631
  0.1320008 -0.07968205
  0.1367391 -0.07880237
  0.1416902 -0.0778972
  0.146864 -0.07696609
  0.1522689 -0.07600888
  0.157911 -0.07502585
  0.1637936 -0.07401806
  0.1699176 -0.07298762
  0.1762818 -0.07193715
  0.1828837 -0.07086957
  0.1897201 -0.06978791
  0.1967852 -0.06869547
  0.2040714 -0.06759587
  0.2115688 -0.06649296
  0.2192663 -0.0653907
  0.2271521 -0.06429302
  0.2352146 -0.06320371
  0.243442 -0.06212638
  0.2518231 -0.06106447
  0.2603476 -0.0600212
  0.2690074 -0.05899941
  0.2777984 -0.0580014
  0.2867188 -0.05702857
  0.2957647 -0.05608202
  0.3049297 -0.05516391
  0.3142171 -0.05427901
  0.3236526 -0.0534308
  0.3332777 -0.05261129
  0.3431164 -0.05180275
  0.3531586 -0.05099174
  0.363376 -0.05017687
  0.3737393 -0.04935862
  0.3842208 -0.04853708
  0.3947967 -0.04771181
  0.4054482 -0.04688181
  0.4161626 -0.04604549
  0.426934 -0.04520136
  0.4377597 -0.04434987
  0.4486366 -0.04349197
  0.4595613 -0.04262866
  0.4705295 -0.04176101
  0.4815365 -0.04089016
  0.492577 -0.0400173
  0.5036452 -0.03914327
  0.5147356 -0.03826831
  0.5258435 -0.03739259
  0.5369649 -0.03651618
  0.5480968 -0.0356391
  0.5592368 -0.03476131
  0.5703837 -0.03388271
  0.5815364 -0.03300336
  0.5926941 -0.03212339
  0.6038556 -0.03124295
  0.6150197 -0.03036221
  0.626185 -0.02948135
  0.63735 -0.02860054
  0.6485129 -0.02771996
  0.6596721 -0.02683974
  0.6708262 -0.02595999
  0.6819735 -0.02508083
  0.6931126 -0.02420236
  0.7042423 -0.02332467
  0.7153614 -0.02244785
  0.726468 -0.02157204
  0.7375585 -0.0206975
  0.7486273 -0.01982467
  0.759667 -0.01895412
  0.7706682 -0.01808656
  0.78162 -0.01722286
  0.7925103 -0.01636396
  0.8033267 -0.01551085
  0.8140577 -0.01466446
  0.8246927 -0.01382564
  0.8352222 -0.01299515
  0.8456377 -0.01217368
  0.8559317 -0.01136183
  0.8660963 -0.01056023
  0.8761133 -0.009770304
  0.8859514 -0.008994511
  0.8955702 -0.00823602
  0.9049259 -0.007498282
  0.9139764 -0.006784595
  0.9226865 -0.006097742
  0.9310305 -0.005439742
  0.9389947 -0.004811673
  0.9465792 -0.004213525
  0.9537947 -0.003644458
  0.9606586 -0.00310311
  0.9671916 -0.002587842
  0.973416 -0.002096905
  0.979354 -0.001628544
  0.9850271 -0.001181067
  0.9904555 -0.0007528791
  0.9956581 -0.0003425001
  1.0 0.0
