Dayton-Wright T-1
  1.0 0.007
  0.996354 0.008215968
  0.9919638 0.009674421
  0.9873594 0.01119729
  0.9825249 0.01278885
  0.9774448 0.0144531
  0.9721053 0.01619334
  0.966496 0.0180116
  0.9606123 0.01990789
  0.9544586 0.02187927
  0.9480517 0.02391881
  0.941423 0.02601513
  0.9346136 0.02815398
  0.9276688 0.0303202
  0.9206325 0.03249941
  0.9135426 0.03467947
  0.9064273 0.03685152
  0.8993031 0.03901051
  0.8921745 0.04115496
  0.8850407 0.04328482
  0.8779007 0.04539997
  0.8707536 0.04750025
  0.8635989 0.04958539
  0.8564364 0.05165506
  0.849266 0.05370885
  0.8420879 0.05574627
  0.8349027 0.05776676
  0.827711 0.0597697
  0.820514 0.06175441
  0.8133128 0.06372014
  0.806109 0.0656661
  0.7989044 0.06759142
  0.791701 0.06949516
  0.7845006 0.07137622
  0.7773048 0.07323361
  0.7701146 0.07506645
  0.7629307 0.07687397
  0.7557535 0.07865553
  0.748583 0.08041059
  0.7414187 0.08213868
  0.73426 0.08383943
  0.7271057 0.08551255
  0.7199543 0.08715782
  0.7128042 0.08877506
  0.7056533 0.09036416
  0.698499 0.09192506
  0.6913387 0.09345804
  0.68417 0.09496404
  0.6769909 0.09644401
  0.6697998 0.09789876
  0.6625952 0.09932903
  0.6553763 0.1007355
  0.6481425 0.1021186
  0.6408936 0.1034789
  0.6336298 0.1048169
  0.6263517 0.1061328
  0.6190604 0.1074269
  0.6117571 0.1086995
  0.6044438 0.1099508
  0.5971227 0.1111807
  0.5897964 0.1123891
  0.5824672 0.1135751
  0.5751371 0.1147378
  0.567808 0.1158765
  0.5604816 0.1169905
  0.5531591 0.1180792
  0.5458418 0.119142
  0.5385303 0.1201784
  0.5312255 0.1211879
  0.5239275 0.1221701
  0.5166367 0.1231245
  0.5093529 0.1240509
  0.5020758 0.1249489
  0.4948048 0.1258183
  0.4875394 0.1266587
  0.4802791 0.1274697
  0.4730235 0.1282512
  0.4657724 0.1290027
  0.4585254 0.1297238
  0.4512825 0.1304143
  0.4440437 0.1310738
  0.4368091 0.1317017
  0.4295787 0.1322979
  0.4223528 0.1328618
  0.4151317 0.1333931
  0.4079159 0.1338914
  0.4007058 0.1343563
  0.393502 0.1347874
  0.386305 0.1351847
  0.3791152 0.1355481
  0.3719326 0.1358775
  0.3647571 0.1361731
  0.3575885 0.1364346
  0.350426 0.1366623
  0.343269 0.1368559
  0.3361165 0.1370156
  0.3289672 0.1371412
  0.3218198 0.1372328
  0.3146726 0.1372901
  0.3075238 0.1373131
  0.3003713 0.1373015
  0.293213 0.137255
  0.2860476 0.1371716
  0.2788759 0.1370492
  0.2717006 0.1368854
  0.2645267 0.1366783
  0.2573609 0.1364259
  0.250212 0.1361266
  0.2430908 0.1357791
  0.2360094 0.1353825
  0.2289812 0.1349366
  0.2220204 0.1344413
  0.2151418 0.1338975
  0.2083598 0.1333065
  0.2016883 0.13267
  0.1951402 0.1319897
  0.1887257 0.1312635
  0.1824474 0.1304867
  0.1763012 0.1296549
  0.1702777 0.1287632
  0.1643638 0.1278065
  0.1585436 0.1267789
  0.1527991 0.1256736
  0.1471097 0.1244826
  0.1414543 0.1232013
  0.1358163 0.1218299
  0.1301864 0.1203693
  0.1245618 0.1188218
  0.1189467 0.1171918
  0.1133525 0.1154858
  0.1077971 0.1137136
  0.1023042 0.1118873
  0.09690199 0.110022
  0.09162062 0.108131
  0.08648863 0.106226
  0.08152979 0.1043184
  0.0767619 0.1024188
  0.07219663 0.1005363
  0.0678419 0.09867227
  0.06370218 0.09682461
  0.05977751 0.09499213
  0.05606412 0.09317437
  0.0525553 0.09137131
  0.0492422 0.08958319
  0.04611553 0.08781255
  0.04316641 0.08606533
  0.04038486 0.08434593
  0.0377604 0.08265715
  0.03528259 0.08100058
  0.0329414 0.07937697
  0.03072736 0.07778647
  0.02863166 0.07622882
  0.02664617 0.07470345
  0.02476339 0.07320964
  0.02297519 0.07174514
  0.02127275 0.07030606
  0.01965125 0.06889192
  0.01810853 0.06750497
  0.01664338 0.06614877
  0.01525446 0.06482708
  0.0139397 0.06354306
  0.01269614 0.06229888
  0.01152116 0.06109589
  0.01041731 0.05993539
  0.009385862 0.0588167
  0.008425271 0.05773749
  0.007532577 0.05669469
  0.006704271 0.05568504
  0.005936757 0.0547053
  0.0052266 0.05375245
  0.004570639 0.05282367
  0.003966036 0.05191642
  0.00341028 0.05102837
  0.002901183 0.0501574
  0.002436862 0.04930157
  0.002015718 0.04845912
  0.001636415 0.0476284
  0.001297868 0.0468079
  0.0009992228 0.04599619
  0.0007398498 0.04519191
  0.0005193346 0.04439377
  0.0003374757 0.04360052
  0.0001942854 0.04281092
  8.999542e-05 0.04202375
  2.506719e-05 0.04123778
  2.086561e-07 0.04045175
  1.60505e-05 0.03966445
  7.182745e-05 0.03887517
  0.0001665501 0.0380834
  0.0002994887 0.03728866
  0.0004701472 0.03649053
  0.0006782447 0.03568864
  0.0009237017 0.03488263
  0.001206631 0.03407221
  0.001527334 0.03325711
  0.001886298 0.03243711
  0.002284196 0.03161205
  0.002721897 0.03078182
  0.003200465 0.0299464
  0.003721171 0.02910586
  0.004285504 0.02826038
  0.004895176 0.02741032
  0.005552138 0.02655622
  0.006258579 0.02569889
  0.007016925 0.02483949
  0.007829828 0.02397961
  0.00870012 0.02312147
  0.009630737 0.02226805
  0.01062458 0.02142339
  0.01168426 0.02059289
  0.01281176 0.01978367
  0.0140092 0.01900175
  0.01528041 0.01824805
  0.01662941 0.01752226
  0.01806009 0.01682313
  0.01957612 0.01614814
  0.02118094 0.01549308
  0.02287762 0.01485159
  0.02466898 0.01421453
  0.02655805 0.01357082
  0.02855048 0.01291733
  0.03065317 0.01225533
  0.03287311 0.01158653
  0.03521725 0.01091308
  0.03769244 0.01023772
  0.04030545 0.009563719
  0.04306312 0.008894891
  0.04597284 0.008235559
  0.04904352 0.007590449
  0.05228709 0.006964362
  0.05572021 0.006359608
  0.05936197 0.005776764
  0.06323222 0.005215976
  0.06735046 0.004676684
  0.07173349 0.004157215
  0.07639167 0.003654321
  0.08132502 0.003166962
  0.08652438 0.002700569
  0.0919735 0.002261137
  0.09765249 0.001853926
  0.1035436 0.001482915
  0.1096346 0.001150744
  0.1159116 0.0008591871
  0.1223576 0.0006091453
  0.1289532 0.0004005162
  0.1356776 0.0002321322
  0.142511 0.0001017843
  0.1494355 6.321433e-06
  0.1564367 -5.760209e-05
  0.1635038 -9.083601e-05
  0.1706272 -9.353273e-05
  0.1777989 -6.604083e-05
  0.1850127 -8.861895e-06
  0.1922647 7.739787e-05
  0.199553 0.0001920785
  0.2068785 0.0003343711
  0.2142429 0.0005027713
  0.221648 0.0006955169
  0.2290946 0.0009107726
  0.2365829 0.001146615
  0.2441123 0.001401019
  0.2516813 0.001671847
  0.2592876 0.001956841
  0.2669278 0.002253618
  0.2745977 0.00255967
  0.2822919 0.002872371
  0.290004 0.003188989
  0.2977264 0.003506702
  0.3054508 0.003822666
  0.3131684 0.004134419
  0.3208717 0.004439798
  0.3285544 0.004736735
  0.3362116 0.005023273
  0.3438399 0.005297558
  0.3514369 0.005557846
  0.3590018 0.005802487
  0.3665346 0.006029921
  0.3740368 0.006238658
  0.3815107 0.006427263
  0.3889594 0.006594336
  0.3963874 0.006738492
  0.4037996 0.006858389
  0.4112018 0.006953852
  0.4185993 0.007025787
  0.4259969 0.007075077
  0.433399 0.007102541
  0.4408095 0.007108951
  0.4482317 0.00709504
  0.4556685 0.007061513
  0.4631226 0.007009058
  0.4705958 0.00693835
  0.4780898 0.006850065
  0.4856056 0.006744884
  0.4931439 0.0066235
  0.5007046 0.006486628
  0.5082872 0.006334956
  0.515891 0.006169052
  0.5235148 0.005989479
  0.5311572 0.005796827
  0.5388165 0.005591712
  0.5464905 0.005374781
  0.554177 0.005146708
  0.5618733 0.0049082
  0.5695763 0.004659993
  0.5772828 0.004402851
  0.5849891 0.004137567
  0.5926914 0.003864959
  0.6003854 0.003585868
  0.6080669 0.003301485
  0.6157319 0.003014134
  0.6233772 0.002726334
  0.6310004 0.002440538
  0.6386 0.002159129
  0.6461752 0.001884417
  0.6537259 0.001618636
  0.6612527 0.001363956
  0.6687568 0.001122483
  0.6762402 0.0008962744
  0.6837054 0.0006873468
  0.6911554 0.0004976925
  0.6985941 0.0003292953
  0.7060255 0.0001838751
  0.7134541 6.123514e-05
  0.720884 -3.961344e-05
  0.7283187 -0.0001196118
  0.7357615 -0.0001796603
  0.7432154 -0.0002206273
  0.7506829 -0.0002433578
  0.7581663 -0.0002486809
  0.7656674 -0.0002374165
  0.7731878 -0.0002103823
  0.7807286 -0.000168399
  0.7882906 -0.0001122967
  0.7958741 -4.291885e-05
  0.803479 3.88674e-05
  0.8111048 0.0001320236
  0.8187503 0.0002353129
  0.8264135 0.0003474504
  0.8340916 0.00046711
  0.8417809 0.0005929244
  0.8494767 0.000723488
  0.8571736 0.000857362
  0.8648654 0.0009930827
  0.8725451 0.001129172
  0.880205 0.00126415
  0.8878368 0.00139655
  0.8954317 0.001524939
  0.9029807 0.001648007
  0.9104727 0.00176756
  0.9178892 0.00188919
  0.9252033 0.002018213
  0.9323823 0.002159213
  0.9393912 0.002315849
  0.9461963 0.00249072
  0.9527681 0.002685275
  0.9590852 0.002898324
  0.9651367 0.003126482
  0.9709215 0.003366607
  0.9764453 0.003615996
  0.9817183 0.003872389
  0.9867535 0.004133927
  0.9915649 0.004399105
  0.9961672 0.004666716
  1.0 0.0049
