DELFT DU84-132V3 AIRFOIL (MEASURED)
  1.0 0.0
  0.9960148 0.001234754
  0.9911511 0.002715633
  0.9859813 0.004258459
  0.980493 0.005861257
  0.9746863 0.007518115
  0.968581 0.009223126
  0.9622214 0.01097298
  0.9556754 0.0127623
  0.9490275 0.01458028
  0.9423473 0.01639348
  0.935659 0.01816868
  0.9289372 0.01988639
  0.9221237 0.0215566
  0.915181 0.02321253
  0.9081132 0.02488113
  0.9009709 0.0265715
  0.8938117 0.02826351
  0.8866712 0.02993707
  0.8795611 0.03157884
  0.8724811 0.03318243
  0.8654311 0.03474279
  0.8584126 0.03625686
  0.8514324 0.03774215
  0.8444995 0.03922757
  0.8376224 0.04074027
  0.8308017 0.0422793
  0.8240248 0.04381248
  0.8172714 0.0453086
  0.8105189 0.04675112
  0.8037691 0.04816177
  0.797058 0.04956355
  0.7904497 0.05096774
  0.783998 0.05233787
  0.7777088 0.05362358
  0.7715499 0.0547892
  0.7654701 0.05583139
  0.7594341 0.05681328
  0.7534268 0.05780295
  0.7474501 0.05886303
  0.7415101 0.06000716
  0.7355975 0.06117831
  0.7296935 0.06231631
  0.7237704 0.06336541
  0.717805 0.06432521
  0.7117925 0.06525147
  0.7057423 0.06620239
  0.6996775 0.06722947
  0.6936161 0.06831532
  0.6875568 0.06940272
  0.6814819 0.0704366
  0.6753607 0.07137827
  0.6691721 0.07225984
  0.6629154 0.07313444
  0.6566116 0.0740549
  0.6502949 0.07503782
  0.6439821 0.07603508
  0.6376654 0.07699486
  0.6313142 0.07787333
  0.6248939 0.07868411
  0.6183909 0.07947685
  0.6118164 0.08030186
  0.6052036 0.08118454
  0.5985717 0.08208607
  0.5919086 0.08295993
  0.5851698 0.08376684
  0.5782999 0.08451475
  0.5712688 0.08523738
  0.5640851 0.08596805
  0.5567965 0.08671953
  0.54946 0.08747974
  0.5421274 0.08823524
  0.5348382 0.08897076
  0.5276059 0.08966913
  0.5204142 0.09031631
  0.5132243 0.090911
  0.5060031 0.09147678
  0.4987403 0.09203935
  0.4914497 0.09261868
  0.4841684 0.09321565
  0.4769569 0.09382475
  0.4698888 0.09443314
  0.4630055 0.09500054
  0.4562804 0.09548699
  0.4496346 0.0958627
  0.4429709 0.0961431
  0.4362343 0.09637888
  0.4294304 0.09662126
  0.4226222 0.09689516
  0.4158603 0.09715984
  0.4091367 0.09736801
  0.4023872 0.09748137
  0.3955272 0.09751294
  0.3885046 0.09750009
  0.3813191 0.09748363
  0.3740227 0.09748204
  0.3666748 0.09748742
  0.3593215 0.0974901
  0.3519933 0.09747981
  0.3447117 0.09744586
  0.337493 0.0973781
  0.3303461 0.09726749
  0.3232649 0.09710607
  0.3162244 0.09688551
  0.3091843 0.09660371
  0.3021186 0.09628328
  0.2950436 0.09595422
  0.2880193 0.09564166
  0.2811072 0.09532421
  0.2743148 0.09496215
  0.2675976 0.09451798
  0.2608828 0.09399245
  0.2541211 0.09342495
  0.2473063 0.09286082
  0.2404753 0.09232895
  0.2336758 0.09180277
  0.2269346 0.09124581
  0.220256 0.09062459
  0.2136274 0.08992726
  0.2070256 0.08915054
  0.2004184 0.08828887
  0.1937699 0.08734246
  0.1870779 0.08632764
  0.1803984 0.08527192
  0.1738393 0.08420383
  0.1674919 0.0831092
  0.1613651 0.08195473
  0.1554058 0.08070139
  0.1495235 0.07933451
  0.1436419 0.07789395
  0.1377339 0.07643491
  0.1318233 0.07502423
  0.1259796 0.07367937
  0.1202536 0.07234623
  0.1146461 0.07096198
  0.1091174 0.06945951
  0.1035969 0.06780387
  0.09802406 0.06600715
  0.09237666 0.06409572
  0.08667938 0.06211518
  0.08100916 0.06011445
  0.07547321 0.05812963
  0.07017643 0.0561971
  0.06519766 0.05434704
  0.06058373 0.05258694
  0.05634491 0.05088903
  0.05245435 0.04922332
  0.04887354 0.04756543
  0.04556344 0.0458957
  0.04248872 0.04419819
  0.03960733 0.04248439
  0.03687191 0.04081038
  0.03425446 0.03922997
  0.03174803 0.03777242
  0.02937723 0.03640018
  0.02715668 0.03506548
  0.02508811 0.03372903
  0.02316287 0.03236525
  0.02135645 0.03098235
  0.01964988 0.029598
  0.01803156 0.02823045
  0.01649424 0.02689709
  0.01503373 0.02561246
  0.01365477 0.02437942
  0.01236315 0.02319252
  0.01115974 0.02204538
  0.01004248 0.02093159
  0.009007835 0.01984517
  0.008051626 0.01878072
  0.00716959 0.01773345
  0.006357444 0.01669911
  0.005608702 0.01567464
  0.004916334 0.01465863
  0.004274776 0.01365085
  0.003679469 0.01265187
  0.003126518 0.01166279
  0.002612481 0.01068499
  0.002134288 0.009719936
  0.001692545 0.008770399
  0.001292321 0.007839881
  0.0009372503 0.006929988
  0.0006296993 0.006040864
  0.0003713599 0.005171726
  0.0001636806 0.0043212
  8.186981e-06 0.003487539
  -9.325937e-05 0.002668734
  -0.0001382224 0.001862571
  -0.0001234327 0.001066614
  -4.446133e-05 0.0002781573
  0.0001040893 -0.0005060156
  0.0003214151 -0.001290927
  0.0006022962 -0.002082245
  0.0009416125 -0.00288514
  0.001333636 -0.003704243
  0.001771074 -0.00454342
  0.002243929 -0.005405249
  0.002741232 -0.006289238
  0.003263788 -0.007187835
  0.003817321 -0.008090833
  0.004408572 -0.008987474
  0.00504551 -0.009866863
  0.005737682 -0.01071824
  0.006496833 -0.01153106
  0.007337321 -0.01229533
  0.008267833 -0.01301012
  0.009291218 -0.01368174
  0.01041058 -0.01431701
  0.01162895 -0.01492356
  0.01294834 -0.01551046
  0.01436807 -0.01608907
  0.0158817 -0.01667394
  0.01747698 -0.01728028
  0.01915264 -0.01791065
  0.02091178 -0.01856299
  0.02275807 -0.01923475
  0.02469724 -0.01992333
  0.02673846 -0.02062539
  0.02888992 -0.02132716
  0.03116058 -0.02200694
  0.03356408 -0.02263782
  0.03612143 -0.02319138
  0.03885562 -0.02368133
  0.04178557 -0.02415579
  0.04492007 -0.02468195
  0.04825886 -0.02529853
  0.05180044 -0.02599711
  0.05553912 -0.02675894
  0.05946858 -0.0275566
  0.06358878 -0.02835492
  0.06791654 -0.02911278
  0.07248801 -0.02981219
  0.07733964 -0.0304712
  0.08249609 -0.03111592
  0.08795169 -0.03178032
  0.09364567 -0.03249634
  0.09948574 -0.03323803
  0.1054094 -0.03395479
  0.1114112 -0.0345996
  0.1175521 -0.03513995
  0.1239173 -0.03559314
  0.1305632 -0.0359901
  0.1374854 -0.03636475
  0.1446046 -0.03673527
  0.1518316 -0.03709865
  0.1591119 -0.03745292
  0.16643 -0.03779754
  0.1737714 -0.03813055
  0.1810982 -0.0384489
  0.1883563 -0.03874348
  0.1955187 -0.03899303
  0.2026085 -0.03917751
  0.2096899 -0.03928667
  0.2168287 -0.03934583
  0.2240537 -0.03938983
  0.2313501 -0.03945023
  0.2386808 -0.03952264
  0.2460296 -0.03958578
  0.2534084 -0.03961994
  0.2608437 -0.03962402
  0.2683467 -0.03960837
  0.2759051 -0.03958352
  0.2834897 -0.03955309
  0.2910742 -0.03951572
  0.2986408 -0.03946979
  0.3061808 -0.03941153
  0.3136943 -0.03933565
  0.32119 -0.0392371
  0.3286794 -0.03911452
  0.3361652 -0.03896947
  0.3436377 -0.03880354
  0.3510831 -0.03861387
  0.3585027 -0.03839346
  0.3659177 -0.03813508
  0.3733619 -0.03784244
  0.3808591 -0.03753123
  0.3884138 -0.03721864
  0.3960135 -0.03691301
  0.4036415 -0.03661142
  0.411283 -0.03631019
  0.4189258 -0.0360069
  0.42656 -0.03570061
  0.434178 -0.03539053
  0.4417731 -0.03507971
  0.4493348 -0.03477531
  0.4568474 -0.03448415
  0.4642959 -0.03419998
  0.4716828 -0.03390268
  0.4790328 -0.03357168
  0.4863838 -0.03319884
  0.4937575 -0.0327932
  0.5011461 -0.03236654
  0.5085161 -0.03193429
  0.5158338 -0.03151488
  0.5230782 -0.03112544
  0.5302403 -0.03076641
  0.5373252 -0.03040473
  0.5443551 -0.030004
  0.5513672 -0.02953935
  0.5583999 -0.02903308
  0.5654741 -0.02852102
  0.5725913 -0.02803678
  0.5797365 -0.02757491
  0.5868937 -0.02710895
  0.5940493 -0.02661262
  0.601196 -0.02607282
  0.6083401 -0.02548676
  0.6155028 -0.02485062
  0.6227137 -0.02416727
  0.6299763 -0.02345311
  0.6372485 -0.02273046
  0.6444523 -0.02200985
  0.6515413 -0.02126789
  0.6585359 -0.02047304
  0.6655098 -0.01959989
  0.6725411 -0.0186633
  0.6796602 -0.01769396
  0.6868395 -0.01672722
  0.6940206 -0.01576346
  0.7011772 -0.01478074
  0.7083271 -0.01375286
  0.7155148 -0.01267079
  0.7227686 -0.01154311
  0.7300848 -0.01038402
  0.7374319 -0.009209607
  0.7447768 -0.008033099
  0.7520956 -0.006865872
  0.7593704 -0.005709841
  0.7665754 -0.004556464
  0.7736747 -0.003398897
  0.7806329 -0.002248156
  0.7874459 -0.001144552
  0.7941444 -0.000122565
  0.8007841 0.0007952578
  0.8074181 0.001616387
  0.8140758 0.00235421
  0.8207631 0.003018207
  0.8274669 0.003611464
  0.8341679 0.004131987
  0.8408459 0.004578233
  0.847481 0.004947495
  0.8540662 0.005231354
  0.8606177 0.005421083
  0.8671733 0.005509351
  0.8737807 0.005516767
  0.8804629 0.005487729
  0.8872047 0.00546987
  0.8939544 0.005488406
  0.9006712 0.005508117
  0.9073577 0.005485522
  0.9140588 0.005382292
  0.9208293 0.005199111
  0.9276786 0.004957152
  0.9345529 0.004681093
  0.9413536 0.004379121
  0.9480154 0.004035616
  0.9545316 0.003633807
  0.9609361 0.003164513
  0.9672526 0.002649848
  0.9734557 0.002121055
  0.9794801 0.001610006
  0.9852469 0.001136618
  0.9907018 0.0007038904
  0.9958241 0.0003108677
  1.0 0.0
