EPPLER 1214 AIRFOIL
  1.0 0.0
  0.9954212 0.0005910389
  0.9900111 0.001440522
  0.9844166 0.002436718
  0.9786135 0.003533713
  0.972596 0.004700831
  0.9663591 0.005906443
  0.9598966 0.007121471
  0.9532062 0.008340566
  0.9462865 0.009563468
  0.9391347 0.0107909
  0.9317486 0.01202779
  0.9241319 0.01328199
  0.9162973 0.01456196
  0.9082692 0.01587515
  0.9000784 0.01722149
  0.8917545 0.01859838
  0.8833221 0.0200041
  0.8747978 0.02143813
  0.8661921 0.02289998
  0.8575138 0.02438867
  0.8487714 0.02590321
  0.8399729 0.02744266
  0.8311259 0.02900599
  0.8222366 0.03059194
  0.8133106 0.03219935
  0.8043521 0.03382723
  0.7953639 0.03547475
  0.786348 0.03714119
  0.7773055 0.03882567
  0.7682378 0.0405273
  0.7591459 0.04224518
  0.7500311 0.04397839
  0.7408943 0.04572598
  0.7317366 0.0474869
  0.7225588 0.04926008
  0.7133618 0.05104447
  0.7041464 0.05283898
  0.6949132 0.05464254
  0.6856636 0.05645401
  0.6763997 0.05827202
  0.6671251 0.06009497
  0.6578444 0.06192102
  0.6485634 0.06374806
  0.6392888 0.06557369
  0.6300264 0.06739543
  0.6207812 0.06921105
  0.6115566 0.07101855
  0.6023553 0.07281618
  0.5931785 0.07460246
  0.5840271 0.07637604
  0.5749021 0.07813562
  0.5658047 0.07987982
  0.5567367 0.08160726
  0.5476999 0.08331655
  0.5386963 0.08500615
  0.5297278 0.08667422
  0.5207961 0.08831896
  0.5119023 0.08993868
  0.5030473 0.09153183
  0.4942318 0.09309695
  0.485456 0.09463264
  0.4767204 0.09613748
  0.4680258 0.09761006
  0.459373 0.09904901
  0.4507632 0.100453
  0.4421975 0.1018206
  0.4336775 0.1031505
  0.4252047 0.1044409
  0.4167808 0.1056903
  0.4084073 0.1068971
  0.4000862 0.10806
  0.3918192 0.1091776
  0.3836081 0.1102484
  0.3754549 0.1112706
  0.3673615 0.1122428
  0.3593295 0.1131634
  0.351361 0.1140313
  0.3434575 0.1148453
  0.3356209 0.115604
  0.3278536 0.1163062
  0.3201581 0.1169506
  0.3125369 0.1175364
  0.3049928 0.1180626
  0.2975289 0.1185285
  0.290148 0.1189326
  0.2828532 0.1192735
  0.2756476 0.1195499
  0.2685339 0.119761
  0.2615149 0.1199062
  0.254593 0.119985
  0.2477704 0.1199958
  0.2410483 0.1199376
  0.2344268 0.1198094
  0.2279053 0.1196105
  0.2214825 0.1193404
  0.2151567 0.118999
  0.2089271 0.118587
  0.2027936 0.1181053
  0.196757 0.1175549
  0.1908182 0.1169372
  0.1849788 0.1162535
  0.1792406 0.1155054
  0.1736055 0.1146936
  0.1680754 0.113819
  0.1626513 0.1128825
  0.1573341 0.1118855
  0.1521241 0.1108292
  0.1470214 0.1097153
  0.1420264 0.1085454
  0.1371391 0.1073214
  0.1323596 0.106045
  0.1276874 0.1047183
  0.1231217 0.1033432
  0.1186619 0.1019217
  0.1143068 0.1004572
  0.1100561 0.09895373
  0.1059097 0.09741539
  0.1018679 0.09584643
  0.09793087 0.09425106
  0.09409905 0.09263346
  0.09037262 0.09099752
  0.0867519 0.08934651
  0.08323708 0.08768358
  0.07982801 0.08601184
  0.07652424 0.08433432
  0.07332491 0.08265389
  0.07022879 0.08097324
  0.06723445 0.0792948
  0.06434056 0.07762033
  0.06154536 0.07595123
  0.05884663 0.07428869
  0.05624177 0.07263365
  0.05372794 0.0709869
  0.05130215 0.06934904
  0.0489613 0.06772055
  0.04670233 0.06610177
  0.04452247 0.06449306
  0.04241936 0.06289498
  0.04039087 0.06130826
  0.03843502 0.05973373
  0.03654991 0.05817225
  0.03473365 0.0566247
  0.03298435 0.05509192
  0.0313001 0.05357471
  0.02967941 0.05207374
  0.02812124 0.05058933
  0.0266241 0.04912135
  0.02518609 0.04766934
  0.02380514 0.04623256
  0.02247904 0.04481012
  0.02120556 0.04340102
  0.01998253 0.04200416
  0.01880782 0.04061842
  0.01767941 0.03924262
  0.01659491 0.03787553
  0.01555156 0.03651619
  0.01454716 0.03516423
  0.01357999 0.03381988
  0.01264873 0.03248379
  0.01175229 0.03115695
  0.01088976 0.02984062
  0.01006031 0.02853621
  0.009263165 0.02724523
  0.008497531 0.02596918
  0.007762618 0.02470952
  0.007058866 0.0234678
  0.006388033 0.02224531
  0.005751273 0.02104264
  0.005149159 0.01985976
  0.004581853 0.01869626
  0.004049231 0.0175514
  0.003550987 0.01642423
  0.003086706 0.01531368
  0.002655928 0.01421856
  0.002258184 0.01313765
  0.001893035 0.01206971
  0.001560092 0.01101345
  0.001259036 0.009967611
  0.0009896305 0.008930903
  0.0007517381 0.007902044
  0.0005453285 0.006879742
  0.0003704909 0.005862691
  0.0002274459 0.00484956
  0.0001165594 0.003838983
  3.8359e-05 0.002829546
  -6.446405e-06 0.001819768
  -1.694121e-05 0.0008080773
  8.026589e-06 -0.0002072069
  6.954709e-05 -0.001227348
  0.0001682511 -0.002252376
  0.0003049334 -0.003281987
  0.0004806359 -0.004315667
  0.0006966331 -0.005352664
  0.0009544185 -0.006391958
  0.001255688 -0.007432211
  0.001602315 -0.008471718
  0.001996323 -0.009508354
  0.002439837 -0.01053951
  0.002935023 -0.01156201
  0.003484003 -0.0125721
  0.004087533 -0.01356649
  0.004742408 -0.0145469
  0.005447847 -0.01551493
  0.006203272 -0.01647205
  0.007007998 -0.01741979
  0.007861178 -0.01835971
  0.008761749 -0.01929349
  0.009708357 -0.02022287
  0.01069927 -0.02114971
  0.01173228 -0.02207596
  0.01280457 -0.02300372
  0.01391267 -0.02393513
  0.01505488 -0.02487132
  0.01623219 -0.02581212
  0.01744578 -0.02675729
  0.0186969 -0.02770658
  0.01998685 -0.02865979
  0.02131704 -0.02961672
  0.02268897 -0.03057725
  0.02410428 -0.03154129
  0.02556479 -0.03250886
  0.02707257 -0.03348005
  0.02862995 -0.03445512
  0.03023943 -0.03543443
  0.0319034 -0.03641837
  0.03362433 -0.03740734
  0.03540479 -0.03840178
  0.03724741 -0.03940212
  0.03915491 -0.04040885
  0.04112999 -0.04142244
  0.04317534 -0.04244341
  0.04529354 -0.04347226
  0.04748699 -0.04450947
  0.04975803 -0.04555532
  0.05210974 -0.04660943
  0.05454536 -0.04767123
  0.0570682 -0.04874006
  0.05968161 -0.04981521
  0.062389 -0.05089589
  0.06519388 -0.05198129
  0.0680999 -0.05307058
  0.07111097 -0.05416295
  0.07423133 -0.05525758
  0.07746538 -0.0563535
  0.08081746 -0.05744959
  0.08429172 -0.05854458
  0.08789207 -0.05963709
  0.09162206 -0.06072562
  0.09548485 -0.06180854
  0.09948308 -0.06288413
  0.1036191 -0.06395033
  0.1078949 -0.06500461
  0.1123117 -0.06604429
  0.1168694 -0.06706654
  0.1215674 -0.06806849
  0.1264036 -0.06904725
  0.1313752 -0.06999993
  0.1364787 -0.07092255
  0.1417106 -0.0718103
  0.1470668 -0.07265839
  0.1525438 -0.07346211
  0.1581386 -0.07421693
  0.1638496 -0.07491847
  0.1696768 -0.07556343
  0.1756204 -0.07615005
  0.1816804 -0.07667681
  0.187856 -0.07714234
  0.1941464 -0.07754544
  0.2005497 -0.07788511
  0.2070642 -0.07816047
  0.2136883 -0.07837066
  0.2204204 -0.07851506
  0.2272597 -0.07859328
  0.2342056 -0.07860518
  0.2412584 -0.07855085
  0.2484192 -0.0784307
  0.25569 -0.07824558
  0.2630724 -0.07799665
  0.2705677 -0.07768531
  0.2781774 -0.0773133
  0.2859021 -0.0768827
  0.2937428 -0.07639569
  0.3016994 -0.0758546
  0.3097713 -0.07526218
  0.3179561 -0.07462169
  0.3262503 -0.07393699
  0.3346486 -0.07321241
  0.3431441 -0.07245106
  0.3517298 -0.07165511
  0.3603986 -0.07082693
  0.3691438 -0.06996907
  0.377959 -0.06908428
  0.3868384 -0.06817524
  0.3957765 -0.06724372
  0.4047684 -0.06629117
  0.4138094 -0.06531906
  0.4228957 -0.06432888
  0.4320237 -0.06332211
  0.4411908 -0.06230015
  0.4503944 -0.06126424
  0.459632 -0.06021561
  0.4689009 -0.05915555
  0.4781984 -0.05808539
  0.4875216 -0.05700649
  0.4968676 -0.05592003
  0.5062338 -0.0548268
  0.5156174 -0.05372756
  0.5250163 -0.05262304
  0.5344285 -0.05151396
  0.5438522 -0.050401
  0.5532859 -0.04928487
  0.5627281 -0.04816636
  0.572177 -0.04704625
  0.581631 -0.04592536
  0.5910881 -0.04480451
  0.6005462 -0.04368453
  0.6100035 -0.04256604
  0.6194582 -0.04144958
  0.628909 -0.04033559
  0.6383549 -0.03922451
  0.6477955 -0.03811672
  0.6572304 -0.03701254
  0.6666595 -0.03591225
  0.6760823 -0.03481613
  0.6854982 -0.0337245
  0.6949066 -0.03263769
  0.7043064 -0.03155604
  0.7136965 -0.03048002
  0.7230761 -0.02941015
  0.7324445 -0.02834692
  0.7418012 -0.02729081
  0.751146 -0.02624226
  0.7604785 -0.02520158
  0.7697984 -0.02416887
  0.7791041 -0.02314427
  0.7883937 -0.02212799
  0.7976644 -0.02112033
  0.8069129 -0.02012168
  0.8161347 -0.01913268
  0.8253245 -0.01815406
  0.8344757 -0.01718666
  0.8435811 -0.01623138
  0.8526323 -0.01528904
  0.8616202 -0.01436033
  0.8705347 -0.01344599
  0.8793651 -0.01254681
  0.8881001 -0.01166341
  0.8967235 -0.01079608
  0.9052117 -0.009945683
  0.9135361 -0.009113709
  0.9216657 -0.008300833
  0.9295748 -0.007502355
  0.9372489 -0.006712225
  0.9446827 -0.005924924
  0.9518772 -0.005137513
  0.9588316 -0.004352067
  0.9655416 -0.003571644
  0.9720019 -0.002801878
  0.9782109 -0.002064324
  0.9841705 -0.001382488
  0.9898863 -0.0007793089
  0.9953809 -0.0002960837
  1.0 0.0
