 EPPLER 1230 AIRFOIL
  1.0 0.0001
  0.9967585 0.001316778
  0.9931352 0.001889431
  0.9896992 0.003035893
  0.9862082 0.004435083
  0.9825285 0.005778561
  0.97867 0.007121985
  0.9746516 0.008553149
  0.9704638 0.01006318
  0.9660862 0.01160621
  0.9615024 0.01315068
  0.9567038 0.01469203
  0.951682 0.01622794
  0.946427 0.01775743
  0.9409252 0.0192813
  0.935158 0.02080415
  0.9291086 0.02233753
  0.9227736 0.02389433
  0.9161679 0.02548033
  0.909313 0.02709214
  0.9022294 0.02872719
  0.8949348 0.03038317
  0.8874483 0.03205726
  0.8797909 0.03374671
  0.8719842 0.03544848
  0.8640484 0.03715997
  0.8560012 0.03887938
  0.8478594 0.04060474
  0.8396406 0.04233405
  0.8313625 0.04406471
  0.8230387 0.04579324
  0.8146762 0.04751732
  0.8062761 0.04923663
  0.7978396 0.05095269
  0.7893716 0.05266653
  0.780881 0.05437794
  0.7723771 0.05608498
  0.7638667 0.05778583
  0.755354 0.05947919
  0.7468411 0.06116408
  0.7383285 0.06283973
  0.7298154 0.06450567
  0.7213004 0.06616201
  0.7127833 0.06780913
  0.704266 0.06944708
  0.695752 0.07107538
  0.6872447 0.07269272
  0.6787457 0.07429798
  0.6702539 0.07589045
  0.6617672 0.07747012
  0.6532845 0.0790373
  0.6448065 0.08059198
  0.636336 0.0821337
  0.6278764 0.08366125
  0.6194296 0.08517333
  0.6109966 0.08666889
  0.6025767 0.08814719
  0.5941694 0.08960771
  0.5857748 0.09104985
  0.5773938 0.09247287
  0.5690276 0.09387584
  0.5606772 0.09525771
  0.5523422 0.09661762
  0.5440212 0.09795491
  0.5357125 0.09926936
  0.5274157 0.1005609
  0.5191322 0.1018291
  0.5108653 0.1030733
  0.5026185 0.1042921
  0.4943946 0.1054835
  0.4861949 0.1066463
  0.4780197 0.1077789
  0.4698689 0.1088805
  0.4617417 0.1099501
  0.4536374 0.1109867
  0.4455553 0.1119895
  0.4374956 0.112958
  0.4294598 0.1138913
  0.421451 0.1147887
  0.413473 0.1156487
  0.4055286 0.1164695
  0.3976188 0.1172493
  0.3897424 0.1179869
  0.3818981 0.1186813
  0.3740861 0.1193321
  0.3663092 0.1199386
  0.3585726 0.1204999
  0.3508814 0.121014
  0.3432391 0.1214787
  0.3356464 0.1218921
  0.3281023 0.1222526
  0.3206065 0.1225595
  0.3131604 0.1228119
  0.3057675 0.1230092
  0.2984328 0.1231499
  0.2911597 0.1232323
  0.2839502 0.1232548
  0.2768044 0.1232159
  0.269722 0.1231145
  0.2627049 0.1229501
  0.2557564 0.1227224
  0.2488815 0.1224306
  0.2420845 0.1220729
  0.2353673 0.1216473
  0.2287291 0.1211518
  0.2221683 0.120585
  0.2156829 0.1199459
  0.2092719 0.1192336
  0.2029344 0.1184473
  0.1966699 0.1175866
  0.1904778 0.116651
  0.1843572 0.1156402
  0.1783074 0.114554
  0.1723283 0.1133927
  0.1664204 0.1121569
  0.1605852 0.1108473
  0.1548245 0.1094647
  0.1491404 0.1080096
  0.1435345 0.1064827
  0.1380085 0.1048849
  0.1325641 0.1032177
  0.1272026 0.1014826
  0.1219256 0.09968132
  0.116735 0.09781754
  0.1116348 0.09589639
  0.106631 0.0939241
  0.1017315 0.09190716
  0.0969446 0.0898517
  0.09227798 0.08776413
  0.08773867 0.08565096
  0.08333322 0.08351804
  0.07906725 0.08137105
  0.07494499 0.07921566
  0.07096948 0.07705733
  0.06714296 0.07490137
  0.06346656 0.07275292
  0.05994018 0.07061683
  0.05656295 0.06849757
  0.05333343 0.06639941
  0.05024943 0.06432634
  0.04730798 0.06228185
  0.04450588 0.06026838
  0.04183949 0.05828761
  0.03930435 0.05634083
  0.03689543 0.0544289
  0.03460751 0.05255238
  0.03243548 0.05071159
  0.03037411 0.04890669
  0.02841812 0.04713764
  0.02656227 0.0454042
  0.02480191 0.04370576
  0.02313269 0.04204161
  0.02155032 0.04041101
  0.02005055 0.03881318
  0.01862922 0.03724734
  0.01728255 0.03571263
  0.01600698 0.03420806
  0.01479898 0.03273255
  0.01365507 0.03128494
  0.01257187 0.02986407
  0.01154623 0.02846878
  0.01057567 0.02709798
  0.009658135 0.0257509
  0.008791717 0.02442699
  0.0079746 0.02312586
  0.007205011 0.02184725
  0.006481227 0.02059091
  0.005801973 0.01935655
  0.005166082 0.01814339
  0.004572122 0.0169502
  0.004018533 0.01577548
  0.003503735 0.01461751
  0.003026201 0.01347452
  0.002584568 0.01234469
  0.00217809 0.01122698
  0.001806538 0.01012146
  0.001469893 0.009029169
  0.001168147 0.007951827
  0.0009011564 0.006891598
  0.0006685343 0.005850879
  0.0004699172 0.004832106
  0.0003058604 0.003836606
  0.0001766129 0.002862888
  8.222599e-05 0.001907233
  2.304288e-05 0.0009643243
  1.067364e-07 2.742844e-05
  1.534498e-05 -0.0009125335
  7.13287e-05 -0.001864785
  0.0001737708 -0.002825878
  0.0003297534 -0.003788466
  0.0005467873 -0.004745254
  0.0008329959 -0.00568899
  0.001197387 -0.006612407
  0.001648456 -0.007509136
  0.002184612 -0.008379141
  0.002799892 -0.009224634
  0.003487783 -0.01004752
  0.004240838 -0.01084943
  0.005050224 -0.0116317
  0.005907229 -0.01239547
  0.006810215 -0.01314225
  0.007759526 -0.01387393
  0.008755349 -0.01459279
  0.009797669 -0.01530157
  0.01088623 -0.01600356
  0.01202051 -0.01670263
  0.01320099 -0.01740122
  0.01442971 -0.01809948
  0.01570891 -0.0187974
  0.01704095 -0.01949504
  0.01842827 -0.02019245
  0.01987344 -0.02088975
  0.02137917 -0.0215871
  0.02294889 -0.02228462
  0.02458648 -0.0229825
  0.02629608 -0.02368095
  0.02808208 -0.02438032
  0.02994913 -0.02508105
  0.03190214 -0.0257837
  0.03394665 -0.02648844
  0.03608893 -0.02719501
  0.03833577 -0.02790315
  0.04069449 -0.02861264
  0.04317307 -0.02932335
  0.04578032 -0.03003527
  0.04852618 -0.03074851
  0.05142131 -0.03146332
  0.05447691 -0.03218013
  0.05770448 -0.03289972
  0.06111578 -0.03362293
  0.06472317 -0.03434948
  0.06853902 -0.03507869
  0.07257529 -0.03581003
  0.07684338 -0.03654322
  0.08135429 -0.03727735
  0.08611749 -0.03801072
  0.09114007 -0.03874167
  0.0964267 -0.03946884
  0.1019795 -0.04019038
  0.107796 -0.04090408
  0.1138685 -0.04160808
  0.1201843 -0.04230024
  0.1267279 -0.04297662
  0.1334823 -0.04363336
  0.1404325 -0.04426755
  0.1475648 -0.04487784
  0.1548632 -0.04546379
  0.1623085 -0.04602547
  0.1698799 -0.04656206
  0.1775579 -0.04707182
  0.1853268 -0.04755358
  0.1931755 -0.04800679
  0.2010947 -0.04843138
  0.2090758 -0.04882753
  0.2171105 -0.0491956
  0.2251917 -0.04953586
  0.2333135 -0.04984872
  0.2414714 -0.05013472
  0.2496621 -0.05039456
  0.2578816 -0.05062902
  0.2661243 -0.0508389
  0.2743836 -0.05102482
  0.2826535 -0.05118627
  0.2909309 -0.05132261
  0.299216 -0.05143325
  0.3075109 -0.05151828
  0.315817 -0.05157852
  0.324133 -0.05161482
  0.3324556 -0.05162797
  0.3407802 -0.051618
  0.3491034 -0.05158458
  0.3574235 -0.05152741
  0.3657403 -0.05144628
  0.3740535 -0.05134125
  0.3823619 -0.05121247
  0.3906631 -0.05106012
  0.3989537 -0.0508841
  0.4072299 -0.0506837
  0.4154882 -0.05045818
  0.4237251 -0.05020684
  0.4319381 -0.04992866
  0.4401262 -0.04962212
  0.4482912 -0.04928562
  0.4564375 -0.04891745
  0.4645705 -0.04851676
  0.4726942 -0.04808366
  0.4808095 -0.04761841
  0.4889144 -0.04712143
  0.4970055 -0.04659264
  0.5050815 -0.04603134
  0.5131444 -0.04543657
  0.5211995 -0.04480715
  0.5292531 -0.04414292
  0.5373076 -0.04344502
  0.5453591 -0.04271517
  0.553398 -0.04195559
  0.5614118 -0.04116744
  0.5693937 -0.04035017
  0.5773447 -0.03950252
  0.5852728 -0.03862262
  0.5931874 -0.0377119
  0.6010824 -0.03677654
  0.6089317 -0.03582528
  0.6166918 -0.03486857
  0.6243105 -0.03390651
  0.6317484 -0.03292848
  0.638984 -0.03192401
  0.6460102 -0.03088364
  0.6528354 -0.02981805
  0.6594912 -0.02876906
  0.6660271 -0.02777316
  0.6725066 -0.02686106
  0.6790084 -0.0260597
  0.6856146 -0.02535702
  0.6923827 -0.02470717
  0.6993336 -0.02406251
  0.7064395 -0.0233805
  0.7136362 -0.02265886
  0.7208474 -0.02191107
  0.7279984 -0.02116085
  0.7350555 -0.02045289
  0.7420446 -0.01982697
  0.7490327 -0.01929046
  0.7560798 -0.01880509
  0.7632197 -0.01832962
  0.7704573 -0.01782263
  0.7777706 -0.01726758
  0.7851323 -0.01668815
  0.7925201 -0.01611232
  0.7999167 -0.01556438
  0.8073038 -0.01504073
  0.8146546 -0.01452575
  0.821935 -0.01400475
  0.8291068 -0.01347126
  0.8361344 -0.01294667
  0.8429873 -0.01245646
  0.8496413 -0.01202187
  0.8560791 -0.01165014
  0.862295 -0.01130401
  0.8683015 -0.01094034
  0.8741236 -0.010523
  0.8797928 -0.0100206
  0.8853461 -0.009420357
  0.8908257 -0.008780511
  0.8962718 -0.008174102
  0.9017216 -0.007666143
  0.9072044 -0.007258363
  0.9127393 -0.006913992
  0.9183381 -0.006595282
  0.9240039 -0.006262759
  0.9297299 -0.00587509
  0.9355009 -0.005415927
  0.9413006 -0.004914651
  0.9471113 -0.004406646
  0.9529142 -0.003927819
  0.958689 -0.003498939
  0.9644092 -0.003103946
  0.9700447 -0.002722132
  0.9755645 -0.002334668
  0.9809389 -0.001925419
  0.9861427 -0.00148599
  0.9911593 -0.001020529
  0.99598 -0.0005344606
  1.0 -0.0001
