 E182 (8.47%)
  1.0 0.0
  0.9972428 -2.621331e-05
  0.9934589 -4.925705e-05
  0.9890346 -5.525639e-05
  0.9841127 -3.202489e-05
  0.9788042 2.887e-05
  0.9732173 0.0001305476
  0.9674567 0.0002728458
  0.961591 0.0004551524
  0.9556685 0.0006768593
  0.949719 0.000936993
  0.9437508 0.001234785
  0.9377586 0.001568855
  0.9317379 0.001937388
  0.9256866 0.002338413
  0.9196059 0.0027697
  0.9134994 0.00322899
  0.9073718 0.003714458
  0.9012267 0.004224306
  0.8950672 0.004756719
  0.8888954 0.005309892
  0.8827126 0.005882124
  0.8765195 0.006472262
  0.8703167 0.007079363
  0.8641047 0.007702465
  0.8578842 0.008340595
  0.8516557 0.008992762
  0.8454198 0.009658
  0.839177 0.01033557
  0.8329279 0.01102485
  0.8266732 0.01172519
  0.8204135 0.01243593
  0.8141494 0.01315641
  0.8078818 0.01388595
  0.8016112 0.01462397
  0.7953384 0.01537011
  0.7890636 0.01612407
  0.7827872 0.01688557
  0.7765092 0.01765436
  0.7702292 0.0184302
  0.763947 0.0192129
  0.7576618 0.02000223
  0.751373 0.02079779
  0.74508 0.02159918
  0.7387824 0.02240595
  0.7324799 0.02321765
  0.7261723 0.02403381
  0.7198597 0.02485393
  0.713542 0.02567751
  0.7072197 0.02650416
  0.700893 0.02733353
  0.6945625 0.02816526
  0.688229 0.02899897
  0.6818932 0.02983427
  0.6755561 0.03067072
  0.669219 0.03150788
  0.662883 0.03234523
  0.6565494 0.03318197
  0.6502194 0.03401727
  0.643894 0.03485031
  0.6375744 0.03568028
  0.6312615 0.03650639
  0.6249562 0.03732787
  0.6186593 0.03814395
  0.6123715 0.03895381
  0.6060934 0.03975644
  0.599825 0.04055086
  0.5935663 0.04133613
  0.587317 0.04211137
  0.5810765 0.04287572
  0.5748438 0.04362836
  0.5686178 0.04436853
  0.5623973 0.0450956
  0.5561809 0.04580929
  0.5499678 0.04650932
  0.5437574 0.04719535
  0.5375493 0.04786705
  0.5313433 0.04852402
  0.5251397 0.04916585
  0.5189387 0.04979211
  0.5127411 0.05040233
  0.5065474 0.05099597
  0.5003579 0.05157252
  0.4941729 0.05213149
  0.4879921 0.05267242
  0.4818153 0.05319487
  0.4756419 0.05369841
  0.4694712 0.05418264
  0.4633022 0.05464722
  0.4571342 0.05509201
  0.4509667 0.05551684
  0.4447995 0.05592155
  0.4386327 0.05630592
  0.4324668 0.05666974
  0.4263023 0.05701277
  0.4201403 0.05733478
  0.4139819 0.05763541
  0.4078282 0.05791411
  0.4016798 0.05817037
  0.395537 0.05840368
  0.3893995 0.05861357
  0.3832671 0.05879955
  0.3771388 0.05896118
  0.3710134 0.05909799
  0.3648896 0.05920991
  0.358766 0.05929713
  0.3526415 0.05935981
  0.3465152 0.05939812
  0.3403863 0.05941218
  0.3342539 0.05940212
  0.3281177 0.05936805
  0.3219773 0.05931012
  0.3158325 0.05922859
  0.3096834 0.05912378
  0.3035304 0.05899599
  0.2973741 0.05884555
  0.2912155 0.05867281
  0.2850558 0.05847814
  0.2788965 0.05826189
  0.2727391 0.05802398
  0.2665851 0.05776415
  0.2604354 0.05748216
  0.2542907 0.05717774
  0.2481517 0.05685063
  0.2420183 0.05650055
  0.2358906 0.05612721
  0.2297683 0.05573023
  0.2236514 0.05530922
  0.2175404 0.05486381
  0.2114358 0.05439365
  0.2053385 0.05389844
  0.1992496 0.0533779
  0.1931705 0.05283167
  0.1871023 0.05225912
  0.1810463 0.05165959
  0.1750028 0.0510324
  0.1689724 0.05037685
  0.162955 0.04969222
  0.1569503 0.04897766
  0.150959 0.048232
  0.1449828 0.0474542
  0.1390252 0.04664344
  0.133091 0.04579921
  0.1271863 0.04492134
  0.1213177 0.04400957
  0.1154899 0.04306271
  0.1097027 0.0420789
  0.1039522 0.04105558
  0.09823011 0.03998938
  0.09252567 0.03887587
  0.08683508 0.03771062
  0.08117381 0.03649288
  0.07557659 0.03522709
  0.07009318 0.03392304
  0.06477689 0.03259268
  0.05964759 0.03123838
  0.05467783 0.02985071
  0.04980839 0.02840989
  0.04495451 0.02688429
  0.04006208 0.02524499
  0.03526399 0.02352608
  0.03084929 0.0218367
  0.02703239 0.02028374
  0.02380701 0.01888412
  0.02101983 0.01758692
  0.01853658 0.01634367
  0.01625922 0.01511391
  0.01411308 0.01386016
  0.01204958 0.01256228
  0.01010488 0.01126222
  0.008365148 0.01004353
  0.006874017 0.008963711
  0.005611704 0.008028746
  0.004540494 0.007214979
  0.00363929 0.006484068
  0.002882418 0.005805204
  0.00224695 0.005157864
  0.001715678 0.004528022
  0.001276316 0.003905484
  0.000920369 0.003282272
  0.0006422804 0.002651614
  0.0004388886 0.002007291
  0.0003071815 0.001347231
  0.000242433 0.0006771361
  0.000241663 3.06309e-06
  0.0003037283 -0.0006691625
  0.0004291388 -0.001333547
  0.0006200731 -0.001983526
  0.00088059 -0.002611485
  0.001216608 -0.003209389
  0.001632883 -0.003777727
  0.002134736 -0.004321477
  0.002730202 -0.004845856
  0.003430821 -0.005356874
  0.00425276 -0.00586225
  0.005218186 -0.006373059
  0.006355701 -0.006906825
  0.007693999 -0.007492725
  0.009265022 -0.0081611
  0.01111648 -0.008921472
  0.01325691 -0.009757548
  0.0156135 -0.01061716
  0.01808514 -0.01144308
  0.02066149 -0.01221851
  0.0234152 -0.01296187
  0.02644284 -0.01369517
  0.02987318 -0.01444118
  0.03389803 -0.01523061
  0.03865621 -0.01608309
  0.04401034 -0.01695767
  0.049599 -0.01778276
  0.05511855 -0.01851819
  0.06053353 -0.01917145
  0.0659529 -0.01976512
  0.0714673 -0.02031466
  0.07713497 -0.02082959
  0.08297516 -0.02131522
  0.08895517 -0.02177231
  0.09501741 -0.02219763
  0.101113 -0.02258944
  0.1072101 -0.02294817
  0.1132963 -0.023276
  0.1193778 -0.02357597
  0.1254681 -0.02385063
  0.1315777 -0.02410202
  0.1377131 -0.02433192
  0.143877 -0.0245419
  0.1500679 -0.02473342
  0.1562805 -0.02490758
  0.162509 -0.02506502
  0.1687486 -0.02520643
  0.174996 -0.02533255
  0.1812488 -0.02544421
  0.1875061 -0.02554229
  0.1937684 -0.02562761
  0.2000363 -0.02570079
  0.2063107 -0.02576239
  0.2125917 -0.02581296
  0.2188796 -0.02585305
  0.2251742 -0.02588322
  0.231475 -0.02590403
  0.2377814 -0.02591597
  0.2440927 -0.02591938
  0.2504083 -0.02591461
  0.2567275 -0.02590199
  0.2630501 -0.02588187
  0.2693757 -0.02585459
  0.2757039 -0.02582051
  0.2820346 -0.02577994
  0.2883678 -0.02573311
  0.2947032 -0.02568021
  0.3010407 -0.02562142
  0.3073803 -0.02555695
  0.3137218 -0.02548697
  0.320065 -0.02541169
  0.32641 -0.02533131
  0.3327564 -0.02524599
  0.3391044 -0.02515589
  0.3454537 -0.02506115
  0.3518044 -0.02496193
  0.3581566 -0.02485836
  0.3645103 -0.0247506
  0.3708656 -0.02463879
  0.3772228 -0.02452308
  0.3835819 -0.02440361
  0.3899431 -0.02428057
  0.3963064 -0.02415411
  0.4026718 -0.02402442
  0.4090392 -0.02389167
  0.4154081 -0.02375604
  0.4217784 -0.0236177
  0.4281496 -0.02347685
  0.4345211 -0.02333361
  0.4408926 -0.02318796
  0.4472635 -0.02303987
  0.4536338 -0.0228893
  0.4600034 -0.02273622
  0.4663722 -0.02258059
  0.4727405 -0.02242237
  0.4791086 -0.0222615
  0.4854769 -0.02209797
  0.4918458 -0.02193182
  0.4982158 -0.02176316
  0.5045869 -0.02159208
  0.5109593 -0.02141869
  0.5173331 -0.02124309
  0.5237079 -0.02106539
  0.5300837 -0.0208857
  0.53646 -0.02070413
  0.5428364 -0.02052073
  0.5492124 -0.02033547
  0.555588 -0.02014833
  0.5619628 -0.01995928
  0.568337 -0.01976829
  0.5747107 -0.01957532
  0.5810841 -0.01938033
  0.5874576 -0.01918328
  0.5938316 -0.01898418
  0.6002066 -0.01878308
  0.6065828 -0.01858009
  0.6129602 -0.0183753
  0.619339 -0.01816881
  0.6257188 -0.01796071
  0.6320993 -0.01775113
  0.6384801 -0.01754016
  0.6448605 -0.01732788
  0.65124 -0.01711423
  0.6576182 -0.01689909
  0.6639949 -0.01668238
  0.6703699 -0.01646398
  0.6767436 -0.01624377
  0.6831162 -0.01602164
  0.6894882 -0.01579745
  0.6958604 -0.01557114
  0.7022332 -0.01534274
  0.7086072 -0.01511233
  0.7149823 -0.01487999
  0.7213586 -0.01464579
  0.7277356 -0.01440984
  0.734113 -0.01417222
  0.7404898 -0.01393306
  0.7468654 -0.01369229
  0.7532389 -0.01344977
  0.7596102 -0.01320534
  0.7659791 -0.01295883
  0.772346 -0.01271006
  0.7787113 -0.01245884
  0.7850759 -0.01220497
  0.7914408 -0.01194836
  0.7978066 -0.01168906
  0.8041737 -0.01142714
  0.8105421 -0.01116271
  0.8169112 -0.01089585
  0.8232802 -0.0106267
  0.8296477 -0.01035536
  0.8360123 -0.01008165
  0.8423732 -0.009805249
  0.8487298 -0.00952583
  0.8550819 -0.009243044
  0.8614301 -0.008956522
  0.8677751 -0.008665881
  0.8741178 -0.0083708
  0.8804583 -0.008071017
  0.886796 -0.007766314
  0.8931294 -0.007456514
  0.8994561 -0.007141484
  0.905773 -0.00682074
  0.9120768 -0.006493125
  0.9183638 -0.006157444
  0.9246304 -0.005812553
  0.9308728 -0.005457301
  0.9370859 -0.005089341
  0.9432606 -0.004705437
  0.9493828 -0.004302864
  0.9554347 -0.003879546
  0.9613978 -0.003433484
  0.9672598 -0.002962252
  0.9730162 -0.002463385
  0.9786584 -0.001940034
  0.984084 -0.00141987
  0.9890938 -0.0009403709
  0.9935159 -0.0005327934
  0.9972611 -0.0002131471
  1.0 0.0
