EPPLER 336 AIRFOIL
  1.0 0.0
  0.9967391 0.0002532725
  0.9927268 0.0006445063
  0.9884004 0.001144897
  0.9837249 0.001744498
  0.9786966 0.002426103
  0.9733396 0.003171992
  0.9676907 0.003955578
  0.9617852 0.00475055
  0.9556579 0.005548097
  0.9493439 0.006343532
  0.9428707 0.007134144
  0.9362547 0.007921011
  0.9295126 0.008707846
  0.9226655 0.0094988
  0.9157396 0.01029821
  0.9087637 0.01110807
  0.901763 0.01192698
  0.894756 0.01275399
  0.8877537 0.01358895
  0.880759 0.0144326
  0.8737693 0.0152858
  0.866781 0.01614907
  0.8597915 0.01702281
  0.8527988 0.01790737
  0.8458019 0.01880298
  0.8388004 0.01970968
  0.8317943 0.02062716
  0.8247837 0.02155503
  0.8177691 0.02249288
  0.8107507 0.02344027
  0.8037293 0.02439675
  0.7967057 0.02536187
  0.7896804 0.02633541
  0.7826538 0.0273172
  0.7756259 0.02830712
  0.7685966 0.02930507
  0.7615652 0.03031104
  0.7545307 0.03132501
  0.7474921 0.03234684
  0.7404484 0.03337623
  0.7333989 0.03441284
  0.7263431 0.03545628
  0.719281 0.03650614
  0.7122127 0.03756195
  0.7051384 0.0386232
  0.6980588 0.03968947
  0.6909743 0.04076035
  0.6838853 0.04183547
  0.676792 0.04291445
  0.6696947 0.04399694
  0.6625933 0.0450826
  0.6554878 0.04617111
  0.6483781 0.04726207
  0.6412646 0.04835501
  0.6341479 0.04944939
  0.627029 0.05054462
  0.6199092 0.05164005
  0.6127904 0.05273498
  0.6056746 0.05382863
  0.5985641 0.05492015
  0.5914608 0.05600865
  0.5843658 0.05709336
  0.5772799 0.05817358
  0.5702029 0.05924873
  0.5631345 0.0603183
  0.5560734 0.0613819
  0.5490182 0.0624392
  0.5419676 0.06348987
  0.5349215 0.06453344
  0.5278803 0.06556933
  0.5208458 0.0665968
  0.5138204 0.06761503
  0.5068074 0.06862305
  0.499811 0.06961978
  0.4928346 0.07060381
  0.4858796 0.07157395
  0.4789452 0.07252933
  0.4720281 0.07346941
  0.465123 0.07439391
  0.4582225 0.07530284
  0.4513171 0.0761964
  0.4443967 0.07707554
  0.437456 0.07794127
  0.4304959 0.07879382
  0.4235239 0.07963263
  0.4165542 0.08045644
  0.4096074 0.08126338
  0.4027097 0.08205103
  0.3958885 0.08281425
  0.3891604 0.08354585
  0.3825287 0.08424046
  0.3759852 0.08489438
  0.3695126 0.08550503
  0.363086 0.08607048
  0.3566728 0.08658898
  0.350234 0.08706156
  0.3437343 0.08749582
  0.3371495 0.08789936
  0.3304684 0.08827908
  0.3236952 0.08864148
  0.3168531 0.08899279
  0.3099862 0.08933887
  0.303159 0.08968488
  0.2964476 0.09003161
  0.2899104 0.09036082
  0.2835633 0.09065208
  0.2773894 0.0908899
  0.2713504 0.09106177
  0.2653936 0.0911572
  0.259463 0.09117663
  0.2535153 0.09112544
  0.2475202 0.09100746
  0.2414599 0.0908258
  0.2353309 0.09058377
  0.2291457 0.09028571
  0.2229339 0.08993598
  0.2167297 0.08953427
  0.2105593 0.08907948
  0.2044389 0.08857065
  0.1983755 0.08800661
  0.1923675 0.08738568
  0.1864061 0.08670569
  0.1804808 0.08596528
  0.174584 0.08516346
  0.1687109 0.08429933
  0.1628597 0.08337223
  0.1570312 0.08238184
  0.1512289 0.08132827
  0.1454576 0.08021177
  0.1397228 0.0790329
  0.1340303 0.07779254
  0.1283864 0.07649194
  0.1227974 0.07513265
  0.1172702 0.07371568
  0.1118113 0.07224144
  0.1064264 0.07071048
  0.1011204 0.06912355
  0.09589746 0.06748151
  0.09076149 0.06578548
  0.08571915 0.06403763
  0.08078011 0.06224184
  0.07595604 0.06040357
  0.07125948 0.05852967
  0.06670339 0.05662734
  0.06230159 0.05470299
  0.05806665 0.05276383
  0.05400851 0.05081758
  0.05013384 0.04887197
  0.04644635 0.04693416
  0.04294991 0.045011
  0.03964797 0.04311022
  0.03654158 0.04123956
  0.0336286 0.03940587
  0.03090367 0.03761456
  0.02836045 0.03586902
  0.02599257 0.03417151
  0.02379227 0.03252379
  0.02175035 0.03092685
  0.01985661 0.02938084
  0.01810032 0.02788509
  0.01647112 0.02643816
  0.01496057 0.02503763
  0.01356081 0.02368118
  0.01226412 0.02236666
  0.01106297 0.02109204
  0.009950136 0.01985534
  0.008918762 0.01865463
  0.007962421 0.01748802
  0.007075589 0.01635371
  0.006254905 0.01524997
  0.005497347 0.01417515
  0.004799773 0.01312765
  0.004159022 0.01210596
  0.003571988 0.01110866
  0.003035666 0.01013441
  0.002547178 0.009181935
  0.002103796 0.008250073
  0.001702993 0.007337728
  0.001343849 0.006443987
  0.001026861 0.005568074
  0.0007522164 0.004709215
  0.0005198021 0.003866643
  0.0003293642 0.00303967
  0.0001816604 0.002228327
  7.798954e-05 0.001432711
  1.927962e-05 0.0006523558
  4.85053e-06 -0.0001151493
  3.465335e-05 -0.00087767
  0.0001193016 -0.001642417
  0.0002763566 -0.002406096
  0.0005238282 -0.003156541
  0.0009113685 -0.003858605
  0.001444429 -0.004484684
  0.002068826 -0.005054001
  0.002753048 -0.005594996
  0.003490095 -0.006113297
  0.004282206 -0.006607241
  0.00512687 -0.007084881
  0.006021114 -0.007554847
  0.006966705 -0.008019932
  0.007966329 -0.008482495
  0.009023237 -0.008944953
  0.01014234 -0.009408254
  0.01132932 -0.009873232
  0.01259046 -0.01034099
  0.01393256 -0.01081301
  0.01536309 -0.01129095
  0.01689119 -0.01177547
  0.01852735 -0.01226676
  0.02028309 -0.01276508
  0.02217089 -0.01327077
  0.02420417 -0.01378437
  0.02639767 -0.01430695
  0.02876787 -0.01484048
  0.0313332 -0.01538823
  0.03411619 -0.01595324
  0.03714167 -0.01653572
  0.04043269 -0.01713484
  0.04400877 -0.01774899
  0.0478852 -0.01837623
  0.05207255 -0.01901486
  0.05657889 -0.0196638
  0.06140833 -0.02031984
  0.06655251 -0.02097829
  0.07198971 -0.02163432
  0.07768948 -0.02228412
  0.08362244 -0.02292603
  0.08976551 -0.02355882
  0.09609358 -0.02418105
  0.1025786 -0.0247921
  0.1091924 -0.0253924
  0.11591 -0.02598346
  0.1227112 -0.0265657
  0.1295779 -0.02713847
  0.1364939 -0.02770145
  0.1434461 -0.02825474
  0.1504245 -0.02879882
  0.1574228 -0.02933416
  0.1644365 -0.02986062
  0.171462 -0.03037804
  0.1784964 -0.03088636
  0.1855375 -0.03138557
  0.1925841 -0.03187575
  0.1996356 -0.03235697
  0.2066914 -0.03282931
  0.2137509 -0.03329282
  0.2208132 -0.03374753
  0.2278774 -0.03419348
  0.2349423 -0.03463072
  0.2420066 -0.03505917
  0.2490693 -0.03547858
  0.2561295 -0.03588864
  0.2631869 -0.0362891
  0.2702414 -0.03667973
  0.2772932 -0.03706029
  0.2843429 -0.03743061
  0.2913914 -0.0377906
  0.2984393 -0.03814032
  0.3054872 -0.03847981
  0.3125358 -0.03880911
  0.3195853 -0.03912824
  0.326636 -0.03943721
  0.3336881 -0.03973604
  0.3407414 -0.04002475
  0.3477959 -0.04030334
  0.3548514 -0.04057186
  0.3619078 -0.04083032
  0.3689646 -0.04107873
  0.3760215 -0.04131712
  0.3830781 -0.0415455
  0.3901337 -0.04176383
  0.3971881 -0.041972
  0.4042411 -0.04216991
  0.4112926 -0.04235745
  0.4183428 -0.04253451
  0.4253921 -0.04270102
  0.432441 -0.04285686
  0.4394901 -0.043002
  0.4465402 -0.0431365
  0.4535917 -0.04326046
  0.4606448 -0.04337398
  0.4676994 -0.04347714
  0.4747552 -0.04357003
  0.4818117 -0.04365273
  0.4888682 -0.04372531
  0.4959237 -0.04378771
  0.5029775 -0.04383973
  0.510029 -0.04388121
  0.5170778 -0.04391199
  0.5241236 -0.04393188
  0.5311663 -0.04394074
  0.538206 -0.04393839
  0.5452431 -0.0439247
  0.5522776 -0.04389954
  0.5593099 -0.0438628
  0.56634 -0.04381437
  0.573368 -0.04375413
  0.5803939 -0.04368197
  0.5874176 -0.04359779
  0.5944391 -0.04350144
  0.6014579 -0.04339277
  0.6084739 -0.04327156
  0.6154866 -0.04313764
  0.6224953 -0.04299083
  0.6294993 -0.04283094
  0.6364979 -0.04265782
  0.6434901 -0.04247128
  0.650475 -0.04227097
  0.6574517 -0.04205642
  0.6644199 -0.0418272
  0.6713791 -0.04158282
  0.6783294 -0.04132285
  0.6852708 -0.04104681
  0.6922036 -0.04075423
  0.6991284 -0.04044474
  0.7060448 -0.04011798
  0.7129525 -0.03977366
  0.7198506 -0.03941148
  0.7267377 -0.03903119
  0.7336121 -0.0386326
  0.7404717 -0.03821528
  0.7473134 -0.03777806
  0.7541331 -0.03731972
  0.760926 -0.03683919
  0.7676862 -0.03633557
  0.7744069 -0.03580815
  0.781081 -0.0352563
  0.7877016 -0.03467791
  0.7942648 -0.03406991
  0.8007702 -0.0334291
  0.80722 -0.03275218
  0.8136194 -0.03203565
  0.8199755 -0.03127581
  0.8262978 -0.03047034
  0.8325967 -0.02961823
  0.8388841 -0.028718
  0.8451729 -0.02776758
  0.8514779 -0.02676423
  0.8578155 -0.02570467
  0.8642037 -0.02458874
  0.8706569 -0.02341897
  0.8771846 -0.02219897
  0.8837898 -0.02093386
  0.8904685 -0.01963065
  0.8972088 -0.01829745
  0.9039941 -0.01694269
  0.9108044 -0.01557584
  0.9176165 -0.01420718
  0.924405 -0.01284718
  0.931141 -0.01150512
  0.9377924 -0.01019006
  0.9443258 -0.008910879
  0.9507091 -0.007676253
  0.9569091 -0.006497833
  0.962889 -0.005387731
  0.9686145 -0.004355497
  0.9740593 -0.003409874
  0.9792046 -0.002562669
  0.9840393 -0.001820528
  0.9885629 -0.001185238
  0.9927901 -0.0006635566
  0.9967518 -0.000259346
  1.0 0.0
