EPPLER 341 AIRFOIL
  1.0 0.0
  0.996857 0.0002773545
  0.9929846 0.000699186
  0.9887955 0.001236618
  0.9842444 0.001883563
  0.9793187 0.00262334
  0.974042 0.003437788
  0.9684542 0.004299326
  0.9625904 0.005176907
  0.9564785 0.006058727
  0.9501486 0.00694049
  0.9436272 0.007819614
  0.9369326 0.008696649
  0.9300823 0.009574996
  0.9231003 0.01045861
  0.9160177 0.01135163
  0.908871 0.01225635
  0.9016936 0.01317083
  0.8945102 0.01409345
  0.8873348 0.01502387
  0.880171 0.01596304
  0.8730139 0.0169123
  0.8658577 0.01787237
  0.8586984 0.01884372
  0.8515336 0.01982662
  0.8443628 0.02082109
  0.837187 0.02182692
  0.8300078 0.02284373
  0.8228266 0.02387116
  0.8156441 0.02490891
  0.8084607 0.02595673
  0.8012765 0.02701444
  0.794091 0.02808191
  0.7869038 0.029159
  0.7797142 0.03024556
  0.7725218 0.03134146
  0.765326 0.03244656
  0.7581263 0.03356073
  0.7509223 0.0346838
  0.7437134 0.03581551
  0.7364993 0.0369555
  0.7292794 0.03810345
  0.7220534 0.03925899
  0.714821 0.04042176
  0.707582 0.04159141
  0.700336 0.04276752
  0.6930831 0.04394968
  0.685823 0.04513743
  0.678556 0.0463303
  0.6712821 0.04752778
  0.6640016 0.04872936
  0.656715 0.04993449
  0.6494227 0.05114263
  0.6421255 0.05235321
  0.6348242 0.05356562
  0.6275202 0.05477921
  0.6202147 0.05599332
  0.6129095 0.0572072
  0.6056063 0.05842011
  0.5983073 0.0596312
  0.5910144 0.06083955
  0.5837292 0.06204427
  0.5764532 0.06324453
  0.5691872 0.06443954
  0.561932 0.06562858
  0.5546881 0.066811
  0.5474556 0.06798615
  0.5402344 0.06915334
  0.5330246 0.07031184
  0.525826 0.07146095
  0.5186385 0.07259998
  0.5114622 0.07372823
  0.5042969 0.07484502
  0.4971425 0.07594968
  0.4899989 0.07704147
  0.4828664 0.07811963
  0.4757452 0.07918336
  0.4686358 0.08023185
  0.461539 0.08126429
  0.4544556 0.08227986
  0.4473867 0.08327769
  0.4403333 0.0842567
  0.4332963 0.08521564
  0.4262766 0.08615335
  0.4192747 0.08706871
  0.4122912 0.08796063
  0.4053263 0.08882808
  0.3983802 0.08967006
  0.3914532 0.09048553
  0.3845455 0.09127337
  0.3776574 0.09203249
  0.3707893 0.09276185
  0.3639418 0.09346038
  0.3571154 0.09412708
  0.3503109 0.0947609
  0.3435294 0.09536034
  0.3367728 0.09592368
  0.330044 0.0964492
  0.3233469 0.09693524
  0.3166857 0.09738023
  0.3100657 0.09778272
  0.3034923 0.09814103
  0.2969701 0.09845246
  0.2905014 0.09871445
  0.2840864 0.0989247
  0.2777235 0.09908115
  0.2714094 0.09918182
  0.2651394 0.09922481
  0.2589083 0.09920894
  0.2527113 0.09913364
  0.2465445 0.09899825
  0.2404048 0.09880195
  0.2342894 0.09854387
  0.2281963 0.09822306
  0.2221241 0.09783869
  0.216072 0.09739049
  0.2100396 0.09687824
  0.2040274 0.09630178
  0.1980362 0.09566097
  0.1920674 0.09495578
  0.1861227 0.0941862
  0.1802043 0.09335207
  0.1743144 0.09245325
  0.168455 0.09148964
  0.1626277 0.0904612
  0.1568345 0.08936792
  0.1510771 0.0882098
  0.1453577 0.08698681
  0.1396794 0.08569915
  0.1340459 0.08434732
  0.1284613 0.08293213
  0.1229303 0.0814547
  0.1174583 0.07991595
  0.1120511 0.07831674
  0.1067147 0.07665829
  0.1014548 0.07494224
  0.09627717 0.07317058
  0.0911878 0.07134539
  0.08619423 0.06946906
  0.08130515 0.06754502
  0.07652973 0.06557773
  0.0718771 0.0635725
  0.0673564 0.06153498
  0.06297825 0.05947101
  0.05875358 0.05738773
  0.05469219 0.05529321
  0.05080181 0.05319591
  0.04708814 0.05110386
  0.04355738 0.04902446
  0.04021486 0.04696586
  0.03706334 0.04493626
  0.0341022 0.04294301
  0.0313276 0.04099207
  0.02873457 0.03908761
  0.02631757 0.03723278
  0.02406939 0.03543002
  0.02198124 0.03368083
  0.02004328 0.03198569
  0.01824503 0.03034421
  0.01657682 0.02875505
  0.01503099 0.02721652
  0.01360028 0.02572726
  0.01227741 0.02428603
  0.01105509 0.0228915
  0.009926086 0.02154215
  0.008883358 0.02023633
  0.007920199 0.01897223
  0.007031426 0.01774789
  0.006212991 0.01656107
  0.005460685 0.01540937
  0.004770312 0.01429041
  0.004137826 0.01320186
  0.003559414 0.01214156
  0.003031524 0.01110746
  0.002550881 0.01009769
  0.002114477 0.009110532
  0.001720031 0.008144527
  0.001367335 0.007199002
  0.001056518 0.006273843
  0.0007874515 0.005369221
  0.0005597042 0.004485458
  0.0003725389 0.003622914
  0.0002250314 0.002781951
  0.0001168219 0.001962255
  4.770135e-05 0.001160701
  1.787557e-05 0.0003716421
  2.897815e-05 -0.0004113799
  8.447182e-05 -0.001193551
  0.0001919051 -0.001976458
  0.0003618867 -0.002756813
  0.0006032677 -0.003528303
  0.0009712387 -0.004260637
  0.001473582 -0.004929787
  0.002071186 -0.005547387
  0.002735526 -0.00613107
  0.003466675 -0.006680651
  0.004254443 -0.007208808
  0.005093367 -0.007724047
  0.005983629 -0.008231236
  0.006927131 -0.008733723
  0.007927101 -0.009233564
  0.008986862 -0.009733258
  0.01011087 -0.01023461
  0.01130501 -0.01073863
  0.01257576 -0.0112466
  0.01393015 -0.01176014
  0.01537661 -0.01228026
  0.01692516 -0.0128073
  0.01858703 -0.0133417
  0.02037465 -0.01388402
  0.02230167 -0.01443506
  0.02438286 -0.01499607
  0.02663414 -0.01556903
  0.02907278 -0.01615715
  0.03171856 -0.01676471
  0.03459544 -0.01739303
  0.03772834 -0.01804184
  0.04114004 -0.01870995
  0.04484858 -0.0193953
  0.04886631 -0.02009542
  0.05320267 -0.02080855
  0.0578674 -0.02153252
  0.06286233 -0.02226304
  0.06817583 -0.02299516
  0.07378419 -0.02372435
  0.07965831 -0.02444783
  0.08577279 -0.02516423
  0.09210195 -0.0258712
  0.09861534 -0.02656698
  0.1052808 -0.02725099
  0.1120687 -0.0279241
  0.1189549 -0.02858708
  0.1259188 -0.02923891
  0.132942 -0.0298788
  0.1400094 -0.03050649
  0.1471094 -0.03112225
  0.1542352 -0.03172663
  0.1613821 -0.03231973
  0.1685464 -0.03290159
  0.1757248 -0.03347233
  0.1829148 -0.03403213
  0.1901141 -0.03458125
  0.1973215 -0.03511988
  0.2045354 -0.03564805
  0.2117546 -0.0361658
  0.2189776 -0.03667316
  0.226203 -0.03717017
  0.2334293 -0.03765687
  0.240655 -0.0381332
  0.2478789 -0.03859885
  0.2551002 -0.03905351
  0.2623184 -0.03949692
  0.2695334 -0.03992882
  0.2767455 -0.04034899
  0.2839553 -0.04075724
  0.2911636 -0.04115353
  0.2983713 -0.04153791
  0.3055789 -0.04191039
  0.3127871 -0.04227099
  0.3199963 -0.04261972
  0.327207 -0.04295656
  0.3344192 -0.04328154
  0.3416333 -0.04359472
  0.3488493 -0.04389618
  0.3560672 -0.04418602
  0.3632868 -0.04446431
  0.370508 -0.04473113
  0.3777304 -0.04498655
  0.3849537 -0.04523062
  0.3921773 -0.04546333
  0.3994011 -0.04568461
  0.4066246 -0.04589443
  0.4138477 -0.04609274
  0.4210702 -0.04627949
  0.4282922 -0.04645466
  0.4355135 -0.0466182
  0.4427342 -0.04677008
  0.4499544 -0.04691024
  0.4571739 -0.04703864
  0.4643928 -0.04715522
  0.4716108 -0.04725995
  0.478828 -0.04735276
  0.486044 -0.04743361
  0.4932587 -0.04750242
  0.5004719 -0.04755909
  0.5076835 -0.04760352
  0.5148932 -0.0476356
  0.522101 -0.04765525
  0.5293066 -0.04766235
  0.5365101 -0.04765682
  0.5437114 -0.04763854
  0.5509103 -0.04760737
  0.5581066 -0.04756317
  0.5653002 -0.0475058
  0.5724909 -0.04743511
  0.5796782 -0.04735098
  0.5868619 -0.04725327
  0.5940415 -0.04714182
  0.6012167 -0.04701639
  0.6083872 -0.04687676
  0.6155525 -0.04672268
  0.6227125 -0.04655391
  0.6298668 -0.04637023
  0.6370153 -0.04617139
  0.6441577 -0.04595713
  0.6512937 -0.04572709
  0.6584227 -0.04548087
  0.6655439 -0.04521814
  0.672656 -0.04493853
  0.6797578 -0.04464176
  0.6868475 -0.04432752
  0.6939235 -0.04399541
  0.7009843 -0.04364481
  0.7080286 -0.04327509
  0.7150559 -0.04288559
  0.7220661 -0.04247567
  0.7290594 -0.04204465
  0.7360364 -0.04159179
  0.742997 -0.04111604
  0.7499387 -0.0406163
  0.7568561 -0.04009176
  0.7637414 -0.03954193
  0.7705846 -0.03896665
  0.7773734 -0.0383661
  0.7840956 -0.03773894
  0.7907427 -0.03708174
  0.7973124 -0.03639081
  0.8038071 -0.03566228
  0.8102335 -0.03489195
  0.8166018 -0.03407522
  0.8229255 -0.03320874
  0.829219 -0.03229128
  0.8354978 -0.03132118
  0.8417783 -0.03029605
  0.8480786 -0.02921264
  0.8544186 -0.02806679
  0.8608198 -0.02685648
  0.8672983 -0.02558344
  0.8738603 -0.02425162
  0.8805003 -0.02286789
  0.8871986 -0.02144289
  0.893923 -0.01999102
  0.9006444 -0.01852718
  0.9073463 -0.01706381
  0.914025 -0.01561046
  0.9206886 -0.01417328
  0.9273318 -0.01275232
  0.9338877 -0.01135472
  0.9402333 -0.009999906
  0.946231 -0.008712272
  0.9517912 -0.007526168
  0.9569208 -0.006471129
  0.9616805 -0.005553031
  0.9661412 -0.004767463
  0.970368 -0.004101197
  0.9743971 -0.003497331
  0.9782279 -0.002896115
  0.9818421 -0.002257571
  0.9852197 -0.00155881
  0.9883592 -0.0008349188
  0.9913194 -0.0002161383
  0.9942069 0.0001943259
  0.9971716 0.0002881592
  1.0 0.0
