 EPPLER 376 AIRFOIL
  1.0 0.0
  0.9968617 0.0003923525
  0.9922042 0.0009780969
  0.9867966 0.001667062
  0.9810667 0.002412238
  0.9751481 0.003202533
  0.9691285 0.004031397
  0.9630557 0.004891811
  0.9569592 0.005776512
  0.9508527 0.006680206
  0.9447369 0.00760028
  0.9386106 0.008535127
  0.9324739 0.009482983
  0.9263277 0.01044192
  0.9201739 0.01141032
  0.9140146 0.01238695
  0.9078512 0.01337064
  0.9016854 0.01436022
  0.8955182 0.01535463
  0.8893505 0.0163534
  0.8831831 0.01735632
  0.8770161 0.0183633
  0.8708493 0.01937425
  0.8646823 0.02038919
  0.8585142 0.02140803
  0.8523443 0.02243044
  0.8461719 0.02345606
  0.8399969 0.02448443
  0.8338193 0.02551511
  0.8276393 0.02654755
  0.8214577 0.0275813
  0.8152749 0.02861615
  0.8090914 0.02965188
  0.8029077 0.03068834
  0.7967238 0.03172538
  0.7905398 0.03276287
  0.7843557 0.03380072
  0.7781713 0.03483885
  0.7719865 0.03587718
  0.7658014 0.0369156
  0.7596162 0.03795397
  0.7534312 0.03899217
  0.7472468 0.04003001
  0.7410636 0.04106729
  0.734882 0.04210364
  0.7287025 0.0431386
  0.7225253 0.04417171
  0.7163504 0.04520259
  0.7101776 0.04623085
  0.7040067 0.04725616
  0.6978371 0.04827819
  0.6916682 0.04929679
  0.6854995 0.05031202
  0.6793306 0.05132394
  0.6731611 0.05233258
  0.6669908 0.05333798
  0.6608197 0.05434014
  0.6546476 0.05533904
  0.6484749 0.05633464
  0.6423016 0.05732679
  0.6361279 0.05831527
  0.6299543 0.05929985
  0.6237808 0.0602803
  0.617608 0.06125637
  0.6114362 0.06222782
  0.6052659 0.06319442
  0.5990973 0.06415585
  0.5929311 0.06511161
  0.5867672 0.06606111
  0.5806059 0.0670038
  0.5744471 0.06793914
  0.5682905 0.06886663
  0.5621357 0.06978579
  0.5559823 0.07069617
  0.5498295 0.07159734
  0.5436769 0.07248901
  0.5375241 0.07337087
  0.5313711 0.07424258
  0.5252182 0.07510374
  0.5190659 0.07595394
  0.5129149 0.07679273
  0.5067662 0.07761962
  0.5006212 0.07843386
  0.4944808 0.07923409
  0.4883458 0.08001894
  0.4822168 0.08078709
  0.4760939 0.08153725
  0.469977 0.08226822
  0.4638657 0.0829788
  0.4577594 0.08366787
  0.4516572 0.08433447
  0.4455586 0.08497785
  0.4394629 0.08559723
  0.4333698 0.08619182
  0.427279 0.08676082
  0.4211903 0.0873034
  0.4151038 0.08781874
  0.4090195 0.08830603
  0.4029377 0.08876452
  0.3968586 0.0891935
  0.3907821 0.08959231
  0.3847082 0.08996024
  0.3786368 0.09029663
  0.3725677 0.09060079
  0.3665005 0.09087207
  0.3604349 0.09110989
  0.3543707 0.09131378
  0.3483081 0.09148324
  0.3422474 0.09161778
  0.336189 0.09171691
  0.3301337 0.09178014
  0.3240823 0.09180701
  0.3180361 0.09179685
  0.3119959 0.09174883
  0.3059622 0.09166208
  0.2999355 0.09153577
  0.2939155 0.09136905
  0.287902 0.09116104
  0.2818942 0.09091088
  0.2758914 0.09061807
  0.2698928 0.0902824
  0.263898 0.08990367
  0.257907 0.08948166
  0.2519197 0.08901618
  0.2459366 0.08850704
  0.2399582 0.0879541
  0.2339851 0.08735731
  0.2280177 0.08671664
  0.2220562 0.08603204
  0.2161006 0.08530342
  0.2101506 0.08453064
  0.2042058 0.08371354
  0.1982659 0.08285198
  0.1923312 0.08194588
  0.1864029 0.08099533
  0.1804829 0.08000053
  0.1745737 0.07896191
  0.1686786 0.07787987
  0.1628013 0.07675377
  0.1569446 0.07558239
  0.15111 0.07436437
  0.1452982 0.07309817
  0.1395087 0.07178201
  0.1337403 0.07041416
  0.1279925 0.06899329
  0.1222658 0.06751836
  0.1165617 0.06598865
  0.110883 0.06440376
  0.1052336 0.06276306
  0.09961885 0.0610647
  0.09404504 0.05930701
  0.08851887 0.05748883
  0.0830475 0.05560954
  0.07763807 0.05366821
  0.07229431 0.05166217
  0.06701478 0.04958688
  0.06179338 0.04743578
  0.05662248 0.04519991
  0.05151119 0.04287399
  0.04649608 0.04046626
  0.04163529 0.0380001
  0.03698902 0.03550369
  0.0325648 0.0329767
  0.02830852 0.03038249
  0.02412754 0.02764994
  0.02000925 0.0247406
  0.01622066 0.02183064
  0.0130617 0.01919659
  0.01054417 0.01690527
  0.008494018 0.01484756
  0.006765555 0.01291616
  0.00526479 0.01102963
  0.00395516 0.009187309
  0.002869367 0.007511159
  0.002003592 0.006079319
  0.001309742 0.004874025
  0.0007631752 0.003847182
  0.0003588189 0.002950235
  8.181118e-05 0.002144907
  -7.953288e-05 0.001405029
  -0.0001314438 0.0007123744
  -7.480349e-05 5.340389e-05
  9.466688e-05 -0.0005826158
  0.0003745595 -0.001196286
  0.0007527485 -0.001775117
  0.00122064 -0.002301798
  0.001772161 -0.00275232
  0.002402469 -0.003092962
  0.00311597 -0.003300163
  0.00393092 -0.003366297
  0.004876525 -0.003278193
  0.006001726 -0.003013184
  0.007396511 -0.002535401
  0.009241376 -0.001807022
  0.0119493 -0.0007393862
  0.01607057 0.0008922061
  0.02012665 0.002582449
  0.02357038 0.004137014
  0.02692425 0.005744934
  0.03048986 0.007528038
  0.03458428 0.009633233
  0.03962746 0.0122517
  0.04476899 0.01490214
  0.04958935 0.01736352
  0.05447804 0.01983483
  0.05968894 0.02243965
  0.06514919 0.02513488
  0.07035812 0.02767171
  0.07544468 0.03011473
  0.08051989 0.03251676
  0.0856587 0.03491089
  0.0909109 0.03731646
  0.09629987 0.03973912
  0.1018144 0.04216834
  0.1074168 0.04458253
  0.1130675 0.0469608
  0.1187328 0.04928615
  0.1243874 0.05154633
  0.1300154 0.05373384
  0.1356097 0.05584536
  0.1411716 0.05788098
  0.1467092 0.05984316
  0.1522323 0.06173466
  0.1577496 0.06355738
  0.1632684 0.0653124
  0.1687948 0.06700012
  0.1743339 0.06862031
  0.1798898 0.07017223
  0.1854655 0.07165464
  0.1910633 0.07306588
  0.1966841 0.07440392
  0.2023282 0.07566724
  0.2079945 0.07685644
  0.213682 0.07797251
  0.2193901 0.07901646
  0.2251178 0.07998933
  0.2308646 0.08089215
  0.2366298 0.08172593
  0.2424131 0.08249171
  0.2482141 0.08319048
  0.2540326 0.08382325
  0.2598685 0.08439099
  0.2657219 0.08489489
  0.2715933 0.085337
  0.2774834 0.08571957
  0.2833924 0.08604481
  0.2893204 0.08631492
  0.2952675 0.08653214
  0.3012332 0.08669873
  0.3072171 0.08681697
  0.3132184 0.08688919
  0.3192361 0.08691776
  0.3252689 0.08690514
  0.3313155 0.08685367
  0.3373744 0.0867649
  0.3434446 0.08664009
  0.3495249 0.0864805
  0.3556141 0.08628749
  0.3617113 0.08606241
  0.3678153 0.08580666
  0.373925 0.08552166
  0.3800397 0.08520889
  0.3861581 0.08486981
  0.3922796 0.08450593
  0.3984031 0.08411854
  0.404528 0.08370819
  0.4106537 0.08327525
  0.4167796 0.0828201
  0.4229055 0.0823431
  0.4290311 0.08184461
  0.4351565 0.08132498
  0.4412818 0.08078453
  0.4474073 0.0802236
  0.4535333 0.07964248
  0.4596606 0.07904146
  0.4657897 0.07842101
  0.4719213 0.07778183
  0.478056 0.0771246
  0.4841941 0.07645006
  0.4903357 0.07575894
  0.4964808 0.07505201
  0.5026294 0.07433004
  0.508781 0.07359386
  0.5149351 0.0728443
  0.521091 0.07208223
  0.527248 0.07130832
  0.5334052 0.07052286
  0.539562 0.06972611
  0.545718 0.06891831
  0.5518731 0.06809966
  0.5580271 0.06727035
  0.5641802 0.06643055
  0.5703327 0.06558038
  0.5764851 0.06471996
  0.5826382 0.06384938
  0.5887927 0.06296891
  0.5949494 0.06207901
  0.6011088 0.0611802
  0.6072712 0.060273
  0.6134366 0.05935798
  0.619605 0.05843574
  0.6257759 0.05750692
  0.6319488 0.05657221
  0.6381229 0.0556323
  0.6442972 0.05468772
  0.6504707 0.05373853
  0.6566426 0.05278469
  0.6628124 0.05182614
  0.66898 0.05086278
  0.6751452 0.04989446
  0.6813083 0.048921
  0.6874699 0.04794218
  0.6936306 0.04695776
  0.6997913 0.04596769
  0.705953 0.04497224
  0.7121164 0.04397174
  0.7182819 0.04296655
  0.7244498 0.04195703
  0.7306202 0.04094362
  0.7367929 0.03992677
  0.7429677 0.03890697
  0.7491439 0.03788463
  0.7553209 0.03685992
  0.7614983 0.03583296
  0.7676755 0.03480384
  0.7738522 0.03377265
  0.7800281 0.03273947
  0.7862031 0.03170435
  0.792377 0.03066735
  0.7985499 0.0296288
  0.8047221 0.02858926
  0.8108937 0.02754925
  0.8170651 0.02650929
  0.823237 0.0254699
  0.8294098 0.02443155
  0.8355842 0.02339469
  0.8417608 0.02235955
  0.8479394 0.02132625
  0.8541194 0.02029504
  0.8602992 0.01926627
  0.8664767 0.01824042
  0.8726489 0.01721809
  0.8788128 0.01620047
  0.8849668 0.01518924
  0.891111 0.01418584
  0.8972476 0.01319135
  0.9033803 0.01220659
  0.9095146 0.01123209
  0.915654 0.01026835
  0.921796 0.009316704
  0.9279321 0.008379429
  0.9340474 0.007459642
  0.9401238 0.006563438
  0.9461497 0.005700855
  0.9521254 0.004880365
  0.9580609 0.004108608
  0.9639719 0.003389198
  0.9698628 0.0027234
  0.9757194 0.002114004
  0.9815038 0.001563849
  0.9871101 0.001075955
  0.9923624 0.0006519769
  0.9968866 0.0002801616
  1.0 0.0
