EPPLER 547 AIRFOIL
  1.0 0.0
  0.996466 0.0008299615
  0.9921141 0.001928961
  0.9874399 0.003156574
  0.9824397 0.004454562
  0.9771524 0.005777695
  0.9716281 0.007104363
  0.9658899 0.008421827
  0.9599286 0.009734832
  0.9537403 0.0110557
  0.9473433 0.01239566
  0.9407852 0.01375981
  0.9341243 0.01514105
  0.9274082 0.01653259
  0.9206668 0.01793157
  0.9139091 0.01933885
  0.9071333 0.02075492
  0.9003382 0.02217938
  0.8935246 0.02361141
  0.8866956 0.02504969
  0.8798563 0.02649272
  0.8730115 0.02793941
  0.8661648 0.02938903
  0.8593184 0.03084114
  0.8524728 0.03229564
  0.8456272 0.03375263
  0.83878 0.03521198
  0.8319303 0.03667328
  0.8250779 0.03813598
  0.8182231 0.03959937
  0.8113674 0.04106257
  0.8045124 0.04252458
  0.7976602 0.04398437
  0.7908124 0.04544103
  0.7839701 0.04689371
  0.777134 0.04834168
  0.7703044 0.04978431
  0.763481 0.05122107
  0.7566635 0.05265148
  0.7498514 0.05407505
  0.7430442 0.05549132
  0.7362418 0.05689978
  0.7294438 0.05829994
  0.7226499 0.05969128
  0.7158601 0.06107329
  0.7090741 0.06244548
  0.702292 0.06380735
  0.6955138 0.06515839
  0.6887394 0.0664981
  0.681969 0.06782596
  0.6752027 0.06914145
  0.6684407 0.07044404
  0.661683 0.07173311
  0.6549298 0.07300808
  0.6481809 0.07426839
  0.6414361 0.07551349
  0.6346954 0.07674285
  0.6279581 0.07795596
  0.621224 0.07915237
  0.6144926 0.08033166
  0.6077638 0.08149345
  0.6010373 0.0826373
  0.5943133 0.08376277
  0.5875919 0.0848694
  0.5808735 0.08595671
  0.5741585 0.08702417
  0.5674475 0.08807113
  0.5607408 0.08909688
  0.5540388 0.09010071
  0.5473416 0.09108196
  0.5406494 0.09203998
  0.533962 0.09297416
  0.5272792 0.0938839
  0.5206008 0.09476862
  0.5139267 0.09562781
  0.5072567 0.0964609
  0.5005908 0.09726736
  0.4939292 0.09804661
  0.4872719 0.0987981
  0.4806193 0.09952127
  0.4739716 0.1002155
  0.4673295 0.1008799
  0.4606933 0.1015138
  0.4540639 0.1021162
  0.4474419 0.1026865
  0.4408283 0.1032237
  0.4342241 0.1037271
  0.4276303 0.1041959
  0.4210479 0.104629
  0.4144776 0.1050252
  0.4079197 0.1053834
  0.4013741 0.1057027
  0.3948404 0.1059818
  0.3883177 0.1062198
  0.381805 0.1064158
  0.375301 0.1065692
  0.3688047 0.1066796
  0.362315 0.1067467
  0.355831 0.10677
  0.3493518 0.1067491
  0.3428765 0.1066835
  0.3364045 0.1065727
  0.3299351 0.1064168
  0.3234678 0.1062156
  0.3170023 0.1059694
  0.3105385 0.1056781
  0.3040763 0.1053418
  0.297616 0.1049606
  0.2911577 0.1045344
  0.2847021 0.1040634
  0.2782497 0.1035476
  0.271801 0.1029871
  0.2653571 0.102382
  0.2589188 0.1017325
  0.2524871 0.1010386
  0.2460632 0.1003003
  0.2396485 0.09951752
  0.2332442 0.09868997
  0.2268515 0.09781753
  0.2204719 0.09690008
  0.2141065 0.09593752
  0.2077569 0.09492961
  0.2014245 0.09387583
  0.1951112 0.09277571
  0.1888188 0.09162884
  0.1825493 0.09043491
  0.1763047 0.08919366
  0.1700874 0.0879046
  0.1638998 0.08656687
  0.1577446 0.0851797
  0.1516246 0.08374243
  0.1455422 0.08225453
  0.1395004 0.08071552
  0.1335022 0.07912458
  0.1275512 0.07748087
  0.1216514 0.07578381
  0.1158066 0.07403307
  0.1100211 0.07222858
  0.1042997 0.07037026
  0.09864911 0.06845824
  0.09307757 0.06649364
  0.0875944 0.06447859
  0.08220963 0.06241614
  0.0769348 0.0603095
  0.07178466 0.05816251
  0.06677556 0.05598108
  0.06192386 0.05377291
  0.05724448 0.05154679
  0.05275285 0.04931154
  0.0484668 0.04707783
  0.0444025 0.04485844
  0.04057121 0.04266639
  0.03697798 0.04051329
  0.03362563 0.03840861
  0.03051609 0.03636178
  0.02764645 0.03438136
  0.02500813 0.03247347
  0.02258779 0.03064124
  0.02037011 0.02888466
  0.01834129 0.02720138
  0.01648743 0.02558898
  0.0147941 0.02404472
  0.01324688 0.02256542
  0.01183175 0.02114754
  0.0105355 0.01978731
  0.009347434 0.01848073
  0.008260446 0.01722379
  0.007267775 0.01601295
  0.006362682 0.01484507
  0.005538601 0.01371729
  0.004789248 0.01262697
  0.004108699 0.01157166
  0.003491429 0.0105491
  0.002932346 0.009557184
  0.0024279 0.008593933
  0.00197629 0.007657446
  0.001575579 0.006745924
  0.001223614 0.00585774
  0.0009175947 0.004991875
  0.0006544489 0.004147398
  0.000431603 0.003323119
  0.0002523452 0.002517801
  0.0001242801 0.001731599
  4.734219e-05 0.0009659954
  1.396458e-05 0.0002180659
  3.33445e-05 -0.0005224668
  0.0001338171 -0.001270176
  0.0003564594 -0.002009713
  0.0007043311 -0.002726205
  0.00113444 -0.003426223
  0.001636898 -0.004112727
  0.002202492 -0.004791005
  0.002824336 -0.005466782
  0.00350085 -0.006142784
  0.004234341 -0.006820038
  0.005027268 -0.007500802
  0.00588188 -0.008188467
  0.006800044 -0.008887082
  0.007785824 -0.009599337
  0.00884563 -0.01032676
  0.009986584 -0.01107114
  0.0112165 -0.01183469
  0.01254383 -0.01262017
  0.01397772 -0.01343097
  0.0155295 -0.01426996
  0.01721308 -0.01513903
  0.01904363 -0.01604003
  0.0210373 -0.0169747
  0.02321071 -0.01794476
  0.02558064 -0.01895208
  0.02816401 -0.01999932
  0.03097977 -0.02109053
  0.03405146 -0.02222773
  0.03740187 -0.02341049
  0.04104846 -0.02463646
  0.04500036 -0.02590132
  0.04925737 -0.0271998
  0.05381328 -0.02852626
  0.05865561 -0.02987089
  0.06375997 -0.03122153
  0.06909327 -0.03256623
  0.07462192 -0.03389575
  0.08032137 -0.03520489
  0.08617398 -0.03648999
  0.09216112 -0.03774813
  0.09826352 -0.03897748
  0.1044627 -0.04017755
  0.1107426 -0.04134855
  0.1170896 -0.04248947
  0.1234917 -0.04359949
  0.1299388 -0.04467851
  0.1364229 -0.0457271
  0.1429385 -0.04674636
  0.1494823 -0.04773707
  0.1560514 -0.04869977
  0.1626433 -0.04963507
  0.1692555 -0.05054366
  0.1758856 -0.05142632
  0.1825315 -0.0522838
  0.1891914 -0.05311651
  0.1958639 -0.05392477
  0.2025475 -0.05470898
  0.2092412 -0.05546959
  0.2159442 -0.05620708
  0.2226558 -0.05692194
  0.2293756 -0.05761451
  0.236103 -0.05828508
  0.2428374 -0.0589339
  0.2495782 -0.05956126
  0.2563243 -0.0601674
  0.263075 -0.06075261
  0.2698291 -0.06131702
  0.276586 -0.06186056
  0.2833449 -0.0623832
  0.2901056 -0.0628849
  0.2968679 -0.06336567
  0.303632 -0.06382551
  0.3103982 -0.06426447
  0.3171671 -0.06468263
  0.323939 -0.06508013
  0.3307137 -0.06545706
  0.337491 -0.06581354
  0.3442702 -0.06614964
  0.3510502 -0.06646542
  0.3578297 -0.06676096
  0.3646073 -0.06703602
  0.3713818 -0.06729014
  0.3781523 -0.06752287
  0.3849183 -0.06773379
  0.3916799 -0.06792251
  0.3984371 -0.06808863
  0.4051908 -0.06823176
  0.4119417 -0.06835164
  0.4186904 -0.06844816
  0.4254374 -0.0685212
  0.4321825 -0.06857065
  0.4389251 -0.06859637
  0.4456644 -0.06859826
  0.4523992 -0.06857622
  0.4591278 -0.06852991
  0.4658483 -0.06845831
  0.4725586 -0.06836032
  0.4792562 -0.06823489
  0.4859385 -0.068081
  0.4926028 -0.06789773
  0.4992462 -0.0676842
  0.5058656 -0.06743951
  0.5124582 -0.06716195
  0.5190222 -0.06684947
  0.5255571 -0.06650006
  0.5320634 -0.06611169
  0.538543 -0.06568228
  0.5449984 -0.06520968
  0.5514334 -0.06469166
  0.5578525 -0.06412693
  0.5642599 -0.06351541
  0.5706597 -0.062857
  0.5770557 -0.06215149
  0.5834514 -0.06139857
  0.58985 -0.06059788
  0.5962545 -0.05974896
  0.6026679 -0.05885167
  0.6090931 -0.05790733
  0.6155335 -0.05691755
  0.6219921 -0.05588391
  0.6284721 -0.05480796
  0.6349766 -0.05369125
  0.6415087 -0.05253534
  0.6480716 -0.05134184
  0.6546684 -0.05011292
  0.6613012 -0.04885131
  0.6679707 -0.04756013
  0.674676 -0.04624291
  0.6814149 -0.04490368
  0.688183 -0.04354697
  0.6949744 -0.04217772
  0.7017816 -0.04080021
  0.7085976 -0.03941786
  0.7154164 -0.03803388
  0.7222332 -0.03665129
  0.7290442 -0.03527284
  0.7358467 -0.03390107
  0.7426394 -0.03253819
  0.7494216 -0.03118593
  0.7561928 -0.02984567
  0.7629529 -0.02851874
  0.7697018 -0.02720644
  0.7764396 -0.02590999
  0.7831666 -0.02463056
  0.7898834 -0.02336929
  0.7965903 -0.02212721
  0.8032876 -0.02090537
  0.8099755 -0.01970479
  0.816654 -0.01852655
  0.8233227 -0.01737173
  0.8299814 -0.0162414
  0.8366295 -0.01513671
  0.8432666 -0.01405894
  0.8498924 -0.01300932
  0.8565069 -0.01198906
  0.8631102 -0.01099926
  0.8697028 -0.01004104
  0.8762849 -0.009115407
  0.8828569 -0.008223296
  0.8894182 -0.007365671
  0.8959674 -0.006543566
  0.9025024 -0.005758053
  0.9090206 -0.005010228
  0.9155184 -0.004301423
  0.9219906 -0.003633429
  0.92843 -0.003008101
  0.9348277 -0.00242722
  0.9411732 -0.001892409
  0.9474539 -0.001405938
  0.9536493 -0.0009712732
  0.9597312 -0.0005915818
  0.965667 -0.0002690539
  0.9714231 -7.13396e-06
  0.9769631 0.0001861195
  0.9822509 0.0003055974
  0.9872585 0.0003497917
  0.9919713 0.0003113611
  0.9963916 0.0001829442
  1.0 0.0
