EPPLER 558 AIRFOIL
  1.0 0.0
  0.9963511 0.001047595
  0.9919689 0.002412378
  0.9873557 0.003932747
  0.982508 0.005564848
  0.9774729 0.007254861
  0.9722896 0.00895343
  0.9669587 0.01062295
  0.9614564 0.01225884
  0.9557596 0.01386771
  0.9498493 0.01545481
  0.943713 0.01702555
  0.9373453 0.01858799
  0.9307494 0.02015096
  0.9239413 0.02172333
  0.91695 0.02330768
  0.909807 0.02489882
  0.9025409 0.02649248
  0.8951737 0.02808646
  0.8877188 0.0296804
  0.8801862 0.03127375
  0.8725862 0.03286594
  0.8649298 0.03445643
  0.8572284 0.0360447
  0.8494928 0.03762928
  0.8417321 0.03920844
  0.8339534 0.04078085
  0.8261614 0.04234572
  0.8183587 0.0439027
  0.8105462 0.04545176
  0.8027248 0.04699288
  0.7948957 0.048526
  0.7870601 0.05005099
  0.7792198 0.05156773
  0.7713763 0.05307591
  0.7635314 0.05457509
  0.7556861 0.05606488
  0.7478414 0.05754496
  0.7399979 0.05901507
  0.7321559 0.060475
  0.7243155 0.06192453
  0.716477 0.06336335
  0.7086409 0.06479115
  0.7008079 0.06620754
  0.6929789 0.06761215
  0.6851551 0.06900452
  0.6773376 0.070384
  0.6695271 0.0717499
  0.6617241 0.07310162
  0.6539284 0.07443861
  0.6461398 0.0757604
  0.6383574 0.07706659
  0.6305802 0.07835693
  0.6228077 0.07963122
  0.6150396 0.0808892
  0.6072761 0.08213054
  0.5995179 0.08335486
  0.591766 0.0845617
  0.5840218 0.08575046
  0.5762866 0.08692026
  0.5685614 0.08807024
  0.5608469 0.08919962
  0.5531433 0.09030767
  0.5454507 0.09139371
  0.5377686 0.09245714
  0.5300968 0.09349741
  0.5224348 0.09451401
  0.5147824 0.09550639
  0.5071399 0.09647398
  0.4995072 0.09741623
  0.4918849 0.09833253
  0.4842734 0.09922224
  0.4766733 0.1000846
  0.4690856 0.1009187
  0.461511 0.1017239
  0.4539505 0.1024993
  0.4464051 0.1032442
  0.4388761 0.1039577
  0.4313646 0.1046391
  0.4238715 0.1052871
  0.4163974 0.1059007
  0.4089427 0.1064792
  0.4015076 0.1070215
  0.394092 0.1075267
  0.3866956 0.1079941
  0.3793188 0.1084228
  0.3719624 0.1088118
  0.364628 0.1091602
  0.3573176 0.1094672
  0.3500338 0.1097319
  0.3427798 0.1099534
  0.3355584 0.1101302
  0.328372 0.1102606
  0.321222 0.1103431
  0.3141091 0.1103764
  0.3070334 0.1103591
  0.2999944 0.1102899
  0.2929914 0.1101676
  0.2860243 0.1099913
  0.279093 0.1097599
  0.2721979 0.1094725
  0.2653397 0.109128
  0.2585193 0.1087257
  0.2517377 0.1082646
  0.2449963 0.1077436
  0.2382959 0.1071617
  0.2316375 0.1065181
  0.2250217 0.1058119
  0.2184491 0.1050424
  0.2119204 0.1042086
  0.2054357 0.1033101
  0.1989949 0.102346
  0.1925974 0.1013154
  0.1862422 0.1002175
  0.1799282 0.09905163
  0.1736552 0.09781771
  0.1674247 0.09651628
  0.1612395 0.09514823
  0.1551041 0.09371491
  0.1490242 0.09221813
  0.1430065 0.09065944
  0.1370581 0.08904016
  0.131186 0.08736197
  0.1253966 0.08562687
  0.1196961 0.08383712
  0.1140905 0.08199529
  0.1085871 0.08010449
  0.1031945 0.07816881
  0.09792167 0.0761932
  0.09277761 0.07418332
  0.08777118 0.0721451
  0.08291247 0.07008443
  0.07821226 0.06800826
  0.07368061 0.06592441
  0.0693258 0.06384102
  0.06515371 0.06176597
  0.06116847 0.05970588
  0.05737194 0.05766645
  0.05376317 0.05565264
  0.0503387 0.05366854
  0.04709302 0.05171733
  0.04401928 0.04980133
  0.04111167 0.04792265
  0.03836589 0.04608432
  0.03577773 0.04428969
  0.03334225 0.04254178
  0.03105346 0.04084288
  0.02890441 0.03919443
  0.02688788 0.03759656
  0.02499696 0.03604723
  0.02322368 0.03454339
  0.02155957 0.03308161
  0.01999625 0.03165841
  0.0185258 0.03027043
  0.01714088 0.0289145
  0.01583477 0.02758773
  0.01460143 0.02628753
  0.01343566 0.0250123
  0.01233347 0.02376162
  0.01129167 0.0225357
  0.01030759 0.02133511
  0.009378743 0.0201606
  0.008502771 0.01901286
  0.007677322 0.01789251
  0.006900021 0.01679998
  0.006168469 0.01573552
  0.005480582 0.01469899
  0.004836622 0.01368878
  0.004237123 0.01270229
  0.003681814 0.01173671
  0.003169946 0.0107892
  0.002700525 0.009856964
  0.002272471 0.008937347
  0.001884719 0.008027809
  0.001536283 0.007125943
  0.001226298 0.006229457
  0.0009540481 0.005336149
  0.0007189896 0.004443901
  0.0005212249 0.003552029
  0.000361946 0.002662532
  0.0002425677 0.001777418
  0.0001646617 0.0008984125
  0.0001300159 2.702392e-05
  0.0001406994 -0.0008354034
  0.0001991376 -0.001687641
  0.0003082046 -0.002528533
  0.0004713403 -0.003356957
  0.0006927034 -0.004171778
  0.0009767502 -0.004972153
  0.001323957 -0.005759822
  0.001733046 -0.006537585
  0.002203115 -0.007308058
  0.002733512 -0.008073711
  0.003323674 -0.008836906
  0.003972918 -0.009599907
  0.004680159 -0.01036487
  0.005443507 -0.01113378
  0.006259696 -0.01190836
  0.00712339 -0.01268984
  0.008030943 -0.01347845
  0.008983928 -0.01427364
  0.009984307 -0.01507473
  0.01103396 -0.0158811
  0.0121347 -0.01669217
  0.01328834 -0.01750756
  0.01449679 -0.0183272
  0.01576221 -0.01915145
  0.01708736 -0.01998134
  0.01847593 -0.02081876
  0.01993296 -0.02166621
  0.02146426 -0.02252505
  0.02307626 -0.02339644
  0.02477614 -0.02428162
  0.02657175 -0.02518188
  0.02847164 -0.02609854
  0.03048487 -0.02703283
  0.03262064 -0.02798583
  0.03488761 -0.02895817
  0.03729367 -0.02994965
  0.0398474 -0.03095898
  0.04255702 -0.03198427
  0.0454299 -0.03302314
  0.04847243 -0.03407284
  0.05169036 -0.03513054
  0.05508969 -0.03619381
  0.05867832 -0.03726079
  0.06246544 -0.03832882
  0.06645888 -0.03939447
  0.07066407 -0.04045373
  0.07508336 -0.0415022
  0.07971547 -0.04253527
  0.08455551 -0.04354801
  0.08959595 -0.04453416
  0.0948259 -0.04548722
  0.1002317 -0.04640122
  0.1057987 -0.04727119
  0.1115131 -0.04809344
  0.1173635 -0.04886464
  0.1233393 -0.04958132
  0.1294295 -0.05024068
  0.1356239 -0.05084061
  0.1419135 -0.05137978
  0.1482918 -0.05185747
  0.1547532 -0.05227338
  0.1612924 -0.05262758
  0.167904 -0.0529205
  0.174583 -0.05315291
  0.1813247 -0.05332588
  0.188125 -0.05344028
  0.1949806 -0.05349691
  0.2018884 -0.05349675
  0.208846 -0.05344096
  0.2158517 -0.05333083
  0.2229044 -0.05316777
  0.2300037 -0.05295317
  0.2371489 -0.05268845
  0.2443391 -0.0523752
  0.2515733 -0.05201509
  0.25885 -0.05160994
  0.2661674 -0.0511616
  0.2735238 -0.05067156
  0.2809178 -0.05014122
  0.2883481 -0.04957209
  0.2958137 -0.04896572
  0.3033139 -0.04832372
  0.3108481 -0.04764774
  0.3184165 -0.04693937
  0.3260191 -0.04620017
  0.3336566 -0.04543177
  0.3413296 -0.04463577
  0.3490395 -0.04381383
  0.3567875 -0.0429676
  0.3645754 -0.04209884
  0.3724041 -0.04120953
  0.3802735 -0.04030187
  0.3881821 -0.03937829
  0.3961269 -0.03844149
  0.4041035 -0.03749441
  0.4121061 -0.03654012
  0.4201278 -0.03558082
  0.4281623 -0.03461819
  0.436204 -0.03365383
  0.4442483 -0.03268922
  0.4522913 -0.03172577
  0.4603303 -0.03076474
  0.4683632 -0.02980727
  0.4763887 -0.02885421
  0.4844058 -0.02790635
  0.4924141 -0.02696442
  0.5004134 -0.02602909
  0.508404 -0.02510098
  0.5163866 -0.02418066
  0.5243621 -0.02326858
  0.5323315 -0.02236495
  0.5402955 -0.02146997
  0.5482546 -0.02058389
  0.556209 -0.01970697
  0.5641585 -0.0188395
  0.5721029 -0.01798181
  0.5800418 -0.01713426
  0.5879745 -0.0162973
  0.5959009 -0.01547137
  0.6038206 -0.01465689
  0.6117338 -0.01385426
  0.6196404 -0.01306385
  0.627541 -0.01228604
  0.6354358 -0.01152116
  0.6433253 -0.01076948
  0.6512098 -0.0100313
  0.6590892 -0.009306917
  0.6669636 -0.008596657
  0.6748326 -0.007900846
  0.682696 -0.007219823
  0.6905531 -0.006553941
  0.6984035 -0.005903547
  0.7062472 -0.005268967
  0.7140843 -0.004650497
  0.7219153 -0.004048414
  0.7297409 -0.003462974
  0.7375621 -0.00289442
  0.7453799 -0.002343035
  0.7531942 -0.001809215
  0.7610033 -0.001293454
  0.7688041 -0.0007963206
  0.776592 -0.000318439
  0.7843609 0.0001395339
  0.7921039 0.0005767604
  0.7998157 0.0009919536
  0.8074948 0.001383977
  0.8151433 0.001751921
  0.8227674 0.002095033
  0.8303761 0.002412649
  0.8379815 0.002704545
  0.8455889 0.002971882
  0.8531882 0.003215707
  0.8607531 0.003436737
  0.8682432 0.003635589
  0.8756075 0.003812835
  0.8827951 0.003964573
  0.8897772 0.004082735
  0.8965488 0.004161118
  0.9031215 0.004195127
  0.9095173 0.004181091
  0.9157626 0.004120321
  0.9218633 0.004033416
  0.9277863 0.003944061
  0.9334742 0.003872535
  0.9388661 0.003833986
  0.9439159 0.003835165
  0.948608 0.003841807
  0.9529706 0.003802222
  0.9570532 0.003682849
  0.9609081 0.003461201
  0.9645836 0.003119872
  0.9681234 0.002645445
  0.9715742 0.00209972
  0.9749839 0.001618338
  0.9783931 0.001299829
  0.9818288 0.001114615
  0.9853167 0.001003925
  0.9888871 0.0009069535
  0.9925788 0.0007542604
  0.9964457 0.0004573114
  1.0 0.0
