EPPLER 561 AIRFOIL
  1.0 0.0
  0.9963039 0.001390861
  0.9919168 0.003167764
  0.9873489 0.00510824
  0.9826009 0.007150391
  0.9777229 0.009226448
  0.9727458 0.01128215
  0.967657 0.01328427
  0.9624256 0.01523591
  0.9570243 0.01714772
  0.9514308 0.01902752
  0.9456298 0.02088278
  0.939612 0.02272397
  0.9333749 0.02456227
  0.9269268 0.02640883
  0.920287 0.02826855
  0.913478 0.03013796
  0.9065232 0.03201386
  0.8994444 0.03389448
  0.89226 0.03577866
  0.8849854 0.03766337
  0.8776343 0.03954575
  0.8702185 0.04142364
  0.8627475 0.04329572
  0.855228 0.04516119
  0.8476664 0.04701936
  0.8400686 0.0488697
  0.8324404 0.05071181
  0.8247872 0.05254541
  0.8171136 0.05436985
  0.809424 0.05618427
  0.8017216 0.05798799
  0.7940093 0.05978052
  0.7862894 0.06156154
  0.7785632 0.06333077
  0.7708319 0.06508786
  0.7630968 0.06683247
  0.7553588 0.06856427
  0.747619 0.07028299
  0.7398782 0.07198832
  0.7321374 0.07367989
  0.7243972 0.07535725
  0.7166584 0.07701997
  0.7089218 0.07866762
  0.701188 0.08029979
  0.6934578 0.08191606
  0.6857317 0.08351592
  0.6780103 0.08509882
  0.6702937 0.08666422
  0.6625823 0.08821166
  0.6548762 0.08974067
  0.6471752 0.09125083
  0.6394793 0.09274171
  0.6317886 0.09421289
  0.6241032 0.0956639
  0.6164236 0.09709424
  0.6087501 0.09850343
  0.6010836 0.09989093
  0.5934246 0.1012561
  0.585774 0.1025982
  0.578132 0.1039166
  0.5704991 0.1052106
  0.5628753 0.1064795
  0.5552608 0.1077227
  0.5476552 0.1089397
  0.5400586 0.11013
  0.5324712 0.1112928
  0.5248935 0.1124275
  0.5173264 0.1135334
  0.509771 0.1146097
  0.5022287 0.1156558
  0.494701 0.1166707
  0.4871891 0.1176531
  0.4796938 0.1186022
  0.4722155 0.1195167
  0.464754 0.1203959
  0.4573091 0.121239
  0.44988 0.122045
  0.4424662 0.1228135
  0.435068 0.1235438
  0.427686 0.124235
  0.4203216 0.1248866
  0.4129767 0.1254977
  0.4056538 0.1260677
  0.3983555 0.1265951
  0.3910843 0.1270784
  0.3838427 0.1275159
  0.3766326 0.1279064
  0.3694559 0.1282485
  0.3623141 0.1285411
  0.3552086 0.1287827
  0.3481404 0.1289718
  0.3411097 0.1291069
  0.3341163 0.1291864
  0.3271591 0.1292089
  0.3202368 0.1291731
  0.3133476 0.1290778
  0.3064897 0.1289222
  0.2996621 0.1287056
  0.2928636 0.1284273
  0.2860938 0.1280867
  0.2793523 0.1276831
  0.2726391 0.1272158
  0.2659545 0.1266844
  0.2592987 0.1260883
  0.2526724 0.1254273
  0.2460757 0.1247009
  0.2395094 0.1239087
  0.2329738 0.1230505
  0.2264699 0.1221259
  0.2199989 0.1211347
  0.2135621 0.120077
  0.2071614 0.1189527
  0.2007987 0.1177619
  0.1944763 0.1165048
  0.1881968 0.1151815
  0.1819629 0.113792
  0.1757773 0.1123366
  0.1696425 0.1108157
  0.1635615 0.1092298
  0.157537 0.1075795
  0.1515727 0.1058656
  0.1456725 0.1040893
  0.1398408 0.102252
  0.1340822 0.1003556
  0.1284014 0.09840208
  0.1228045 0.09639388
  0.1172982 0.094334
  0.1118896 0.09222616
  0.1065864 0.09007468
  0.1013959 0.08788436
  0.09632619 0.08566006
  0.09138563 0.08340725
  0.08658225 0.08113198
  0.08192321 0.0788407
  0.07741446 0.07653999
  0.0730616 0.07423592
  0.06887093 0.07193477
  0.06484822 0.06964349
  0.06099777 0.06736919
  0.05732193 0.06511868
  0.05382096 0.062898
  0.05049366 0.06071187
  0.04733677 0.05856377
  0.04434501 0.05645608
  0.04151172 0.05439029
  0.0388293 0.0523671
  0.03628974 0.05038659
  0.03388588 0.04844844
  0.03161258 0.04655318
  0.02946561 0.04470229
  0.02744089 0.04289754
  0.02553399 0.04114054
  0.02373998 0.03943246
  0.02205347 0.03777392
  0.02046914 0.03616481
  0.01898205 0.03460351
  0.01758626 0.03308713
  0.01627533 0.03161213
  0.01504285 0.03017473
  0.01388278 0.0287712
  0.01278954 0.02739796
  0.01175806 0.02605164
  0.0107838 0.02472912
  0.009862601 0.02342756
  0.008990637 0.02214512
  0.008165158 0.02088137
  0.007384238 0.01963699
  0.006646421 0.01841334
  0.005950468 0.01721222
  0.005295173 0.01603555
  0.004679256 0.01488519
  0.004101297 0.01376277
  0.00355972 0.0126696
  0.003052932 0.01160659
  0.002581853 0.01057401
  0.002148952 0.009570779
  0.001755483 0.008594716
  0.001401887 0.007643063
  0.001088176 0.006712787
  0.0008142 0.005800757
  0.000579824 0.004903835
  0.0003850518 0.004018905
  0.0002301211 0.003142861
  0.0001155833 0.002272573
  4.238399e-05 0.001404827
  1.191357e-05 0.0005362893
  2.486556e-05 -0.0003351417
  8.109218e-05 -0.001209794
  0.0001809824 -0.0020876
  0.0003254884 -0.002968169
  0.0005160908 -0.003850739
  0.0007547793 -0.00473411
  0.001044039 -0.005616555
  0.001386836 -0.006495696
  0.001786586 -0.007368349
  0.00224709 -0.008230345
  0.002771875 -0.009077371
  0.003361972 -0.009909097
  0.004017506 -0.0107266
  0.004738325 -0.01153116
  0.005523917 -0.01232429
  0.006373286 -0.01310779
  0.007284808 -0.01388381
  0.00825604 -0.01465492
  0.009283487 -0.01542415
  0.01036231 -0.01619514
  0.01148666 -0.01697188
  0.0126558 -0.01775576
  0.01387247 -0.01854651
  0.01513965 -0.01934383
  0.01646058 -0.02014737
  0.01783881 -0.02095679
  0.01927823 -0.02177175
  0.02078322 -0.02259197
  0.02235876 -0.02341728
  0.02401066 -0.02424766
  0.02574564 -0.02508334
  0.0275702 -0.02592466
  0.02949094 -0.02677195
  0.03151491 -0.02762558
  0.03364953 -0.02848596
  0.03590249 -0.0293535
  0.03828149 -0.03022867
  0.04079393 -0.03111192
  0.04344636 -0.03200372
  0.04624532 -0.03290349
  0.04919836 -0.03380891
  0.05231242 -0.03471704
  0.05559357 -0.03562452
  0.05904702 -0.0365277
  0.06267752 -0.03742283
  0.06649024 -0.03830637
  0.0704915 -0.03917492
  0.07468686 -0.04002461
  0.07907978 -0.04085131
  0.08367104 -0.04165071
  0.08845845 -0.04241861
  0.09343671 -0.04315111
  0.09859823 -0.04384386
  0.1039339 -0.04449152
  0.1094326 -0.04508916
  0.1150831 -0.04563264
  0.1208745 -0.04611873
  0.1267988 -0.04654518
  0.1328506 -0.04691052
  0.1390241 -0.04721376
  0.1453127 -0.04745447
  0.1517088 -0.0476328
  0.1582047 -0.04774949
  0.1647922 -0.04780541
  0.171464 -0.04780088
  0.178213 -0.04773649
  0.1850334 -0.04761324
  0.19192 -0.04743244
  0.1988695 -0.04719564
  0.2058796 -0.04690434
  0.2129485 -0.04655996
  0.2200739 -0.04616416
  0.2272534 -0.04571876
  0.2344839 -0.04522582
  0.2417625 -0.04468756
  0.2490857 -0.0441057
  0.2564507 -0.04348166
  0.2638552 -0.0428169
  0.2712975 -0.04211295
  0.2787765 -0.04137136
  0.2862918 -0.0405937
  0.2938436 -0.03978159
  0.3014328 -0.03893677
  0.3090603 -0.03806097
  0.3167276 -0.03715596
  0.3244362 -0.03622355
  0.332188 -0.03526556
  0.3399855 -0.03428389
  0.3478299 -0.03328078
  0.3557209 -0.03225883
  0.3636562 -0.031221
  0.3716311 -0.03017067
  0.3796386 -0.02911164
  0.3876693 -0.02804807
  0.395712 -0.02698338
  0.403757 -0.02592
  0.4117962 -0.02486003
  0.4198241 -0.0238053
  0.427837 -0.02275732
  0.4358338 -0.02171729
  0.443815 -0.02068613
  0.4517825 -0.01966435
  0.4597383 -0.01865236
  0.467684 -0.0176506
  0.4756209 -0.01665952
  0.4835504 -0.01567963
  0.4914733 -0.01471145
  0.4993904 -0.01375552
  0.5073022 -0.01281218
  0.5152091 -0.01188167
  0.5231112 -0.01096426
  0.5310085 -0.01006021
  0.5389008 -0.00916981
  0.5467877 -0.008293375
  0.5546687 -0.007431226
  0.5625431 -0.006583772
  0.5704106 -0.00575151
  0.5782708 -0.004934912
  0.5861239 -0.004134417
  0.5939703 -0.003350436
  0.6018104 -0.002583353
  0.6096452 -0.00183353
  0.6174758 -0.001101255
  0.6253031 -0.0003866276
  0.6331276 0.0003102539
  0.6409494 0.0009892505
  0.6487683 0.001650188
  0.6565835 0.002292861
  0.664394 0.002917041
  0.6721981 0.003522435
  0.6799943 0.004108448
  0.6877815 0.004674386
  0.6955588 0.005219606
  0.703326 0.005743504
  0.7110832 0.006245515
  0.718831 0.006725103
  0.7265703 0.007181775
  0.7343021 0.007615232
  0.742027 0.00802525
  0.749745 0.008411572
  0.7574555 0.008773921
  0.7651576 0.009112001
  0.7728496 0.009425516
  0.7805294 0.009714072
  0.7881949 0.009976861
  0.7958438 0.01021299
  0.8034742 0.01042159
  0.8110842 0.01060188
  0.8186721 0.01075309
  0.8262364 0.01087448
  0.8337754 0.01096522
  0.841287 0.01102438
  0.8487685 0.01105109
  0.8562166 0.01104454
  0.8636275 0.01100402
  0.8709971 0.01092889
  0.8783203 0.01081804
  0.8855903 0.01067015
  0.8927988 0.01048417
  0.8999361 0.01025935
  0.9069918 0.009995314
  0.9139546 0.009691206
  0.9208132 0.009344763
  0.9275565 0.008954109
  0.9341745 0.008518032
  0.9406582 0.008035966
  0.9469992 0.007507499
  0.9531881 0.006932201
  0.9592143 0.006310603
  0.9650675 0.005644218
  0.9707386 0.004935061
  0.9762189 0.004184251
  0.9815012 0.003393461
  0.9865804 0.002565284
  0.9914535 0.001701775
  0.9961196 0.0008041055
  1.0 0.0
