EPPLER 562 AIRFOIL
  1.0 0.0
  0.9965508 0.001218694
  0.9923747 0.002810506
  0.9879311 0.004591666
  0.9832283 0.006499667
  0.978359 0.008449457
  0.9733983 0.01037172
  0.9683509 0.01222814
  0.9631822 0.01402251
  0.9578606 0.0157664
  0.952363 0.01746709
  0.9466772 0.01913046
  0.9407991 0.02076547
  0.9347325 0.02238184
  0.9284915 0.02398938
  0.9221012 0.02559264
  0.9155883 0.02718805
  0.9089779 0.02877263
  0.9022909 0.0303452
  0.8955429 0.031906
  0.8887442 0.033454
  0.8819033 0.03498804
  0.8750268 0.03650752
  0.8681193 0.0380124
  0.861183 0.03950318
  0.8542199 0.04098062
  0.8472321 0.0424454
  0.8402227 0.04389813
  0.833195 0.04533934
  0.8261532 0.04676934
  0.8191011 0.04818763
  0.8120419 0.04959357
  0.8049777 0.05098675
  0.7979097 0.05236692
  0.7908383 0.05373402
  0.7837629 0.05508823
  0.7766829 0.05642979
  0.769598 0.05775896
  0.7625082 0.05907586
  0.755414 0.06038061
  0.748316 0.06167323
  0.7412154 0.06295362
  0.7341132 0.06422147
  0.7270103 0.06547646
  0.7199072 0.06671831
  0.7128043 0.06794681
  0.7057016 0.06916177
  0.6985991 0.07036306
  0.6914963 0.07155061
  0.6843932 0.07272431
  0.6772895 0.07388407
  0.6701855 0.07502976
  0.6630811 0.07616124
  0.6559768 0.07727833
  0.648873 0.07838083
  0.64177 0.07946842
  0.6346684 0.08054077
  0.6275684 0.08159755
  0.6204702 0.08263845
  0.6133742 0.08366317
  0.6062803 0.08467143
  0.5991888 0.08566294
  0.5920996 0.08663735
  0.5850129 0.08759431
  0.5779288 0.08853349
  0.5708474 0.08945452
  0.5637689 0.09035707
  0.5566935 0.09124077
  0.5496214 0.09210526
  0.5425529 0.09295011
  0.535488 0.09377489
  0.5284271 0.09457916
  0.5213702 0.09536252
  0.5143175 0.09612456
  0.5072691 0.09686485
  0.500225 0.097583
  0.4931854 0.09827851
  0.4861505 0.09895092
  0.4791206 0.09959974
  0.4720961 0.1002245
  0.4650772 0.1008247
  0.4580646 0.1013998
  0.4510588 0.1019494
  0.4440604 0.1024728
  0.4370697 0.1029692
  0.4300872 0.1034381
  0.4231133 0.1038789
  0.4161481 0.1042908
  0.4091919 0.1046734
  0.4022448 0.1050259
  0.3953071 0.1053476
  0.3883793 0.1056378
  0.3814621 0.1058958
  0.3745563 0.1061208
  0.3676629 0.1063121
  0.3607833 0.1064691
  0.3539186 0.1065909
  0.3470702 0.1066764
  0.3402387 0.1067245
  0.3334249 0.1067343
  0.3266289 0.1067046
  0.3198507 0.1066346
  0.3130901 0.1065232
  0.3063468 0.1063695
  0.299621 0.1061727
  0.292913 0.1059318
  0.2862236 0.1056461
  0.2795538 0.1053148
  0.2729048 0.1049371
  0.266278 0.1045121
  0.2596747 0.104039
  0.2530958 0.1035166
  0.2465415 0.1029439
  0.2400118 0.1023199
  0.2335061 0.1016436
  0.2270236 0.1009139
  0.2205641 0.1001301
  0.2141279 0.09929165
  0.2077161 0.09839801
  0.2013307 0.09744884
  0.194974 0.09644398
  0.1886491 0.09538311
  0.1823593 0.09426546
  0.176107 0.09309023
  0.1698944 0.09185663
  0.1637231 0.09056383
  0.157594 0.08921102
  0.1515084 0.08779745
  0.1454678 0.08632262
  0.1394745 0.08478624
  0.1335313 0.08318827
  0.1276414 0.08152897
  0.1218086 0.07980875
  0.1160382 0.07802821
  0.1103369 0.07618866
  0.1047126 0.07429223
  0.09917381 0.07234181
  0.09372994 0.0703408
  0.08839209 0.06829232
  0.08317239 0.06620049
  0.07808298 0.06407057
  0.07313533 0.06190871
  0.06834014 0.0597215
  0.06371006 0.05751626
  0.05925916 0.05530243
  0.05500048 0.0530908
  0.05094408 0.05089246
  0.04709671 0.04871759
  0.04346467 0.0465751
  0.04005196 0.04447388
  0.03685842 0.04242195
  0.03387943 0.04042559
  0.03110659 0.03848896
  0.02853025 0.03661361
  0.02614096 0.03479999
  0.02392835 0.03304835
  0.02188104 0.03135831
  0.01998701 0.02972874
  0.01823403 0.02815785
  0.01661052 0.0266434
  0.01510735 0.02518325
  0.01371629 0.02377534
  0.01242924 0.02241745
  0.01123834 0.02110726
  0.01013613 0.01984243
  0.009115578 0.01862055
  0.008170133 0.01743929
  0.00729377 0.01629632
  0.006481774 0.01518834
  0.005730663 0.01411127
  0.005037101 0.01306168
  0.00439784 0.01203675
  0.003809743 0.0110341
  0.003269797 0.01005173
  0.002775123 0.009087917
  0.002322988 0.008141189
  0.001910805 0.007210263
  0.001536138 0.006294019
  0.001198055 0.005392394
  0.000899306 0.00450754
  0.0006424111 0.0036408
  0.0004292434 0.002792506
  0.0002613796 0.001962323
  0.0001403691 0.001149465
  6.794931e-05 0.0003528511
  4.62372e-05 -0.000428813
  7.792433e-05 -0.00119699
  0.0001665036 -0.001953304
  0.0003163508 -0.002699602
  0.0005288054 -0.003438621
  0.0008022706 -0.004173541
  0.001135919 -0.004907197
  0.001529673 -0.005642132
  0.001984047 -0.006380638
  0.002499966 -0.007124734
  0.003078508 -0.007876076
  0.003720493 -0.008635758
  0.004425792 -0.009403944
  0.005192254 -0.01017929
  0.006018715 -0.01095976
  0.006908747 -0.01174447
  0.007866154 -0.01253265
  0.008894358 -0.01332367
  0.009996253 -0.01411719
  0.01117413 -0.01491343
  0.01242971 -0.0157135
  0.01376445 -0.0165199
  0.01518008 -0.01733712
  0.01667989 -0.0181718
  0.01827139 -0.01902769
  0.01996474 -0.01990632
  0.02177157 -0.02080924
  0.02370517 -0.02173794
  0.02578045 -0.02269371
  0.02801387 -0.0236774
  0.0304228 -0.02468898
  0.03302436 -0.0257271
  0.0358351 -0.02679004
  0.0388701 -0.02787558
  0.04214093 -0.02898047
  0.04565419 -0.03010071
  0.04941109 -0.03123237
  0.05340924 -0.03237258
  0.05764607 -0.03351556
  0.06211547 -0.03465134
  0.06680638 -0.03576926
  0.07170565 -0.03685906
  0.07680276 -0.03791213
  0.082094 -0.03892344
  0.08757602 -0.03989148
  0.09323936 -0.04081542
  0.0990666 -0.04169507
  0.1050311 -0.04253106
  0.1110985 -0.04332165
  0.117236 -0.04405968
  0.1234183 -0.04473911
  0.12963 -0.04535582
  0.135867 -0.04590722
  0.1421366 -0.04639257
  0.1484501 -0.04681457
  0.1548157 -0.04717623
  0.1612381 -0.04748018
  0.1677173 -0.04772889
  0.1742486 -0.04792484
  0.1808233 -0.04806963
  0.1874328 -0.04816389
  0.1940704 -0.04820844
  0.2007313 -0.04820436
  0.2074131 -0.04815284
  0.2141156 -0.04805514
  0.2208405 -0.04791256
  0.2275895 -0.04772646
  0.2343637 -0.04749821
  0.2411635 -0.04722923
  0.2479885 -0.04692101
  0.2548372 -0.04657512
  0.2617077 -0.04619305
  0.2685981 -0.04577593
  0.2755066 -0.04532489
  0.2824316 -0.0448411
  0.2893723 -0.04432573
  0.2963277 -0.04377998
  0.3032975 -0.04320503
  0.3102816 -0.04260194
  0.31728 -0.04197166
  0.3242927 -0.04131519
  0.3313198 -0.04063351
  0.3383613 -0.03992762
  0.3454173 -0.03919856
  0.3524879 -0.03844736
  0.3595733 -0.03767515
  0.3666738 -0.03688309
  0.37379 -0.03607237
  0.3809223 -0.03524416
  0.3880714 -0.03439963
  0.3952382 -0.03353997
  0.4024236 -0.03266636
  0.4096285 -0.03178015
  0.4168531 -0.03088288
  0.424097 -0.02997624
  0.4313586 -0.02906203
  0.4386356 -0.02814223
  0.4459249 -0.02721894
  0.4532222 -0.02629441
  0.4605227 -0.02537069
  0.4678216 -0.02444924
  0.4751152 -0.02353129
  0.4824008 -0.02261796
  0.4896767 -0.02171021
  0.4969422 -0.02080889
  0.5041974 -0.01991469
  0.5114437 -0.01902819
  0.5186827 -0.01814967
  0.525916 -0.01727927
  0.5331449 -0.01641718
  0.5403702 -0.01556364
  0.5475926 -0.01471891
  0.5548124 -0.01388331
  0.5620296 -0.01305716
  0.5692439 -0.01224086
  0.576455 -0.01143479
  0.5836624 -0.01063934
  0.5908659 -0.009854911
  0.5980654 -0.009081854
  0.6052606 -0.008320531
  0.6124517 -0.007571287
  0.6196387 -0.006834458
  0.6268216 -0.006110371
  0.6340007 -0.005399353
  0.6411761 -0.004701732
  0.6483478 -0.00401784
  0.6555158 -0.00334801
  0.6626803 -0.002692576
  0.6698411 -0.002051874
  0.6769982 -0.001426241
  0.6841516 -0.0008160184
  0.6913012 -0.0002215482
  0.6984468 0.0003568309
  0.7055886 0.0009187841
  0.7127265 0.00146398
  0.7198606 0.001992091
  0.7269908 0.002502791
  0.7341173 0.002995755
  0.7412401 0.003470636
  0.748359 0.003927074
  0.7554737 0.004364702
  0.7625837 0.00478315
  0.7696884 0.005182045
  0.7767871 0.005561014
  0.7838788 0.005919659
  0.7909624 0.006257324
  0.7980372 0.006573242
  0.8051021 0.006866664
  0.8121563 0.007136859
  0.819199 0.007383121
  0.8262296 0.007604759
  0.8332474 0.007801062
  0.8402516 0.007971181
  0.8472411 0.008114248
  0.8542149 0.008229422
  0.8611716 0.008315886
  0.8681095 0.008372861
  0.8750269 0.008399536
  0.8819214 0.008394662
  0.8887887 0.008356869
  0.8956233 0.008284922
  0.9024181 0.008177766
  0.9091648 0.008034568
  0.9158542 0.00785385
  0.922476 0.007632618
  0.9290196 0.007368168
  0.935474 0.007058377
  0.9418287 0.006701735
  0.9480729 0.006296915
  0.9541927 0.005842673
  0.9601713 0.005338949
  0.9659909 0.004786998
  0.9716338 0.004189147
  0.9770782 0.003548694
  0.9822976 0.002871133
  0.9872671 0.002163635
  0.9919678 0.001430441
  0.9963898 0.0006731524
  1.0 0.0
