EPPLER 593 AIRFOIL
  1.0 0.0
  0.9966205 0.0001744995
  0.9924152 0.0004373574
  0.9878545 0.0007678355
  0.9829239 0.001161557
  0.9776245 0.001615115
  0.9719758 0.00212312
  0.9660119 0.002675867
  0.9597779 0.003266152
  0.953328 0.003887414
  0.9467148 0.004532365
  0.9399801 0.005195581
  0.9331592 0.00587416
  0.9262827 0.006565741
  0.9193737 0.007268608
  0.9124477 0.007982074
  0.9055149 0.008706354
  0.8985825 0.009442001
  0.891654 0.01018989
  0.8847301 0.01095117
  0.8778087 0.01172655
  0.870888 0.01251618
  0.8639671 0.01332013
  0.8570458 0.01413838
  0.8501248 0.01497081
  0.8432055 0.01581726
  0.8362891 0.01667772
  0.8293764 0.01755223
  0.8224677 0.01844094
  0.8155624 0.01934405
  0.8086596 0.02026184
  0.8017578 0.02119458
  0.7948555 0.02214223
  0.7879514 0.02310465
  0.7810451 0.02408165
  0.7741362 0.02507296
  0.7672253 0.02607824
  0.7603132 0.02709709
  0.7534009 0.02812919
  0.7464895 0.02917442
  0.7395799 0.03023266
  0.7326722 0.03130388
  0.7257668 0.03238806
  0.7188632 0.03348527
  0.7119609 0.03459559
  0.7050591 0.03571906
  0.6981571 0.03685561
  0.6912542 0.03800513
  0.6843501 0.03916749
  0.6774446 0.04034251
  0.6705376 0.04153002
  0.6636292 0.04272977
  0.6567198 0.04394153
  0.6498097 0.04516508
  0.642899 0.04640024
  0.6359878 0.04764683
  0.629076 0.04890471
  0.6221633 0.05017377
  0.6152494 0.05145392
  0.6083336 0.05274508
  0.6014155 0.05404712
  0.5944944 0.05535979
  0.5875699 0.05668282
  0.5806418 0.05801594
  0.5737098 0.05935883
  0.566774 0.06071116
  0.5598344 0.06207256
  0.5528913 0.06344262
  0.5459447 0.06482086
  0.5389948 0.06620684
  0.5320414 0.0676001
  0.5250842 0.06900025
  0.5181229 0.07040692
  0.5111567 0.07181975
  0.504185 0.07323838
  0.4972075 0.07466174
  0.4902259 0.07608807
  0.483244 0.07751508
  0.4762678 0.07894006
  0.4693057 0.08035987
  0.462368 0.08177095
  0.4554666 0.08316939
  0.4486137 0.08454924
  0.4418187 0.08590339
  0.435088 0.08722562
  0.4284251 0.08851064
  0.421831 0.08975403
  0.4153046 0.09095211
  0.408843 0.0921018
  0.4024421 0.09320068
  0.3960975 0.09424672
  0.3898042 0.09523813
  0.3835568 0.09617322
  0.3773493 0.09705035
  0.3711756 0.09786793
  0.3650291 0.0986243
  0.3589033 0.09931872
  0.3527928 0.09995163
  0.3466935 0.1005233
  0.3406022 0.1010337
  0.3345167 0.1014826
  0.3284358 0.1018698
  0.3223591 0.1021945
  0.3162871 0.1024567
  0.3102199 0.1026562
  0.304157 0.102793
  0.298097 0.102867
  0.2920379 0.1028781
  0.2859772 0.102826
  0.2799113 0.1027103
  0.2738367 0.1025315
  0.2677506 0.1022905
  0.2616515 0.1019881
  0.255539 0.1016251
  0.249414 0.1012024
  0.2432787 0.1007211
  0.2371363 0.100182
  0.2309905 0.09958545
  0.2248446 0.09893206
  0.2187023 0.09822237
  0.2125669 0.09745709
  0.2064416 0.096637
  0.2003298 0.0957626
  0.1942347 0.09483377
  0.1881596 0.09385041
  0.1821074 0.09281252
  0.1760813 0.09172016
  0.1700839 0.09057346
  0.1641181 0.08937236
  0.1581868 0.08811656
  0.1522928 0.08680586
  0.1464388 0.08544013
  0.1406271 0.08401933
  0.1348604 0.08254345
  0.129142 0.08101242
  0.1234766 0.07942661
  0.1178703 0.07778703
  0.1123299 0.07609529
  0.1068631 0.07435356
  0.1014786 0.07256341
  0.09618458 0.07072622
  0.09098872 0.06884372
  0.08589762 0.06691797
  0.08091701 0.06495127
  0.07605372 0.06294658
  0.07131808 0.06090881
  0.06672273 0.05884503
  0.0622809 0.05676394
  0.0580049 0.05467499
  0.05390679 0.05258669
  0.04999731 0.05050722
  0.04628379 0.04844487
  0.04276948 0.04640734
  0.03945367 0.04440118
  0.0363343 0.04243158
  0.03341011 0.04050402
  0.03067849 0.03862427
  0.02813433 0.03679729
  0.02576985 0.03502664
  0.02357536 0.03331422
  0.02154138 0.03165986
  0.01965811 0.03006214
  0.01791489 0.02851907
  0.01630092 0.0270282
  0.01480561 0.0255869
  0.0134189 0.0241924
  0.01213157 0.02284189
  0.01093652 0.02153236
  0.009828198 0.02026134
  0.00880143 0.01902704
  0.007851254 0.01782801
  0.006972834 0.01666299
  0.006161454 0.01553077
  0.005412543 0.01443017
  0.004721704 0.01335999
  0.004085573 0.0123191
  0.003502785 0.01130635
  0.002971725 0.01032018
  0.002490429 0.009358785
  0.002056804 0.008420286
  0.001668767 0.007502817
  0.001324325 0.00660458
  0.001021621 0.005723875
  0.0007589511 0.004859109
  0.00053479 0.004008808
  0.0003487904 0.003172315
  0.0002023298 0.002351158
  9.657493e-05 0.001548436
  3.217418e-05 0.0007673386
  9.916596e-06 3.799318e-06
  3.265281e-05 -0.0007563971
  0.0001086436 -0.001522882
  0.0002559137 -0.002289713
  0.0005056173 -0.003041608
  0.0008875207 -0.003751785
  0.001393305 -0.004404036
  0.001971633 -0.005023231
  0.002613501 -0.005613723
  0.00331073 -0.006182467
  0.004057228 -0.006735295
  0.004851955 -0.007275529
  0.005695242 -0.007805459
  0.006588319 -0.008326498
  0.007532256 -0.008840227
  0.008529612 -0.009347182
  0.009584297 -0.009847121
  0.01070059 -0.01033984
  0.01188312 -0.01082523
  0.01313691 -0.01130329
  0.01446731 -0.01177424
  0.01588001 -0.01223856
  0.01738088 -0.01269714
  0.01897593 -0.01315138
  0.02067272 -0.01360168
  0.02248106 -0.0140467
  0.02441159 -0.01448484
  0.0264757 -0.01491429
  0.02868558 -0.01533319
  0.03105442 -0.01573978
  0.03359655 -0.01613258
  0.03632808 -0.01651072
  0.0392679 -0.01687214
  0.04243527 -0.01721278
  0.04584753 -0.0175281
  0.0495192 -0.01781354
  0.05346134 -0.01806514
  0.0576812 -0.01828029
  0.06218399 -0.01845653
  0.06697055 -0.01858914
  0.07203303 -0.01867414
  0.07735573 -0.01870938
  0.08291943 -0.01869514
  0.08870848 -0.01863372
  0.09471119 -0.01852692
  0.1009122 -0.01837728
  0.1072917 -0.01818907
  0.1138267 -0.01796828
  0.120493 -0.01772212
  0.1272669 -0.01745504
  0.134126 -0.01716956
  0.1410505 -0.0168684
  0.1480247 -0.01655434
  0.1550382 -0.01623017
  0.1620858 -0.01589811
  0.1691639 -0.01555944
  0.1762685 -0.0152154
  0.1833949 -0.01486731
  0.1905377 -0.01451652
  0.1976906 -0.01416448
  0.2048472 -0.01381254
  0.2120015 -0.01346188
  0.2191488 -0.01311359
  0.2262857 -0.0127687
  0.2334102 -0.01242815
  0.2405214 -0.01209281
  0.2476197 -0.01176347
  0.2547062 -0.01144076
  0.2617823 -0.01112523
  0.2688492 -0.01081746
  0.2759081 -0.01051799
  0.2829604 -0.01022738
  0.2900074 -0.009946199
  0.2970503 -0.009674963
  0.3040905 -0.009413767
  0.3111292 -0.009162471
  0.3181679 -0.008920945
  0.3252077 -0.00868906
  0.3322502 -0.0084667
  0.3392965 -0.008253752
  0.3463481 -0.008050108
  0.3534064 -0.0078555
  0.3604725 -0.007669345
  0.3675472 -0.007491028
  0.3746311 -0.007319944
  0.3817242 -0.007155493
  0.3888264 -0.006997078
  0.3959372 -0.006844104
  0.4030555 -0.00669599
  0.4101804 -0.006552359
  0.4173107 -0.006413
  0.4244455 -0.006277698
  0.4315841 -0.006146236
  0.438726 -0.006018387
  0.4458707 -0.005893922
  0.453018 -0.005772609
  0.4601678 -0.00565422
  0.4673202 -0.005538609
  0.4744752 -0.005425663
  0.4816325 -0.005315273
  0.4887919 -0.005207327
  0.4959529 -0.005101719
  0.5031153 -0.004998341
  0.5102783 -0.004897084
  0.5174413 -0.004797878
  0.5246038 -0.00470077
  0.5317653 -0.004605832
  0.5389258 -0.004513135
  0.5460853 -0.004422745
  0.5532441 -0.004334725
  0.560403 -0.004249136
  0.5675626 -0.004166034
  0.574724 -0.004085359
  0.5818879 -0.004006905
  0.5890549 -0.003930461
  0.596225 -0.00385582
  0.6033984 -0.003782778
  0.6105744 -0.00371113
  0.6177526 -0.003640678
  0.6249318 -0.00357124
  0.6321109 -0.003502821
  0.6392892 -0.003435531
  0.6464661 -0.003369477
  0.6536415 -0.003304763
  0.6608154 -0.003241489
  0.6679884 -0.003179753
  0.6751613 -0.00311965
  0.6823351 -0.003061167
  0.6895106 -0.003004141
  0.6966885 -0.002948396
  0.703869 -0.00289376
  0.7110519 -0.002840063
  0.7182368 -0.002787137
  0.7254228 -0.002734817
  0.7326089 -0.002683045
  0.7397941 -0.002631947
  0.7469778 -0.002581661
  0.7541597 -0.002532325
  0.7613398 -0.002484075
  0.7685183 -0.002437041
  0.7756961 -0.002391337
  0.7828739 -0.002346822
  0.7900525 -0.002303184
  0.7972325 -0.002260104
  0.8044141 -0.002217266
  0.8115976 -0.002174354
  0.8187829 -0.00213106
  0.8259698 -0.002087268
  0.8331576 -0.002043093
  0.8403452 -0.001998664
  0.847531 -0.001954115
  0.854713 -0.001909582
  0.8618886 -0.001865128
  0.8690551 -0.001820243
  0.8762092 -0.001774148
  0.8833477 -0.00172608
  0.8904669 -0.001675289
  0.8975632 -0.001620985
  0.904632 -0.001561835
  0.9116672 -0.001496237
  0.918661 -0.001422678
  0.9256039 -0.00133976
  0.9324852 -0.001246281
  0.9392924 -0.001141325
  0.9460114 -0.0010242
  0.9526267 -0.0008944786
  0.9591176 -0.0007538545
  0.965438 -0.0006072871
  0.9715199 -0.0004602466
  0.9772939 -0.000319517
  0.982706 -0.0001964296
  0.9877282 -9.921252e-05
  0.9923576 -3.265679e-05
  0.996606 -4.651242e-07
  1.0 0.0
