FX 60-177 AIRFOIL
  1.0 0.0
  0.996717 0.001765073
  0.9925245 0.003634681
  0.9880495 0.005605538
  0.9832154 0.007642548
  0.9780621 0.009785518
  0.9727006 0.01196585
  0.967131 0.01414424
  0.9613257 0.01634258
  0.9553252 0.01856341
  0.9491875 0.02078676
  0.9429271 0.02300792
  0.9365491 0.02523583
  0.930113 0.02746475
  0.9237105 0.02965783
  0.9173691 0.03177763
  0.9110337 0.03381891
  0.9046269 0.0358216
  0.8981226 0.03782984
  0.8915602 0.03986538
  0.8850036 0.04190324
  0.8784758 0.04390998
  0.8719534 0.04586824
  0.8653915 0.04778611
  0.8587653 0.04967956
  0.852079 0.0515566
  0.8453633 0.05341416
  0.8386472 0.05524108
  0.8319417 0.05703031
  0.8252396 0.05878015
  0.8185245 0.06049495
  0.8117859 0.06217969
  0.8050221 0.06383705
  0.7982402 0.06546719
  0.7914497 0.06706751
  0.7846559 0.06863581
  0.7778593 0.07017112
  0.7710555 0.07167382
  0.7642393 0.07314595
  0.7574075 0.07458937
  0.7505601 0.07600532
  0.7436991 0.07739432
  0.7368286 0.07875562
  0.7299527 0.08008808
  0.7230763 0.08139055
  0.7162046 0.08266182
  0.7093412 0.08390022
  0.702485 0.08510454
  0.6956298 0.0862744
  0.6887641 0.08741022
  0.6818738 0.08851473
  0.6749508 0.0895924
  0.6679973 0.09064631
  0.6610264 0.09167808
  0.6540611 0.09268679
  0.6471218 0.09366623
  0.6402144 0.0946109
  0.6333301 0.09551747
  0.6264459 0.09638442
  0.6195307 0.09721585
  0.6125632 0.0980204
  0.6055395 0.09880503
  0.5984752 0.09957484
  0.5914056 0.1003316
  0.5843682 0.1010676
  0.5773807 0.1017738
  0.5704396 0.1024438
  0.5635226 0.1030733
  0.5565928 0.103663
  0.5496196 0.1042213
  0.5425891 0.1047557
  0.5355064 0.1052724
  0.5283974 0.1057763
  0.5212985 0.1062647
  0.5142332 0.1067309
  0.5072057 0.1071697
  0.5002027 0.107577
  0.4931954 0.1079513
  0.4861549 0.1082974
  0.4790689 0.1086214
  0.4719438 0.1089284
  0.4648067 0.109223
  0.457699 0.1095037
  0.4506486 0.109762
  0.4436596 0.1099904
  0.4367143 0.1101819
  0.4297755 0.1103313
  0.4227997 0.110442
  0.4157614 0.1105224
  0.4086597 0.1105807
  0.4015214 0.1106252
  0.3943984 0.1106602
  0.3873355 0.1106776
  0.3803473 0.1106677
  0.3734197 0.1106217
  0.3665138 0.1105311
  0.3595787 0.1103963
  0.3525815 0.1102253
  0.3455164 0.1100269
  0.3384093 0.1098116
  0.3313153 0.1095859
  0.3242833 0.1093432
  0.3173303 0.1090742
  0.3104428 0.108769
  0.3035817 0.1084178
  0.2966996 0.1080199
  0.28977 0.1075809
  0.2827949 0.1071082
  0.2758072 0.1066113
  0.2688627 0.1060952
  0.2619976 0.1055526
  0.2552102 0.104973
  0.248465 0.1043434
  0.2417014 0.1036544
  0.2348729 0.1029111
  0.2279759 0.1021249
  0.2210568 0.1013138
  0.2142049 0.1004927
  0.2074859 0.09965195
  0.2009017 0.09877343
  0.194402 0.09783341
  0.1879001 0.09681143
  0.1813247 0.09571058
  0.1746636 0.09454662
  0.1679771 0.09334932
  0.1613804 0.09214105
  0.1549454 0.09091124
  0.1486642 0.08963619
  0.1424698 0.08828327
  0.1362727 0.08683569
  0.1300302 0.08530056
  0.1237691 0.08370249
  0.1175833 0.08207621
  0.1115589 0.08042504
  0.1057072 0.07872992
  0.0999799 0.07695821
  0.09430566 0.07508901
  0.08865963 0.07313013
  0.08308236 0.07111242
  0.0776632 0.06907319
  0.07246127 0.06701356
  0.06746691 0.06491039
  0.06262703 0.06272968
  0.057895 0.06046932
  0.05328941 0.05816653
  0.04888377 0.05588458
  0.04476039 0.05365909
  0.04093886 0.05147854
  0.03738988 0.04931424
  0.03406613 0.04714368
  0.03093699 0.04498364
  0.02800585 0.04287248
  0.02529017 0.04085361
  0.02281228 0.03894593
  0.02057321 0.03713295
  0.01855327 0.03539165
  0.01672788 0.03370043
  0.01506965 0.03204467
  0.01355045 0.03042537
  0.01215152 0.02884963
  0.01085976 0.02732568
  0.009665258 0.02586143
  0.008562008 0.0244622
  0.007553768 0.02312689
  0.006641755 0.02185028
  0.005823381 0.02062579
  0.005094408 0.01944674
  0.004450129 0.0183068
  0.00388537 0.01720021
  0.003387523 0.01612123
  0.002940978 0.01506543
  0.002533249 0.01403015
  0.00215429 0.01301394
  0.001795968 0.01201614
  0.001451713 0.01103656
  0.001116261 0.01007532
  0.0007865733 0.009133018
  0.0004706902 0.008213384
  0.0001801308 0.007319865
  -7.639316e-05 0.006453779
  -0.0002921003 0.005615097
  -0.0004613585 0.004802985
  -0.0005790608 0.004016147
  -0.0006401066 0.003253037
  -0.0006389242 0.002511971
  -0.0005689655 0.001791181
  -0.0004220824 0.001088821
  -0.0001876512 0.0004029234
  0.0001482021 -0.0002688514
  0.000580924 -0.0009352004
  0.001073151 -0.001612131
  0.001588146 -0.00231074
  0.002123941 -0.003028757
  0.002686888 -0.003760926
  0.003285049 -0.004501463
  0.003928728 -0.005244286
  0.004630865 -0.005983536
  0.005400237 -0.006718533
  0.006240556 -0.007453194
  0.007155397 -0.008192213
  0.008147886 -0.0089411
  0.009219793 -0.00970634
  0.01037056 -0.01049508
  0.01160334 -0.01131093
  0.01292544 -0.01215489
  0.01434487 -0.01302794
  0.01587066 -0.01393141
  0.01751364 -0.01486744
  0.01928739 -0.01583851
  0.02120768 -0.01684578
  0.02329286 -0.01788992
  0.0255642 -0.01897105
  0.02804617 -0.02008859
  0.03076629 -0.02124567
  0.03375329 -0.02244979
  0.03703338 -0.02371049
  0.04062438 -0.02503832
  0.04453475 -0.02643287
  0.04876165 -0.02788363
  0.05329198 -0.02937721
  0.05811041 -0.03089974
  0.06319557 -0.03243508
  0.06851872 -0.03396608
  0.0740506 -0.03547779
  0.07976593 -0.03695921
  0.08564925 -0.03840367
  0.09169823 -0.03981142
  0.09790466 -0.04118796
  0.1042371 -0.04253659
  0.1106411 -0.04385254
  0.1170746 -0.0451202
  0.1235328 -0.04632973
  0.1300495 -0.04748109
  0.1366649 -0.04858985
  0.1433866 -0.04967104
  0.150179 -0.05073335
  0.1569792 -0.051769
  0.1637515 -0.0527633
  0.1705016 -0.05370791
  0.1772714 -0.05460281
  0.1841031 -0.05546057
  0.1910067 -0.05629254
  0.1979534 -0.05710581
  0.2048842 -0.05789617
  0.2117603 -0.05864935
  0.2185839 -0.05935534
  0.2253942 -0.06000845
  0.2322518 -0.06061502
  0.2391967 -0.06119051
  0.2462297 -0.06174803
  0.2533056 -0.06229763
  0.2603488 -0.06283416
  0.2673119 -0.06334066
  0.2741924 -0.06380392
  0.2810263 -0.06421433
  0.2878732 -0.06457319
  0.2947788 -0.06489171
  0.3017621 -0.06518001
  0.3088112 -0.0654474
  0.3158828 -0.06569952
  0.3229303 -0.06593043
  0.3299318 -0.06613278
  0.3368916 -0.06630042
  0.3438375 -0.06642832
  0.3508083 -0.06651876
  0.3578285 -0.06657852
  0.3649018 -0.06661422
  0.3720085 -0.0666327
  0.3791087 -0.06663698
  0.3861683 -0.06662123
  0.3931756 -0.06657881
  0.4001405 -0.06650327
  0.4070921 -0.06638852
  0.414068 -0.06623566
  0.4210919 -0.06605058
  0.4281676 -0.06583974
  0.4352773 -0.06561059
  0.4423826 -0.06536851
  0.4494467 -0.06510929
  0.4564534 -0.06482655
  0.4634072 -0.06451353
  0.470331 -0.06416284
  0.4772594 -0.0637715
  0.4842183 -0.06334285
  0.4912165 -0.06288142
  0.4982446 -0.06239307
  0.5052738 -0.06188442
  0.5122691 -0.06135524
  0.5192112 -0.06080066
  0.5260997 -0.06021469
  0.5329517 -0.05959001
  0.5397987 -0.05891986
  0.5466719 -0.05820507
  0.5535866 -0.05744961
  0.5605396 -0.05665946
  0.5675081 -0.05584316
  0.5744534 -0.0550064
  0.5813462 -0.05414615
  0.5881781 -0.05325663
  0.5949603 -0.0523298
  0.601722 -0.05135557
  0.6085012 -0.05032977
  0.6153247 -0.04925504
  0.6222007 -0.04813682
  0.6291173 -0.04698422
  0.6360419 -0.04580825
  0.6429384 -0.04461151
  0.6497892 -0.04339123
  0.6565971 -0.04214137
  0.6633833 -0.04085257
  0.6701829 -0.03951782
  0.6770247 -0.03813821
  0.6839206 -0.03671857
  0.6908638 -0.03526797
  0.6978271 -0.0337983
  0.7047773 -0.03231414
  0.7116953 -0.03081463
  0.7185782 -0.02929558
  0.7254387 -0.0277501
  0.7323007 -0.02617764
  0.7391856 -0.02458445
  0.7461083 -0.02297858
  0.7530767 -0.02136977
  0.7600892 -0.0197631
  0.7671316 -0.01815824
  0.7741775 -0.016557
  0.7811893 -0.01496408
  0.7881298 -0.01339283
  0.7949868 -0.01185929
  0.8017756 -0.01037275
  0.8085342 -0.008936305
  0.8153061 -0.007541362
  0.8221084 -0.006177407
  0.8289246 -0.004840526
  0.8357067 -0.003535241
  0.8424093 -0.002280005
  0.8490249 -0.001090005
  0.8555806 2.701216e-05
  0.8621242 0.001074271
  0.8686855 0.002063373
  0.87526 0.003001244
  0.8818108 0.003888145
  0.8882974 0.004711689
  0.8947057 0.005460097
  0.901047 0.006126319
  0.9073399 0.006710774
  0.9135867 0.007215524
  0.9197718 0.007640916
  0.9258709 0.007982183
  0.9318648 0.008232985
  0.9377419 0.0083888
  0.9434939 0.008445401
  0.9491141 0.00839952
  0.954596 0.008248382
  0.9599275 0.007988355
  0.9650904 0.007617916
  0.9700733 0.007131673
  0.9748947 0.006519325
  0.9795864 0.00577846
  0.9841266 0.004930132
  0.9884502 0.00397113
  0.9926091 0.002821462
  0.9967169 0.001524374
  1.0 0.0
