FX 61-147 AIRFOIL
  1.0 0.0
  0.9975767 0.001810124
  0.9940699 0.003349618
  0.9901951 0.004894722
  0.9859917 0.006384995
  0.9812383 0.007961134
  0.9761208 0.009626112
  0.9708783 0.01124997
  0.9654312 0.01283555
  0.9597199 0.01442703
  0.9538532 0.01601008
  0.9479268 0.0175512
  0.9419162 0.01905361
  0.9357731 0.02054399
  0.9295204 0.02203553
  0.9232377 0.0235145
  0.9169688 0.02496309
  0.9106957 0.02637964
  0.9043766 0.02778165
  0.897998 0.02918665
  0.8915841 0.03060268
  0.8851743 0.03201899
  0.8787854 0.03342193
  0.8724066 0.03480441
  0.8660115 0.03617002
  0.859584 0.03752652
  0.8531249 0.03887827
  0.8466515 0.04022494
  0.840183 0.04156108
  0.8337289 0.04288232
  0.8272884 0.04418657
  0.8208526 0.04547446
  0.8144131 0.04674817
  0.8079644 0.04800927
  0.8015047 0.04925864
  0.7950346 0.05049678
  0.7885558 0.05172423
  0.7820694 0.05294158
  0.7755768 0.05414945
  0.7690788 0.05534823
  0.7625767 0.05653785
  0.7560719 0.0577181
  0.7495665 0.05888877
  0.7430626 0.0600494
  0.7365617 0.06119918
  0.730064 0.06233745
  0.7235682 0.06346379
  0.7170716 0.06457806
  0.7105709 0.0656809
  0.7040643 0.06677323
  0.6975512 0.06785569
  0.6910329 0.06892869
  0.6845118 0.06999221
  0.6779907 0.07104556
  0.6714709 0.07208812
  0.6649527 0.07311946
  0.6584352 0.07413934
  0.6519165 0.07514792
  0.6453951 0.07614568
  0.6388698 0.07713305
  0.6323405 0.07811034
  0.6258074 0.07907775
  0.6192712 0.08003527
  0.6127331 0.08098275
  0.6061939 0.08192
  0.5996549 0.08284685
  0.5931171 0.08376309
  0.5865816 0.08466821
  0.5800492 0.08556151
  0.5735201 0.08644238
  0.5669943 0.08731024
  0.5604713 0.08816458
  0.5539506 0.08900503
  0.5474316 0.08983126
  0.5409142 0.09064293
  0.5343981 0.09143967
  0.5278834 0.09222108
  0.5213703 0.09298683
  0.5148586 0.09373662
  0.5083482 0.09447017
  0.5018386 0.09518724
  0.4953292 0.09588757
  0.4888196 0.09657083
  0.4823103 0.09723657
  0.4758029 0.09788422
  0.4692999 0.09851315
  0.4628049 0.09912259
  0.4563215 0.09971109
  0.449851 0.100277
  0.4433923 0.1008189
  0.4369422 0.1013356
  0.4304951 0.1018261
  0.4240448 0.1022905
  0.4175884 0.1027293
  0.4111272 0.1031429
  0.404666 0.1035314
  0.3982139 0.1038944
  0.3917808 0.1042299
  0.3853721 0.1045347
  0.3789879 0.1048061
  0.3726226 0.1050417
  0.3662659 0.1052392
  0.3599058 0.1053987
  0.3535353 0.1055217
  0.3471536 0.1056093
  0.3407663 0.1056626
  0.3343851 0.1056825
  0.3280233 0.1056672
  0.3216882 0.1056139
  0.3153797 0.10552
  0.3090912 0.1053824
  0.3028097 0.1051988
  0.2965224 0.1049695
  0.2902228 0.1046959
  0.2839124 0.1043796
  0.2776001 0.1040227
  0.2713017 0.1036264
  0.2650305 0.1031887
  0.2587918 0.1027068
  0.2525831 0.1021775
  0.2463946 0.1015972
  0.2402126 0.100964
  0.2340276 0.1002785
  0.2278364 0.09954192
  0.2216428 0.09875604
  0.2154565 0.09792281
  0.209289 0.09704186
  0.2031488 0.09611224
  0.1970414 0.09513279
  0.1909695 0.09410202
  0.1849332 0.0930179
  0.1789306 0.09187783
  0.172958 0.09067876
  0.1670092 0.08941712
  0.1610772 0.08809084
  0.1551557 0.08669988
  0.1492413 0.08524459
  0.1433327 0.08372577
  0.1374319 0.08214435
  0.1315461 0.08050209
  0.1256876 0.07880265
  0.1198738 0.0770513
  0.1141215 0.07524988
  0.1084347 0.07339468
  0.102803 0.0714774
  0.09720529 0.06948717
  0.0916281 0.06742081
  0.08608325 0.06528542
  0.08060788 0.06309814
  0.07524624 0.06087046
  0.07001078 0.05859637
  0.06487915 0.0562557
  0.05981134 0.05382782
  0.05480031 0.05131784
  0.04989263 0.04875931
  0.04517007 0.04619376
  0.04068638 0.04363368
  0.03644611 0.04107061
  0.03243323 0.03849622
  0.02865798 0.03593181
  0.02515532 0.03341991
  0.0219606 0.03100403
  0.01908933 0.02871288
  0.01653095 0.02655938
  0.01426169 0.02454293
  0.01226256 0.02266141
  0.01051372 0.02091565
  0.008988844 0.01930186
  0.007664723 0.01781097
  0.006520079 0.016428
  0.005531045 0.01513586
  0.004676294 0.01391943
  0.003937904 0.01276607
  0.00329573 0.0116638
  0.0027287 0.01060364
  0.002221574 0.009581449
  0.001762982 0.008595619
  0.0013441 0.007645501
  0.0009579501 0.006730595
  0.0006051422 0.005852403
  0.0002983862 0.005014498
  4.644015e-05 0.004216202
  -0.0001452854 0.003454371
  -0.0002725136 0.002724951
  -0.0003306933 0.002023647
  -0.0003139163 0.001346125
  -0.0002137699 0.0006879692
  -1.768526e-05 4.443279e-05
  0.0002879937 -0.0005904449
  0.0006943594 -0.001224292
  0.001180279 -0.001861353
  0.001728725 -0.002500736
  0.002341864 -0.00314
  0.003023921 -0.003776938
  0.003779605 -0.004410075
  0.004615209 -0.00503938
  0.005540269 -0.005667186
  0.006567337 -0.006297725
  0.007711307 -0.006936792
  0.008988809 -0.007592379
  0.01041605 -0.008275088
  0.01201253 -0.008992095
  0.01380369 -0.009745839
  0.01581704 -0.01053903
  0.01808518 -0.01137702
  0.0206511 -0.01226572
  0.02356074 -0.01320552
  0.02685495 -0.0141928
  0.03056983 -0.01522232
  0.03472847 -0.01628808
  0.03932153 -0.01738296
  0.04431172 -0.01849816
  0.04963758 -0.01961736
  0.05522618 -0.02072753
  0.06101624 -0.02181869
  0.06695122 -0.02288196
  0.07298362 -0.02391175
  0.07908135 -0.02490281
  0.08522902 -0.02585253
  0.09142778 -0.0267623
  0.0976795 -0.0276365
  0.1039743 -0.02847854
  0.1102911 -0.02928922
  0.1166132 -0.03006562
  0.1229405 -0.03080625
  0.1292896 -0.03151214
  0.1356805 -0.03218923
  0.1421167 -0.03284365
  0.1485808 -0.03347958
  0.1550398 -0.03409565
  0.1614707 -0.03468491
  0.1678724 -0.03524218
  0.1742642 -0.03576461
  0.1806751 -0.03625577
  0.1871237 -0.03672197
  0.1936133 -0.03716838
  0.2001314 -0.0375989
  0.2066565 -0.03801276
  0.2131733 -0.03840729
  0.2196757 -0.03878046
  0.2261665 -0.03913095
  0.2326546 -0.03945893
  0.2391469 -0.03976537
  0.2456474 -0.04005104
  0.2521569 -0.04031653
  0.2586731 -0.04056218
  0.2651936 -0.04078815
  0.2717162 -0.04099463
  0.2782396 -0.04118184
  0.2847627 -0.04134999
  0.2912851 -0.04149896
  0.2978067 -0.04162855
  0.3043272 -0.04173852
  0.3108469 -0.04182869
  0.317366 -0.04189896
  0.3238849 -0.04194937
  0.3304043 -0.04198001
  0.3369249 -0.04199094
  0.3434475 -0.0419822
  0.3499728 -0.04195397
  0.3565008 -0.04190647
  0.3630305 -0.04183996
  0.36956 -0.0417547
  0.3760867 -0.0416509
  0.3826076 -0.04152813
  0.3891218 -0.04138569
  0.3956295 -0.04122288
  0.4021327 -0.04103893
  0.4086351 -0.04083319
  0.41514 -0.04060591
  0.4216492 -0.04035763
  0.4281628 -0.04008894
  0.4346785 -0.03980053
  0.4411926 -0.03949294
  0.4477012 -0.03916577
  0.4542019 -0.03881831
  0.4606942 -0.03844979
  0.4671794 -0.03805934
  0.4736601 -0.03764617
  0.4801398 -0.03721033
  0.4866208 -0.03675211
  0.4931046 -0.03627184
  0.4995917 -0.03576992
  0.5060817 -0.03524676
  0.5125734 -0.0347026
  0.5190652 -0.03413765
  0.5255549 -0.03355219
  0.5320403 -0.03294657
  0.5385183 -0.03232105
  0.5449863 -0.03167508
  0.5514431 -0.03100775
  0.5578886 -0.03031802
  0.5643241 -0.02960472
  0.5707521 -0.02886665
  0.5771755 -0.02810334
  0.5835966 -0.02731471
  0.5900165 -0.02650077
  0.5964354 -0.02566161
  0.6028526 -0.02479749
  0.6092671 -0.02390865
  0.615679 -0.0229952
  0.6220893 -0.02205709
  0.6285002 -0.02109409
  0.634915 -0.02010598
  0.6413379 -0.01909378
  0.6477729 -0.01805897
  0.6542241 -0.01700303
  0.6606953 -0.01592748
  0.6671901 -0.01483404
  0.6737099 -0.0137254
  0.6802523 -0.01260519
  0.6868097 -0.01147793
  0.69337 -0.01034905
  0.6999176 -0.009224961
  0.7064403 -0.008112052
  0.7129316 -0.007015607
  0.7193912 -0.005939755
  0.7258239 -0.004887481
  0.7322373 -0.003860008
  0.738637 -0.002858131
  0.7450267 -0.001883011
  0.751408 -0.0009361381
  0.7577807 -1.915894e-05
  0.7641442 0.0008664638
  0.7704986 0.001719403
  0.7768447 0.002538431
  0.7831837 0.003322442
  0.7895169 0.004070611
  0.7958449 0.004782125
  0.8021674 0.00545609
  0.8084836 0.006091522
  0.814792 0.006687062
  0.8210912 0.007241162
  0.82738 0.007752335
  0.8336572 0.008219143
  0.8399223 0.008640115
  0.8461762 0.009013815
  0.8524218 0.009338881
  0.8586637 0.009614183
  0.8649068 0.009840083
  0.8711546 0.01001742
  0.8774089 0.01014687
  0.8836697 0.01022891
  0.8899338 0.01026369
  0.8961939 0.01025144
  0.9024396 0.01019221
  0.9086642 0.01008434
  0.9148731 0.009925477
  0.9210827 0.009713474
  0.9273032 0.009450629
  0.9335136 0.00914235
  0.9396642 0.008792462
  0.9457188 0.008393524
  0.9516838 0.0079349
  0.9575755 0.007411495
  0.9633475 0.006829601
  0.9689093 0.00619125
  0.9742519 0.005472808
  0.9794478 0.004664661
  0.9844557 0.003828841
  0.9890868 0.003002979
  0.9932162 0.00214253
  0.996924 0.001095378
  1.0 0.0
