FX 63-143 AIRFOIL
  1.0 0.0
  0.9963913 0.001164675
  0.9916697 0.002510221
  0.9864762 0.003912347
  0.980791 0.005344255
  0.9747121 0.006789183
  0.9683439 0.008205744
  0.9616949 0.009595873
  0.9548161 0.01096366
  0.9477694 0.01230239
  0.9405534 0.0136204
  0.933167 0.01493857
  0.9256826 0.01626418
  0.9181883 0.01757929
  0.9107095 0.01887215
  0.9032267 0.02015373
  0.8957236 0.02144387
  0.8881946 0.02275483
  0.8806378 0.02407966
  0.8730542 0.0254074
  0.8654483 0.02673242
  0.857828 0.02805715
  0.8502021 0.02938447
  0.8425795 0.0307159
  0.8349653 0.03205191
  0.8273603 0.03339361
  0.8197614 0.03474043
  0.812167 0.03608768
  0.8045801 0.03742943
  0.7970087 0.03876119
  0.7894617 0.04008791
  0.7819422 0.041418
  0.7744471 0.04276055
  0.7669672 0.04411649
  0.759493 0.04547613
  0.7520185 0.0468286
  0.7445414 0.04816391
  0.7370644 0.04948572
  0.7295915 0.05080545
  0.7221268 0.05213462
  0.7146734 0.05348209
  0.7072302 0.05484112
  0.6997924 0.05619978
  0.6923519 0.05754668
  0.6848986 0.05887337
  0.6774261 0.06018602
  0.6699358 0.06149529
  0.6624366 0.06281064
  0.654945 0.06413849
  0.6474761 0.06547086
  0.6400359 0.06679453
  0.6326204 0.06809823
  0.625217 0.06937324
  0.6178119 0.07062504
  0.6104027 0.07186892
  0.6030006 0.07311825
  0.5956303 0.07438388
  0.5883224 0.07566229
  0.5810908 0.0769287
  0.5739264 0.07816097
  0.5667997 0.07934147
  0.559665 0.08046116
  0.5524802 0.08153864
  0.5452247 0.08259822
  0.5379024 0.08366149
  0.5305447 0.08474693
  0.5232026 0.08585488
  0.5159089 0.08696163
  0.5086639 0.08804634
  0.501438 0.08909336
  0.4941737 0.09009341
  0.4868109 0.09105731
  0.4793243 0.09200043
  0.4717365 0.09293311
  0.4641277 0.09385965
  0.4566103 0.09476536
  0.4492462 0.09562395
  0.4420286 0.09641869
  0.4348982 0.09714007
  0.4277558 0.097787
  0.4205066 0.09837958
  0.4131079 0.09893914
  0.4055866 0.09948347
  0.3980543 0.1000248
  0.3906583 0.1005448
  0.3834658 0.101011
  0.3764565 0.1014008
  0.3695491 0.101697
  0.3626212 0.1018949
  0.355567 0.1020186
  0.3483423 0.1020955
  0.3409866 0.1021555
  0.3336401 0.1022252
  0.3264642 0.1022834
  0.3195173 0.1022918
  0.3127654 0.1022192
  0.3061135 0.1020369
  0.2994323 0.1017397
  0.2926252 0.1013579
  0.2856645 0.1009294
  0.278614 0.1005029
  0.2716327 0.1001144
  0.2648603 0.09972851
  0.258326 0.09929641
  0.2519772 0.0987731
  0.2457096 0.09811635
  0.2394003 0.09733233
  0.2329752 0.09646359
  0.2264341 0.09556681
  0.2198699 0.09471538
  0.2134451 0.09393452
  0.2072612 0.09316463
  0.2013169 0.09234172
  0.1955475 0.09140423
  0.1898479 0.09030587
  0.1841116 0.08907712
  0.1782867 0.0877783
  0.1723906 0.08649065
  0.1665212 0.08530639
  0.1608176 0.08421765
  0.1553466 0.08314396
  0.1500955 0.08200723
  0.1450059 0.0807319
  0.1399862 0.07928512
  0.1349522 0.07772144
  0.1298719 0.07612008
  0.1247719 0.07458239
  0.1197404 0.07320076
  0.1148919 0.0719314
  0.1102739 0.07067931
  0.105875 0.06935815
  0.1016527 0.06788812
  0.09753381 0.06625092
  0.09344512 0.06451521
  0.08935115 0.06276818
  0.08525466 0.06111227
  0.08119844 0.05964023
  0.0772685 0.05831242
  0.0735177 0.05702558
  0.06995275 0.05568668
  0.06655544 0.05420968
  0.06328028 0.05254157
  0.06004709 0.05072874
  0.0567898 0.04884356
  0.05346246 0.0469764
  0.05004468 0.04523551
  0.04657838 0.04364453
  0.04312903 0.04210649
  0.03971934 0.04050277
  0.03632838 0.03869122
  0.03287048 0.03657094
  0.0292789 0.0341532
  0.02564698 0.03159528
  0.02224912 0.02914499
  0.01924543 0.02685655
  0.01659732 0.02466613
  0.01421305 0.02251168
  0.01203527 0.0204208
  0.01006771 0.01846859
  0.008325785 0.01671267
  0.006828324 0.0151318
  0.005561781 0.0136709
  0.00449603 0.01228411
  0.003602343 0.01093852
  0.002847439 0.009624236
  0.002203711 0.008345622
  0.001652102 0.007109864
  0.001178067 0.005924336
  0.0007710222 0.004794727
  0.0004376953 0.003719867
  0.0001903442 0.002692697
  3.546358e-05 0.001705041
  -2.350543e-05 0.0007488853
  1.566551e-05 -0.0001831314
  0.0001566617 -0.001084163
  0.0004070803 -0.001920602
  0.0007761845 -0.00266101
  0.00127486 -0.003278251
  0.00189178 -0.003781756
  0.002590805 -0.004216703
  0.003334079 -0.004628013
  0.00408072 -0.005061002
  0.004790684 -0.005556375
  0.005458135 -0.006113081
  0.006094034 -0.006710987
  0.006710484 -0.007329512
  0.007320452 -0.007948076
  0.007937696 -0.008546229
  0.008576861 -0.009103498
  0.009253799 -0.009598972
  0.009985599 -0.01001148
  0.0107798 -0.01033793
  0.01163344 -0.01059373
  0.01254277 -0.01079584
  0.01350321 -0.01096302
  0.01450867 -0.01111689
  0.01555076 -0.0112832
  0.01661769 -0.01149297
  0.01769406 -0.01178146
  0.0187736 -0.01215982
  0.01985946 -0.01261699
  0.02095628 -0.0131378
  0.02207036 -0.01370333
  0.02320989 -0.0142908
  0.02438545 -0.01487346
  0.02561059 -0.01542022
  0.0269027 -0.01589504
  0.02827692 -0.01627633
  0.0297388 -0.01657528
  0.03129285 -0.01680963
  0.03294284 -0.01700246
  0.0346907 -0.01718467
  0.03653442 -0.0173982
  0.03846485 -0.01769949
  0.04047014 -0.01813232
  0.04254936 -0.01868316
  0.04470429 -0.01932025
  0.04693947 -0.01999993
  0.04926449 -0.02066701
  0.05169733 -0.02125478
  0.05426334 -0.02170654
  0.05697864 -0.02203978
  0.05985501 -0.02229822
  0.06289966 -0.02254118
  0.06610944 -0.02284992
  0.06946422 -0.02332021
  0.07294386 -0.02395599
  0.07653651 -0.02469184
  0.08023803 -0.02544421
  0.08405867 -0.02611551
  0.08802577 -0.02662109
  0.09216146 -0.02699011
  0.09647751 -0.02729654
  0.100972 -0.02763313
  0.1056201 -0.0281109
  0.1103846 -0.02875739
  0.1152418 -0.02949276
  0.1201857 -0.03022154
  0.1252345 -0.03084101
  0.1304276 -0.0312958
  0.1358013 -0.03164195
  0.1413852 -0.03195987
  0.147197 -0.03234842
  0.1532384 -0.03288769
  0.159505 -0.03354999
  0.165982 -0.03427404
  0.1726394 -0.03498303
  0.179431 -0.03562052
  0.1863125 -0.03617881
  0.1932628 -0.03665818
  0.2002892 -0.037062
  0.2074156 -0.03739869
  0.2146481 -0.03767876
  0.2219619 -0.03791276
  0.2292985 -0.03811449
  0.2365906 -0.03831018
  0.2437916 -0.03852895
  0.250878 -0.03879801
  0.2578469 -0.03912455
  0.2647125 -0.03946799
  0.271501 -0.03978395
  0.2782485 -0.040031
  0.2850008 -0.04017864
  0.2917993 -0.04025095
  0.298666 -0.04029062
  0.3055995 -0.04034229
  0.3125725 -0.04044996
  0.3195422 -0.04061213
  0.3264811 -0.04078875
  0.333385 -0.04093981
  0.340272 -0.04102672
  0.3471786 -0.0410287
  0.354139 -0.04097189
  0.3611699 -0.04089101
  0.3682669 -0.04082286
  0.3754024 -0.04080254
  0.3825371 -0.04082398
  0.3896458 -0.04085469
  0.3967238 -0.04086234
  0.4037861 -0.04081529
  0.4108634 -0.04069832
  0.4179845 -0.04053379
  0.4251626 -0.04035011
  0.4323935 -0.04017734
  0.4396542 -0.04004403
  0.4469116 -0.03994509
  0.4541455 -0.03985408
  0.4613527 -0.03974436
  0.468547 -0.03958953
  0.4757561 -0.03937568
  0.4830065 -0.0391203
  0.4903106 -0.03884636
  0.497665 -0.03857841
  0.505049 -0.03833991
  0.5124332 -0.03812774
  0.5197997 -0.03792166
  0.5271465 -0.03770095
  0.5344878 -0.03744471
  0.5418505 -0.03714268
  0.5492579 -0.0368073
  0.5567181 -0.0364547
  0.5642221 -0.03610248
  0.5717422 -0.03576737
  0.5792439 -0.03544544
  0.5867084 -0.03512078
  0.5941369 -0.0347769
  0.6015492 -0.03439767
  0.6089757 -0.03398253
  0.6164365 -0.03354583
  0.6239333 -0.03310376
  0.631448 -0.03267393
  0.6389467 -0.03226337
  0.6464036 -0.03185769
  0.6538151 -0.03143953
  0.6611988 -0.03099087
  0.6685905 -0.03049919
  0.6760233 -0.02997423
  0.6835071 -0.02943213
  0.6910244 -0.02889163
  0.6985307 -0.02836817
  0.7059827 -0.02785187
  0.71337 -0.02732408
  0.7207156 -0.02676457
  0.7280717 -0.02615566
  0.7354921 -0.02550202
  0.7429972 -0.02481825
  0.7505642 -0.0241239
  0.7581275 -0.02343579
  0.7656279 -0.02274701
  0.7730568 -0.02204218
  0.7804534 -0.02130222
  0.7878893 -0.02051535
  0.7954103 -0.01968749
  0.8030044 -0.01883247
  0.8105946 -0.01796949
  0.8180923 -0.01709985
  0.8254778 -0.01620993
  0.8328006 -0.01527915
  0.840151 -0.01429389
  0.8475815 -0.01326019
  0.8550672 -0.01219608
  0.8625107 -0.01112027
  0.8698352 -0.01002662
  0.8770404 -0.008896834
  0.8841871 -0.007719142
  0.8913468 -0.006516748
  0.8985669 -0.005322373
  0.9058603 -0.004158161
  0.9131764 -0.003025774
  0.9203945 -0.001935699
  0.9274014 -0.0009252156
  0.9341964 -2.836446e-05
  0.9408559 0.0007452952
  0.9474159 0.001403023
  0.953829 0.001943217
  0.9600256 0.002345319
  0.9659746 0.002592135
  0.9716832 0.002677152
  0.9771932 0.002599133
  0.9824908 0.00237389
  0.9874256 0.002019163
  0.9920135 0.00146814
  0.996433 0.0007754001
  1.0 0.0
