FX 66-H-60
  1.0 0.0
  0.9967999 0.0002970163
  0.9920083 0.0006100516
  0.9866228 0.0009276721
  0.9810028 0.001215586
  0.9752536 0.001474362
  0.9694596 0.001714954
  0.9636699 0.001937749
  0.9578938 0.002136828
  0.9521175 0.002311284
  0.9463327 0.002462375
  0.9405401 0.002591541
  0.9347399 0.002700911
  0.928927 0.002792927
  0.9230952 0.002871728
  0.9172446 0.002942419
  0.9113835 0.003009986
  0.9055241 0.003078245
  0.8996743 0.003150422
  0.8938362 0.003229737
  0.8880074 0.003318577
  0.8821845 0.003418454
  0.8763647 0.003530853
  0.8705454 0.003656985
  0.8647245 0.003796643
  0.8589012 0.003949161
  0.8530755 0.00411385
  0.8472483 0.004290112
  0.8414209 0.004477719
  0.8355936 0.004676532
  0.8297665 0.004886431
  0.8239388 0.005107235
  0.8181097 0.005338422
  0.8122786 0.005579367
  0.806445 0.005829437
  0.8006092 0.00608799
  0.7947713 0.006354484
  0.7889318 0.006628445
  0.7830912 0.006909392
  0.7772498 0.00719684
  0.7714085 0.007490422
  0.7655675 0.007790153
  0.7597274 0.008096124
  0.7538882 0.008408439
  0.7480498 0.008727208
  0.742212 0.009052485
  0.7363746 0.009384223
  0.7305373 0.009722362
  0.7246999 0.01006684
  0.7188622 0.0104176
  0.7130242 0.01077451
  0.7071857 0.01113735
  0.7013467 0.01150589
  0.6955072 0.0118799
  0.6896672 0.01225915
  0.6838268 0.01264343
  0.6779861 0.01303259
  0.6721451 0.01342648
  0.666304 0.01382494
  0.6604628 0.01422783
  0.6546217 0.01463501
  0.6487807 0.0150464
  0.64294 0.01546192
  0.6370993 0.01588151
  0.6312585 0.01630511
  0.6254174 0.01673267
  0.6195758 0.01716402
  0.6137334 0.01759895
  0.6078902 0.01803719
  0.6020464 0.01847852
  0.5962023 0.01892266
  0.590358 0.01936944
  0.5845142 0.01981891
  0.5786709 0.02027112
  0.5728282 0.02072615
  0.5669863 0.0211841
  0.5611449 0.02164504
  0.5553038 0.02210894
  0.5494627 0.0225757
  0.5436215 0.02304522
  0.5377797 0.02351739
  0.5319373 0.02399211
  0.5260939 0.02446923
  0.5202493 0.02494846
  0.5144036 0.0254295
  0.5085567 0.02591202
  0.5027089 0.02639568
  0.4968607 0.02688013
  0.4910124 0.02736523
  0.4851644 0.027851
  0.4793169 0.0283375
  0.4734699 0.02882481
  0.4676231 0.02931299
  0.4617763 0.02980212
  0.455929 0.03029204
  0.4500811 0.03078253
  0.4442326 0.03127336
  0.4383837 0.03176426
  0.4325351 0.03225495
  0.4266873 0.03274504
  0.4208408 0.033234
  0.4149961 0.03372131
  0.4091533 0.03420647
  0.4033122 0.03468901
  0.3974727 0.03516848
  0.3916343 0.03564461
  0.3857968 0.03611717
  0.3799598 0.03658595
  0.374123 0.03705072
  0.3682863 0.03751124
  0.3624494 0.03796732
  0.3566123 0.03841876
  0.3507753 0.03886536
  0.3449386 0.0393069
  0.339103 0.03974315
  0.3332692 0.04017375
  0.3274377 0.04059785
  0.3216092 0.04101454
  0.3157835 0.04142293
  0.3099605 0.04182215
  0.3041398 0.04221137
  0.2983209 0.04258988
  0.2925033 0.04295703
  0.2866873 0.04331214
  0.2808731 0.04365452
  0.2750614 0.04398343
  0.269253 0.04429776
  0.2634484 0.04459619
  0.2576479 0.04487741
  0.2518517 0.04514014
  0.2460595 0.0453831
  0.2402711 0.04560507
  0.2344862 0.04580484
  0.228705 0.04598119
  0.2229277 0.04613292
  0.2171548 0.04625875
  0.211387 0.04635697
  0.205625 0.04642577
  0.19987 0.04646334
  0.1941231 0.04646791
  0.1883856 0.04643742
  0.1826588 0.04636915
  0.1769435 0.04626039
  0.1712399 0.04610845
  0.1655481 0.04591064
  0.1598682 0.04566425
  0.154201 0.04536657
  0.1485479 0.04501498
  0.1429109 0.04460695
  0.1372921 0.04413962
  0.131693 0.04360988
  0.1261133 0.04301449
  0.1205515 0.04235014
  0.1150055 0.04161475
  0.1094737 0.04080719
  0.1039559 0.03992641
  0.09845251 0.03897149
  0.09296479 0.03794202
  0.08749401 0.03683774
  0.08204152 0.03565841
  0.076609 0.0344036
  0.07119906 0.03307281
  0.06581535 0.03166588
  0.060463 0.03018211
  0.05514942 0.0286194
  0.0498838 0.02697637
  0.04467626 0.02525132
  0.0395326 0.0234398
  0.03445213 0.02153455
  0.02945187 0.01952969
  0.02460026 0.01744076
  0.01997946 0.01529625
  0.01558618 0.01308961
  0.01151777 0.01084655
  0.008291803 0.008862551
  0.005950189 0.007251507
  0.00417083 0.005881324
  0.002766102 0.004649998
  0.001731275 0.003559855
  0.001009948 0.00263602
  0.0005122412 0.001852132
  0.0001949303 0.001165388
  2.832453e-05 0.0005343867
  5.105852e-06 -7.233911e-05
  0.0001313764 -0.0006807644
  0.0004070669 -0.001304569
  0.0008501111 -0.001945345
  0.001495019 -0.002577238
  0.002398316 -0.003166573
  0.003636181 -0.003706668
  0.005264852 -0.004242275
  0.007396066 -0.004825557
  0.01022488 -0.005440973
  0.01394091 -0.006056135
  0.01853 -0.006632774
  0.02369907 -0.007154835
  0.02913944 -0.007606925
  0.03470411 -0.007995745
  0.0403468 -0.008327957
  0.04605774 -0.00861509
  0.05182676 -0.008871337
  0.05762502 -0.009108064
  0.06342548 -0.009325868
  0.06922329 -0.009523983
  0.07503218 -0.00970486
  0.0808635 -0.009874302
  0.08671691 -0.01003801
  0.09258253 -0.01019928
  0.09845065 -0.0103587
  0.104317 -0.01051681
  0.1101809 -0.01067432
  0.1160435 -0.01083202
  0.1219053 -0.01099071
  0.1277659 -0.01115115
  0.133625 -0.01131387
  0.1394824 -0.01147924
  0.1453385 -0.01164765
  0.1511943 -0.01181945
  0.1570511 -0.01199439
  0.1629097 -0.01217202
  0.1687704 -0.01235185
  0.1746331 -0.01253338
  0.1804974 -0.01271614
  0.1863627 -0.01289972
  0.1922288 -0.01308366
  0.1980952 -0.01326756
  0.2039617 -0.01345115
  0.2098281 -0.0136344
  0.2156944 -0.0138173
  0.2215607 -0.01399982
  0.2274272 -0.01418197
  0.233294 -0.01436378
  0.2391612 -0.01454531
  0.2450286 -0.01472658
  0.2508957 -0.01490763
  0.2567621 -0.01508838
  0.2626272 -0.01526843
  0.2684907 -0.01544739
  0.2743527 -0.01562482
  0.2802132 -0.01580034
  0.2860727 -0.01597364
  0.2919316 -0.01614467
  0.2977903 -0.01631337
  0.3036492 -0.01647969
  0.3095084 -0.01664358
  0.3153682 -0.01680503
  0.3212287 -0.0169641
  0.3270897 -0.01712089
  0.3329511 -0.01727548
  0.3388125 -0.01742793
  0.3446734 -0.01757827
  0.3505332 -0.01772623
  0.3563916 -0.01787144
  0.3622487 -0.01801356
  0.3681045 -0.01815225
  0.3739596 -0.01828718
  0.3798145 -0.01841825
  0.3856696 -0.01854553
  0.3915251 -0.01866911
  0.3973812 -0.01878906
  0.4032379 -0.01890545
  0.4090948 -0.01901833
  0.4149518 -0.01912764
  0.4208087 -0.01923334
  0.4266653 -0.01933539
  0.4325217 -0.01943373
  0.438378 -0.01952832
  0.4442342 -0.01961913
  0.4500905 -0.01970617
  0.4559468 -0.01978942
  0.4618032 -0.01986888
  0.4676596 -0.01994454
  0.4735159 -0.02001635
  0.4793719 -0.02008422
  0.4852276 -0.02014802
  0.4910828 -0.02020761
  0.4969375 -0.02026286
  0.5027916 -0.02031366
  0.5086451 -0.02035989
  0.5144982 -0.02040147
  0.5203507 -0.02043829
  0.5262031 -0.02047027
  0.5320554 -0.02049733
  0.5379081 -0.02051938
  0.5437613 -0.02053655
  0.5496153 -0.02054896
  0.55547 -0.02055678
  0.5613252 -0.02056015
  0.5671806 -0.02055923
  0.5730357 -0.02055402
  0.57889 -0.02054427
  0.5847434 -0.02052974
  0.5905955 -0.02051017
  0.5964466 -0.0204853
  0.6022968 -0.02045491
  0.6081463 -0.0204189
  0.6139954 -0.02037722
  0.6198443 -0.02032985
  0.6256934 -0.02027674
  0.6315428 -0.02021786
  0.6373927 -0.02015322
  0.6432433 -0.0200829
  0.6490944 -0.02000699
  0.6549457 -0.0199256
  0.6607967 -0.01983883
  0.6666468 -0.01974668
  0.6724954 -0.01964885
  0.6783421 -0.01954494
  0.6841871 -0.01943455
  0.6900305 -0.01931727
  0.6958732 -0.01919272
  0.7017156 -0.01906081
  0.7075584 -0.01892158
  0.7134014 -0.01877509
  0.7192444 -0.0186214
  0.7250867 -0.01846054
  0.7309273 -0.01829211
  0.7367654 -0.0181154
  0.7426003 -0.0179297
  0.7484316 -0.01773432
  0.7542589 -0.01752852
  0.7600821 -0.0173114
  0.7659011 -0.01708195
  0.7717158 -0.01683916
  0.7775263 -0.01658203
  0.7833329 -0.01630959
  0.7891356 -0.01602105
  0.7949347 -0.01571569
  0.8007305 -0.01539277
  0.8065231 -0.01505157
  0.8123129 -0.01469167
  0.8181005 -0.01431306
  0.8238872 -0.01391575
  0.8296744 -0.01349968
  0.8354644 -0.01306506
  0.8412592 -0.01261344
  0.8470604 -0.01214675
  0.8528692 -0.01166696
  0.8586858 -0.01117607
  0.8645101 -0.01067612
  0.8703412 -0.01016916
  0.8761777 -0.009657339
  0.8820174 -0.009142759
  0.8878582 -0.008627176
  0.8936981 -0.008112239
  0.8995355 -0.007599562
  0.9053693 -0.007090698
  0.9111986 -0.006587137
  0.917023 -0.006090325
  0.9228426 -0.005601614
  0.928658 -0.005122188
  0.934471 -0.004653132
  0.9402843 -0.004194964
  0.9460995 -0.003747272
  0.9519171 -0.003309674
  0.9577358 -0.002882263
  0.963553 -0.00246552
  0.9693656 -0.002059879
  0.975176 -0.001665257
  0.9809819 -0.001280034
  0.9867113 -0.0009036928
  0.9921502 -0.0005425796
  0.9968378 -0.0002570994
  1.0 0.0
