FX 66-S-196 AIRFOIL
  1.0 0.0
  0.9965105 0.0008040004
  0.9923328 0.001989239
  0.9878005 0.003292679
  0.9828323 0.0046118
  0.9774298 0.005962672
  0.9716282 0.007380171
  0.9654874 0.008889492
  0.9590809 0.01047585
  0.9524903 0.0121175
  0.9457844 0.01379501
  0.9390066 0.01549696
  0.9321857 0.01721825
  0.9253416 0.01895634
  0.918483 0.02071133
  0.9116076 0.02248599
  0.904706 0.02428191
  0.8977734 0.02609695
  0.8908145 0.02792633
  0.8838441 0.02976259
  0.8768867 0.03159554
  0.8699757 0.0334147
  0.8631396 0.03522254
  0.8563832 0.03703151
  0.8496871 0.03885877
  0.8430155 0.04070865
  0.8363395 0.04256989
  0.8296468 0.04442639
  0.8229418 0.04626338
  0.8162397 0.04808776
  0.8095512 0.04991378
  0.8028793 0.05175752
  0.7962183 0.05362743
  0.7895557 0.05551313
  0.7828798 0.05740142
  0.7761804 0.05927853
  0.7694514 0.06113823
  0.7626946 0.06298999
  0.7559164 0.06484434
  0.7491276 0.06671079
  0.7423415 0.06859268
  0.735565 0.07047947
  0.7287983 0.07235996
  0.7220351 0.07422485
  0.7152636 0.07606871
  0.7084751 0.07789913
  0.7016698 0.0797266
  0.6948564 0.08155937
  0.6880524 0.08340298
  0.6812765 0.08525152
  0.6745351 0.08709112
  0.6678208 0.08891141
  0.6611135 0.09070573
  0.6543822 0.09247316
  0.6476005 0.09422544
  0.6407608 0.09597379
  0.6338763 0.09772444
  0.6269831 0.09947802
  0.6201306 0.101223
  0.6133489 0.1029398
  0.6066394 0.1046161
  0.5999788 0.1062463
  0.5933221 0.1078309
  0.5866179 0.1093828
  0.5798355 0.1109174
  0.5729725 0.1124438
  0.5660594 0.1139648
  0.5591598 0.1154734
  0.5523365 0.1169482
  0.5456162 0.1183715
  0.538991 0.1197341
  0.5324252 0.1210332
  0.525862 0.1222731
  0.5192511 0.1234684
  0.5125694 0.1246303
  0.5058257 0.1257645
  0.4990643 0.1268717
  0.4923581 0.1279427
  0.485764 0.1289559
  0.4792979 0.129896
  0.4729421 0.1307541
  0.4666537 0.1315253
  0.4603708 0.1322107
  0.4540384 0.1328224
  0.4476244 0.1333713
  0.4411233 0.1338656
  0.4345604 0.1343116
  0.4279925 0.1347117
  0.4214758 0.1350562
  0.4150364 0.1353355
  0.4086711 0.1355426
  0.4023521 0.1356714
  0.3960306 0.1357177
  0.3896582 0.1356874
  0.3832061 0.1355878
  0.376669 0.1354262
  0.37007 0.1352114
  0.3634603 0.1349511
  0.3568896 0.1346423
  0.3503789 0.1342796
  0.343921 0.1338567
  0.3374834 0.1333655
  0.3310135 0.1328005
  0.3244679 0.1321658
  0.317831 0.1314691
  0.3111213 0.1307223
  0.3043964 0.129942
  0.2977322 0.1291341
  0.29117 0.1282918
  0.2847081 0.1274043
  0.2783095 0.1264561
  0.271908 0.1254308
  0.2654394 0.124327
  0.2588726 0.1231511
  0.2522197 0.1219181
  0.2455437 0.1206526
  0.2389326 0.1193676
  0.2324343 0.1180586
  0.2260453 0.1167125
  0.219721 0.1153078
  0.21339 0.1138266
  0.2069986 0.1122667
  0.2005354 0.1106367
  0.1940382 0.1089585
  0.1875889 0.1072576
  0.181251 0.1055373
  0.1750322 0.103786
  0.1688933 0.1019795
  0.1627616 0.1000913
  0.1565778 0.09811447
  0.1503327 0.09605983
  0.1440769 0.09395879
  0.1379063 0.09184442
  0.1318802 0.08971844
  0.1259897 0.0875603
  0.1201737 0.08533229
  0.1143504 0.08300745
  0.1084847 0.08058861
  0.1026125 0.07810876
  0.09683584 0.07561977
  0.09123742 0.07313605
  0.08581693 0.07063518
  0.08051242 0.0680706
  0.07524539 0.06541331
  0.07000306 0.06268088
  0.06485683 0.05993559
  0.05992679 0.05724057
  0.0552711 0.05459938
  0.05086903 0.05197935
  0.04666308 0.04934337
  0.04262175 0.04670239
  0.03877259 0.04410737
  0.03517339 0.041623
  0.03187244 0.03927351
  0.02887023 0.03704636
  0.02613916 0.03491849
  0.0236432 0.03287143
  0.02135205 0.03090673
  0.01924788 0.02903325
  0.01731717 0.02725889
  0.01554864 0.02558765
  0.01393503 0.02401272
  0.01246643 0.02252307
  0.01113033 0.02110801
  0.009913812 0.01975788
  0.008804553 0.01846458
  0.007790676 0.01722336
  0.006861656 0.01603122
  0.006008524 0.01488534
  0.005223544 0.01378307
  0.004499985 0.01272193
  0.00383227 0.01169929
  0.003218789 0.0107103
  0.002659694 0.009749792
  0.002154522 0.008813925
  0.001702227 0.007899774
  0.001301278 0.007005096
  0.0009498075 0.006128177
  0.0006477555 0.00526955
  0.0003970055 0.004430975
  0.0001985669 0.003612109
  5.319296e-05 0.002811147
  -3.799965e-05 0.002025373
  -7.305217e-05 0.001251418
  -4.86865e-05 0.0004852947
  4.022146e-05 -0.0002777626
  0.0001966672 -0.00104308
  0.0004190604 -0.001814846
  0.000706357 -0.002595253
  0.00105734 -0.003383836
  0.001470061 -0.004177073
  0.001945064 -0.004971607
  0.002483435 -0.005764577
  0.003085891 -0.006553316
  0.003753058 -0.007335558
  0.004485916 -0.008109696
  0.005286884 -0.008876415
  0.006160083 -0.009639801
  0.00710989 -0.01040495
  0.008140301 -0.01117787
  0.009253962 -0.01196569
  0.01045112 -0.01277603
  0.01173532 -0.01361059
  0.01311396 -0.01446671
  0.01459572 -0.01534104
  0.0161919 -0.01622994
  0.0179187 -0.01713036
  0.01979741 -0.01804525
  0.02185171 -0.01898454
  0.02410668 -0.01996135
  0.0265834 -0.02099192
  0.0292901 -0.02208884
  0.03222858 -0.02324143
  0.0354012 -0.02442911
  0.03882243 -0.02562963
  0.04253974 -0.0268366
  0.04661295 -0.02807203
  0.0510767 -0.02936244
  0.05588476 -0.03071867
  0.0609246 -0.03209443
  0.0661228 -0.03343589
  0.07151066 -0.03471949
  0.07718001 -0.03597473
  0.083162 -0.03723886
  0.08934858 -0.03852389
  0.09555659 -0.03978122
  0.101709 -0.04096437
  0.1078617 -0.04205883
  0.1141238 -0.04309668
  0.1205417 -0.04411946
  0.1270594 -0.04515518
  0.1335427 -0.04618648
  0.1399163 -0.04716685
  0.146201 -0.04806622
  0.1524913 -0.04887533
  0.1588893 -0.04962561
  0.1654458 -0.05035351
  0.172141 -0.05109088
  0.1788814 -0.05184481
  0.185586 -0.05258656
  0.1922373 -0.05329106
  0.198878 -0.05394116
  0.2055879 -0.05454048
  0.2124222 -0.05510792
  0.2193873 -0.05565974
  0.2264265 -0.05620801
  0.2334446 -0.05674545
  0.2403844 -0.05725488
  0.2472439 -0.05772401
  0.254069 -0.05814509
  0.2609282 -0.05852335
  0.2678668 -0.05887125
  0.2748915 -0.05919961
  0.2819652 -0.05951763
  0.2890186 -0.05982341
  0.2960041 -0.06010534
  0.3029129 -0.06035366
  0.3097704 -0.0605604
  0.3166282 -0.06072266
  0.3235334 -0.06084817
  0.3305073 -0.06094548
  0.3375419 -0.06102296
  0.3445972 -0.06108794
  0.3516183 -0.06113628
  0.358569 -0.06115865
  0.3654363 -0.06114668
  0.3722277 -0.06109269
  0.3789657 -0.06099215
  0.3856754 -0.0608462
  0.3923791 -0.06065604
  0.3990965 -0.06042239
  0.4058453 -0.06014581
  0.4126375 -0.0598336
  0.4194629 -0.0595011
  0.4262811 -0.05916602
  0.4330237 -0.05884729
  0.4396045 -0.05855909
  0.4459552 -0.05827942
  0.4520646 -0.05797211
  0.4579645 -0.05760634
  0.463711 -0.05715403
  0.469377 -0.05658617
  0.4750492 -0.05589051
  0.4808082 -0.05508192
  0.4867193 -0.05417775
  0.4928311 -0.05320032
  0.4991654 -0.05218228
  0.5057003 -0.05116475
  0.512376 -0.05015925
  0.519133 -0.04916074
  0.5259276 -0.0481601
  0.5327375 -0.04714435
  0.5395628 -0.04610002
  0.546414 -0.04502426
  0.5532967 -0.04391793
  0.5602097 -0.04278298
  0.5671445 -0.04162267
  0.5740872 -0.0404439
  0.5810274 -0.03925773
  0.5879621 -0.03807449
  0.5948958 -0.03690319
  0.6018404 -0.03575096
  0.6088096 -0.03461501
  0.6158094 -0.03348668
  0.622837 -0.03235841
  0.6298798 -0.03122406
  0.6369171 -0.03008202
  0.6439327 -0.02894106
  0.6509226 -0.02781003
  0.6578953 -0.02669566
  0.6648704 -0.02560229
  0.6718714 -0.02452565
  0.6789076 -0.02345726
  0.68597 -0.02239111
  0.6930306 -0.021324
  0.700048 -0.02026095
  0.706996 -0.01921708
  0.713875 -0.0182042
  0.7207095 -0.01723002
  0.7275436 -0.01629616
  0.7344187 -0.0153888
  0.7413508 -0.01449269
  0.7483266 -0.01359594
  0.7553019 -0.01269237
  0.7622273 -0.01179511
  0.7690853 -0.01092199
  0.7758924 -0.0100857
  0.7826949 -0.009293283
  0.7895459 -0.008533894
  0.7964683 -0.007790478
  0.8034449 -0.007049549
  0.8104172 -0.006305126
  0.8173248 -0.005573859
  0.8241543 -0.004874923
  0.8309389 -0.004221719
  0.8377451 -0.003615303
  0.8446236 -0.003037356
  0.8515755 -0.002470447
  0.8585455 -0.001903013
  0.8654572 -0.00134723
  0.872279 -0.0008233919
  0.8790294 -0.0003463036
  0.8857573 8.129301e-05
  0.8925008 0.0004656471
  0.8992754 0.000811511
  0.9060737 0.001122354
  0.9128639 0.001400936
  0.9195921 0.001649095
  0.9261976 0.001858329
  0.9326392 0.002014155
  0.9388984 0.002105573
  0.9449738 0.002124663
  0.9508754 0.002066173
  0.9566114 0.001944115
  0.9621712 0.001792409
  0.9675305 0.001641506
  0.9726601 0.001516486
  0.9775343 0.001418177
  0.9821253 0.001238165
  0.9863805 0.0008732199
  0.9902604 0.0002847484
  0.9937643 -0.0004040504
  0.9970303 -0.0006670314
  1.0 0.0
