WORTMANN FX 66-17A-175 AIRFOIL
  1.0 0.0
  0.996764 0.0005507304
  0.9927778 0.001642618
  0.9880829 0.003166821
  0.9827312 0.004919355
  0.9772797 0.006655497
  0.9720137 0.008234298
  0.9668135 0.009675776
  0.9615036 0.01104872
  0.9559555 0.01240406
  0.9500866 0.01378022
  0.9439059 0.01519807
  0.937582 0.01662922
  0.9313059 0.01803271
  0.9250091 0.01942656
  0.9186601 0.02082012
  0.912354 0.02219508
  0.9060878 0.02355353
  0.8998335 0.02490184
  0.8935712 0.02624446
  0.8872886 0.0275841
  0.8809811 0.02892179
  0.8746523 0.03025687
  0.8683129 0.03158835
  0.861974 0.03291799
  0.8556419 0.03424895
  0.8493172 0.03558504
  0.8429963 0.03692579
  0.8366757 0.03826743
  0.8303529 0.03960586
  0.8240269 0.04093771
  0.8176987 0.04226495
  0.8113689 0.04359152
  0.8050378 0.04492148
  0.7987049 0.04625817
  0.7923693 0.04760031
  0.7860305 0.0489448
  0.7796896 0.05028828
  0.7733489 0.05162747
  0.7670121 0.05296282
  0.7606816 0.0542973
  0.7543585 0.05563426
  0.748042 0.05697732
  0.7417295 0.05832774
  0.7354181 0.05968227
  0.7291059 0.06103699
  0.7227926 0.06238768
  0.7164792 0.0637304
  0.7101681 0.06506634
  0.703861 0.06639977
  0.6975575 0.06773534
  0.6912553 0.06907813
  0.6849502 0.07043226
  0.6786375 0.07179687
  0.6723144 0.07316938
  0.6659805 0.07454664
  0.6596382 0.07592489
  0.6532926 0.07730135
  0.6469497 0.0786768
  0.6406142 0.08005287
  0.6342893 0.08143149
  0.6279769 0.08281485
  0.6216769 0.08420341
  0.615387 0.08559379
  0.6091033 0.08698242
  0.6028206 0.08836609
  0.5965323 0.08974186
  0.5902312 0.09110888
  0.5839135 0.09247048
  0.57758 0.09382975
  0.5712367 0.09518873
  0.5648945 0.09654844
  0.5585684 0.09790723
  0.5522693 0.09925818
  0.5460002 0.100595
  0.5397558 0.1019133
  0.5335233 0.1032104
  0.5272832 0.1044857
  0.5210173 0.1057447
  0.5147168 0.1069926
  0.5083845 0.1082327
  0.5020351 0.1094661
  0.4956951 0.1106911
  0.4893933 0.1118982
  0.4831449 0.1130769
  0.4769501 0.1142196
  0.4707959 0.1153216
  0.4646576 0.1163805
  0.4585038 0.1173997
  0.452313 0.1183867
  0.4460783 0.1193465
  0.4398095 0.120282
  0.4335334 0.1211935
  0.4272902 0.122076
  0.4211102 0.1229165
  0.4150025 0.1237047
  0.4089569 0.1244335
  0.4029469 0.125098
  0.3969323 0.125696
  0.3908738 0.1262349
  0.3847501 0.1267231
  0.3785611 0.1271673
  0.372331 0.1275729
  0.3661097 0.1279436
  0.3599528 0.12827
  0.3538893 0.1285386
  0.3479197 0.1287389
  0.3420211 0.1288618
  0.3361514 0.1288983
  0.3302585 0.1288486
  0.3243038 0.1287206
  0.3182697 0.1285221
  0.3121639 0.1282618
  0.3060229 0.1279512
  0.2999049 0.1275944
  0.2938529 0.1271851
  0.2878816 0.1267157
  0.2819803 0.1261777
  0.2761169 0.1255605
  0.2702458 0.1248588
  0.2643311 0.124076
  0.2583556 0.1232171
  0.2523239 0.1222907
  0.246265 0.1213095
  0.240223 0.1202807
  0.2342282 0.1192039
  0.2282891 0.1180754
  0.2223941 0.1168882
  0.2165145 0.1156328
  0.2106191 0.1143064
  0.2046918 0.1129109
  0.1987353 0.1114527
  0.1927725 0.1099434
  0.1868403 0.1083924
  0.1809647 0.1068
  0.1751511 0.1051617
  0.169386 0.1034675
  0.1636409 0.1017059
  0.1578895 0.09987272
  0.152123 0.09796995
  0.1463515 0.096006
  0.1406041 0.09399407
  0.1349116 0.09193975
  0.1292862 0.08984092
  0.1237213 0.08768883
  0.1181947 0.08547043
  0.1126845 0.08317906
  0.1071854 0.08081568
  0.1017104 0.07838915
  0.09628742 0.0759117
  0.09093827 0.07338664
  0.0856658 0.07080863
  0.08045585 0.06816457
  0.07528871 0.06544399
  0.07016138 0.06264771
  0.06509195 0.05978832
  0.06011442 0.05688234
  0.05525327 0.05393399
  0.05051136 0.05093561
  0.04587695 0.04787447
  0.04134988 0.04475305
  0.03695584 0.04159373
  0.03274149 0.03843084
  0.02876079 0.03529819
  0.02505513 0.03222907
  0.02165188 0.02925812
  0.0185733 0.02642695
  0.01582644 0.0237695
  0.01340876 0.02130735
  0.01132024 0.01906425
  0.009540409 0.0170492
  0.008029842 0.01524888
  0.006744658 0.01363606
  0.005642195 0.01217889
  0.004687349 0.01084951
  0.003852956 0.009625292
  0.003120295 0.008485562
  0.002478439 0.007416909
  0.001918853 0.006413011
  0.001432921 0.005469678
  0.001011731 0.004582837
  0.0006526408 0.003749585
  0.0003639313 0.002966608
  0.0001493528 0.002225735
  1.09212e-05 0.001517375
  -4.79733e-05 0.0008318803
  -2.050189e-05 0.0001593624
  0.0001040187 -0.0005110361
  0.0003266715 -0.001188697
  0.0006451942 -0.001879021
  0.001058306 -0.002582028
  0.001562645 -0.003290635
  0.002161649 -0.004000991
  0.002859742 -0.004712212
  0.003658989 -0.005425632
  0.004559796 -0.006146847
  0.005568732 -0.006884999
  0.006705612 -0.007648654
  0.007996284 -0.008449126
  0.009470641 -0.009301909
  0.01115815 -0.01022427
  0.0130904 -0.01122029
  0.01529843 -0.01228409
  0.01781843 -0.01340678
  0.0207089 -0.01458876
  0.02404375 -0.01584563
  0.02786893 -0.01719314
  0.03214013 -0.01861342
  0.03674849 -0.02004337
  0.04163286 -0.02143838
  0.04681805 -0.02280445
  0.05229142 -0.0241568
  0.05794398 -0.02548621
  0.06365791 -0.0267568
  0.06940475 -0.02795125
  0.07523565 -0.02908078
  0.08118839 -0.03016733
  0.08724268 -0.03122354
  0.09333106 -0.03224348
  0.09940745 -0.03321356
  0.1054717 -0.03412799
  0.1115585 -0.03499144
  0.1176969 -0.03581491
  0.1238918 -0.03660648
  0.1301233 -0.03736984
  0.1363637 -0.03810145
  0.142598 -0.03879777
  0.1488255 -0.03945718
  0.1550568 -0.04008079
  0.1613026 -0.04067168
  0.1675691 -0.0412325
  0.1738578 -0.04176535
  0.180166 -0.04227152
  0.1864883 -0.04275169
  0.1928167 -0.04320647
  0.199141 -0.04363632
  0.2054512 -0.04403991
  0.2117443 -0.04441472
  0.2180258 -0.04475876
  0.2243097 -0.04507037
  0.2306154 -0.04535067
  0.2369561 -0.04560451
  0.243332 -0.04583656
  0.2497297 -0.04605125
  0.2561224 -0.04625116
  0.262484 -0.0464317
  0.268804 -0.04658697
  0.2750878 -0.04671171
  0.2813553 -0.04680107
  0.287636 -0.0468543
  0.2939507 -0.04687583
  0.3003037 -0.04687025
  0.3066813 -0.04684237
  0.3130512 -0.04679664
  0.3193752 -0.04672936
  0.325633 -0.04663213
  0.3318257 -0.04649689
  0.3379725 -0.04631548
  0.3441088 -0.04608015
  0.3502743 -0.04579225
  0.3564944 -0.04545777
  0.3627753 -0.04508362
  0.3691015 -0.04467849
  0.3754344 -0.04425192
  0.3817269 -0.04380287
  0.3879511 -0.04332411
  0.3941012 -0.04280758
  0.4001907 -0.0422441
  0.4062502 -0.04162347
  0.4123192 -0.0409434
  0.4184304 -0.04020836
  0.4246049 -0.03942386
  0.4308511 -0.03859716
  0.4371627 -0.03773799
  0.4435193 -0.03685507
  0.449899 -0.03595282
  0.4562846 -0.03503481
  0.4626654 -0.03410392
  0.4690366 -0.03316218
  0.4753992 -0.03221192
  0.4817565 -0.03125713
  0.4881123 -0.03030197
  0.4944703 -0.02935053
  0.5008347 -0.02840691
  0.5072092 -0.02747377
  0.5135962 -0.02655008
  0.5199954 -0.02563446
  0.5264043 -0.02472583
  0.532818 -0.02382345
  0.5392298 -0.02292743
  0.5456332 -0.02204019
  0.5520245 -0.02116428
  0.5584026 -0.02030186
  0.5647691 -0.01945469
  0.5711279 -0.01862396
  0.5774836 -0.01780938
  0.5838399 -0.01701038
  0.5901997 -0.01622656
  0.5965648 -0.01545763
  0.602936 -0.01470346
  0.6093132 -0.01396385
  0.6156952 -0.01323872
  0.62208 -0.01252804
  0.6284644 -0.01183189
  0.6348443 -0.01115061
  0.6412162 -0.01048552
  0.6475789 -0.009838106
  0.6539341 -0.009209569
  0.6602857 -0.008600874
  0.66664 -0.008012447
  0.6730029 -0.007442983
  0.6793772 -0.006890951
  0.6857622 -0.006355129
  0.6921536 -0.005834563
  0.6985442 -0.005329132
  0.7049279 -0.004840311
  0.7113027 -0.004369499
  0.7176712 -0.003917764
  0.7240399 -0.003485865
  0.7304178 -0.003073071
  0.7368101 -0.002677372
  0.7432165 -0.002297054
  0.7496303 -0.001930714
  0.7560394 -0.001577845
  0.7624326 -0.001240911
  0.7688069 -0.0009227696
  0.7751676 -0.0006258116
  0.7815284 -0.0003518917
  0.7879064 -9.925206e-05
  0.7943112 0.0001363351
  0.8007423 0.0003588095
  0.8071876 0.0005717461
  0.8136277 0.0007752221
  0.8200491 0.0009656203
  0.8264491 0.001139539
  0.8328357 0.001294022
  0.8392232 0.001428818
  0.8456219 0.001546106
  0.8520343 0.001647977
  0.8584549 0.001736154
  0.8648745 0.001810134
  0.8712858 0.001868412
  0.8776846 0.001909574
  0.88407 0.001932655
  0.8904431 0.00193739
  0.8968066 0.001923572
  0.9031649 0.001890952
  0.9095242 0.001839213
  0.9158922 0.001767941
  0.9222778 0.001678063
  0.928684 0.001575969
  0.9351 0.001469645
  0.9415006 0.001367399
  0.9478472 0.001277534
  0.9540922 0.001203408
  0.9601938 0.001125337
  0.9661299 0.001019036
  0.9718954 0.0008641108
  0.9774956 0.0006505304
  0.9828943 0.0004344889
  0.9879617 0.0002950887
  0.9925609 0.0002716628
  0.9966803 0.0002256143
  1.0 0.0
