 BELL/WORTMANN FX 69-H-098 AIRFOIL
  1.0 0.0009
  0.9968877 0.001350784
  0.993106 0.001901736
  0.9890951 0.002489935
  0.984829 0.00311989
  0.9802801 0.003796559
  0.9754199 0.004525167
  0.9702222 0.00531081
  0.9646683 0.00615768
  0.9587544 0.007067795
  0.9525038 0.008038852
  0.9461358 0.009035747
  0.9399368 0.01001097
  0.9338351 0.01097298
  0.9277684 0.01192914
  0.9216882 0.01288469
  0.9155558 0.01384324
  0.9093408 0.01480688
  0.9030209 0.01577606
  0.8965948 0.0167477
  0.8902139 0.01769596
  0.8839167 0.01861295
  0.8776707 0.01950244
  0.8714444 0.02037049
  0.8652135 0.02122229
  0.8589598 0.02206196
  0.8526708 0.02289271
  0.8463399 0.02371693
  0.8399671 0.02453621
  0.8335589 0.02535123
  0.8271268 0.02616115
  0.8206815 0.02696467
  0.8142315 0.02776076
  0.8077831 0.02854871
  0.8013406 0.02932812
  0.7949057 0.03009889
  0.7884779 0.03086116
  0.7820545 0.03161538
  0.7756316 0.03236238
  0.7692053 0.03310315
  0.762773 0.03383854
  0.756333 0.0345693
  0.7498844 0.03529607
  0.7434276 0.03601938
  0.7369636 0.03673965
  0.7304948 0.03745719
  0.7240244 0.03817213
  0.7175561 0.03888371
  0.711093 0.03959064
  0.7046374 0.04029172
  0.6981909 0.04098587
  0.6917543 0.04167207
  0.6853278 0.04234941
  0.6789107 0.04301706
  0.6725018 0.04367426
  0.666099 0.04432034
  0.6596999 0.044955
  0.6533019 0.04557872
  0.6469029 0.04619202
  0.6405013 0.04679541
  0.6340954 0.04738932
  0.6276844 0.04797415
  0.6212675 0.04855029
  0.6148442 0.04911806
  0.6084147 0.04967777
  0.6019793 0.05022968
  0.5955387 0.050774
  0.5890936 0.05131076
  0.5826449 0.05184003
  0.5761932 0.05236184
  0.5697393 0.05287625
  0.5632839 0.05338333
  0.5568278 0.05388314
  0.5503716 0.05437574
  0.543916 0.05486122
  0.5374616 0.05533965
  0.531009 0.055811
  0.5245588 0.05627496
  0.5181113 0.05673113
  0.5116667 0.05717915
  0.5052253 0.05761865
  0.4987871 0.05804929
  0.492352 0.05847072
  0.4859197 0.05888261
  0.4794899 0.05928463
  0.4730623 0.05967647
  0.4666361 0.06005783
  0.4602109 0.06042863
  0.4537861 0.06078895
  0.4473612 0.06113884
  0.4409357 0.06147835
  0.4345094 0.06180753
  0.4280819 0.06212641
  0.421653 0.06243503
  0.4152226 0.06273342
  0.4087905 0.0630216
  0.4023567 0.06329961
  0.3959212 0.06356751
  0.3894842 0.06382539
  0.3830456 0.06407334
  0.3766056 0.06431144
  0.3701645 0.06453978
  0.3637224 0.06475844
  0.3572796 0.06496752
  0.3508363 0.0651671
  0.344393 0.06535727
  0.3379499 0.06553804
  0.3315077 0.06570884
  0.3250671 0.06586881
  0.3186294 0.06601708
  0.3121962 0.06615279
  0.3057696 0.06627509
  0.2993519 0.06638313
  0.2929459 0.06647611
  0.2865546 0.06655324
  0.2801813 0.06661378
  0.2738297 0.06665644
  0.2675026 0.06667892
  0.2612019 0.06667886
  0.2549282 0.06665401
  0.2486812 0.06660215
  0.2424595 0.06652112
  0.2362609 0.06640876
  0.2300823 0.06626289
  0.2239197 0.0660813
  0.2177684 0.06586208
  0.2116243 0.06560461
  0.2054848 0.06530849
  0.1993487 0.06497331
  0.1932164 0.06459873
  0.1870896 0.06418453
  0.1809715 0.06373062
  0.1748667 0.06323713
  0.1687813 0.06270428
  0.1627225 0.06213018
  0.1566981 0.0615111
  0.1507153 0.06084355
  0.144781 0.06012438
  0.1389015 0.05935077
  0.1330825 0.05852029
  0.1273294 0.05763086
  0.1216465 0.05668083
  0.1160371 0.05566934
  0.1104998 0.05459538
  0.1050284 0.05345694
  0.09961272 0.05225079
  0.09423869 0.05097222
  0.08888869 0.04961466
  0.08354098 0.04816925
  0.07817249 0.04662584
  0.07277641 0.04497901
  0.06737405 0.04323207
  0.06201662 0.04140017
  0.05678008 0.03951131
  0.05175038 0.03760309
  0.04699935 0.03571026
  0.04253519 0.03383569
  0.03829833 0.03195353
  0.03420483 0.03002325
  0.03022889 0.02802647
  0.02644688 0.025999
  0.02298105 0.02401622
  0.01991701 0.0221514
  0.0172653 0.02044324
  0.01498511 0.01889498
  0.01301967 0.01748485
  0.0113085 0.01618413
  0.009801324 0.01496821
  0.008459258 0.01381661
  0.007252931 0.01270972
  0.006166441 0.01163984
  0.005189565 0.01060732
  0.004312446 0.009614572
  0.003527575 0.0086646
  0.002835898 0.00776132
  0.002233678 0.006902869
  0.001714228 0.006084326
  0.001270844 0.005300148
  0.0008978106 0.004545046
  0.00059066 0.003814235
  0.0003461738 0.003103425
  0.0001623274 0.002408734
  3.825407e-05 0.001726563
  -2.573675e-05 0.001053474
  -2.80599e-05 0.0003860356
  3.425536e-05 -0.0002793163
  0.0001623615 -0.0009454499
  0.0003547335 -0.001613885
  0.0006110697 -0.002285635
  0.0009324035 -0.002961248
  0.00132104 -0.003640691
  0.001780551 -0.004323128
  0.002315776 -0.0050065
  0.002932743 -0.005686819
  0.003638296 -0.006356959
  0.004439007 -0.007004702
  0.005341273 -0.007616973
  0.006355222 -0.008193847
  0.007491888 -0.008741768
  0.00876199 -0.009274528
  0.01017543 -0.00981772
  0.01174942 -0.01039479
  0.01351571 -0.01101149
  0.01551396 -0.01167191
  0.01779138 -0.01237918
  0.02040159 -0.01313437
  0.02339509 -0.01393376
  0.02679594 -0.01476409
  0.03057704 -0.01560153
  0.03466499 -0.01641952
  0.03899977 -0.0172041
  0.04361665 -0.01796418
  0.04861579 -0.01871893
  0.05406274 -0.01948445
  0.05990924 -0.02025821
  0.06601608 -0.02101747
  0.07222578 -0.02174125
  0.07841892 -0.02241767
  0.08454372 -0.02304498
  0.0906136 -0.02362872
  0.09667084 -0.02417678
  0.1027507 -0.02469556
  0.108879 -0.02519003
  0.1150722 -0.02566416
  0.1213365 -0.02612107
  0.1276665 -0.02656321
  0.1340455 -0.02699121
  0.1404547 -0.02740397
  0.1468779 -0.0278006
  0.1533023 -0.02818062
  0.1597185 -0.02854385
  0.1661209 -0.0288904
  0.1725078 -0.02922063
  0.1788806 -0.02953489
  0.1852422 -0.02983305
  0.1915956 -0.03011484
  0.1979435 -0.03037994
  0.2042886 -0.03062801
  0.2106334 -0.03085869
  0.2169802 -0.03107157
  0.2233313 -0.03126622
  0.2296889 -0.03144232
  0.2360547 -0.03160049
  0.2424303 -0.03174179
  0.2488168 -0.03186723
  0.2552145 -0.03197784
  0.2616236 -0.03207463
  0.2680436 -0.03215861
  0.2744735 -0.03223082
  0.2809118 -0.03229231
  0.2873566 -0.032344
  0.2938056 -0.03238618
  0.3002573 -0.03241888
  0.30671 -0.03244213
  0.3131628 -0.03245598
  0.319615 -0.0324605
  0.3260664 -0.03245573
  0.3325171 -0.03244174
  0.3389678 -0.03241859
  0.3454192 -0.03238632
  0.3518726 -0.03234517
  0.3583292 -0.03229557
  0.3647899 -0.03223799
  0.3712554 -0.0321729
  0.377726 -0.03210075
  0.3842019 -0.03202201
  0.3906832 -0.03193716
  0.3971693 -0.03184668
  0.4036599 -0.03175104
  0.410154 -0.03165074
  0.4166506 -0.03154603
  0.4231488 -0.03143695
  0.4296477 -0.0313235
  0.4361468 -0.0312057
  0.4426455 -0.03108357
  0.4491435 -0.03095712
  0.4556406 -0.03082635
  0.4621368 -0.03069127
  0.4686323 -0.03055188
  0.4751272 -0.03040819
  0.481622 -0.03026021
  0.488117 -0.03010796
  0.4946124 -0.02995146
  0.5011084 -0.02979076
  0.5076049 -0.02962587
  0.5141019 -0.02945683
  0.5205993 -0.02928368
  0.5270969 -0.02910645
  0.5335943 -0.02892519
  0.5400911 -0.02873994
  0.5465868 -0.02855068
  0.5530811 -0.02835731
  0.5595735 -0.0281597
  0.5660641 -0.02795774
  0.5725528 -0.02775129
  0.5790396 -0.02754022
  0.585525 -0.02732439
  0.5920093 -0.02710367
  0.598493 -0.0268779
  0.6049768 -0.02664693
  0.6114615 -0.02641072
  0.6179479 -0.02616948
  0.6244365 -0.02592347
  0.6309276 -0.02567293
  0.6374216 -0.02541812
  0.6439185 -0.02515931
  0.6504182 -0.02489679
  0.6569204 -0.02463082
  0.6634245 -0.0243617
  0.6699301 -0.02408972
  0.6764362 -0.02381499
  0.6829421 -0.02353731
  0.6894471 -0.02325648
  0.6959504 -0.02297231
  0.7024515 -0.02268459
  0.7089498 -0.02239312
  0.7154448 -0.0220977
  0.7219362 -0.02179812
  0.7284235 -0.02149417
  0.7349066 -0.02118567
  0.7413854 -0.02087253
  0.7478601 -0.02055467
  0.7543313 -0.02023198
  0.7608 -0.01990436
  0.7672674 -0.01957167
  0.7737353 -0.01923374
  0.7802054 -0.01889038
  0.7866801 -0.01854141
  0.7931619 -0.01818663
  0.7996525 -0.01782605
  0.8061519 -0.01745977
  0.8126586 -0.01708799
  0.8191695 -0.01671101
  0.8256797 -0.01632924
  0.8321826 -0.01594319
  0.8386701 -0.01555351
  0.8451333 -0.01516064
  0.8515662 -0.01476419
  0.8579681 -0.01436329
  0.8643442 -0.0139568
  0.8707045 -0.0135432
  0.877064 -0.01312062
  0.8834434 -0.01268673
  0.8898687 -0.01223858
  0.8963606 -0.01177299
  0.9028132 -0.0112958
  0.9091757 -0.01080961
  0.9154597 -0.01031259
  0.9216865 -0.009802065
  0.9278862 -0.009274468
  0.9340977 -0.008725064
  0.9403713 -0.008147506
  0.9467725 -0.007533135
  0.9531577 -0.006893436
  0.9592601 -0.006255491
  0.9650382 -0.005626533
  0.9704783 -0.005012106
  0.9755862 -0.004415515
  0.9803794 -0.003838312
  0.9848813 -0.003280871
  0.989117 -0.002742837
  0.9931109 -0.002223438
  0.9968863 -0.001721688
  1.0 -0.0013
