 BELL/WORTMANN FX 69-H-083 AIRFOIL
  1.0 0.0005
  0.997155 0.000719727
  0.9937354 0.0009918678
  0.9901545 0.001286276
  0.9863975 0.001605525
  0.9824487 0.001952527
  0.9782915 0.002330549
  0.9739086 0.002743205
  0.9692836 0.003194395
  0.964402 0.003688163
  0.9592539 0.004228433
  0.9538374 0.004818565
  0.9481628 0.005460706
  0.9422573 0.006154955
  0.9361973 0.006894198
  0.93021 0.007649483
  0.9242914 0.008418638
  0.9183965 0.009205178
  0.9124915 0.01001179
  0.9065509 0.01084032
  0.9005581 0.01169165
  0.8945055 0.01256536
  0.8884459 0.01345211
  0.8824322 0.01434222
  0.8764475 0.01523646
  0.870477 0.01613553
  0.8645085 0.01703974
  0.8585327 0.01794909
  0.8525426 0.01886321
  0.8465337 0.01978134
  0.8405037 0.02070231
  0.8344534 0.02162453
  0.828386 0.0225461
  0.8223075 0.02346566
  0.8162311 0.02438121
  0.8101568 0.02529271
  0.8040815 0.02620065
  0.7980027 0.0271054
  0.7919202 0.02800693
  0.785842 0.02890409
  0.7797696 0.02979665
  0.7737026 0.03068464
  0.7676402 0.03156785
  0.7615813 0.03244586
  0.7555252 0.03331823
  0.7494711 0.03418453
  0.7434184 0.03504427
  0.7373665 0.035897
  0.731315 0.03674222
  0.7252635 0.03757942
  0.7192117 0.03840808
  0.7131594 0.03922786
  0.7071067 0.04003853
  0.7010534 0.0408399
  0.6949996 0.04163174
  0.6889454 0.04241383
  0.6828908 0.04318596
  0.6768362 0.04394788
  0.6707817 0.04469937
  0.6647276 0.04544017
  0.6586742 0.04617004
  0.6526217 0.0468887
  0.6465702 0.04759591
  0.6405195 0.04829144
  0.6344694 0.04897507
  0.6284193 0.04964661
  0.6223688 0.05030588
  0.6163168 0.05095271
  0.6102627 0.05158695
  0.6042051 0.05220863
  0.5981433 0.05281827
  0.5920767 0.05341645
  0.586005 0.05400369
  0.5799285 0.05458048
  0.5738477 0.0551473
  0.5677633 0.05570458
  0.5616767 0.05625273
  0.5555894 0.05679214
  0.5495033 0.05732293
  0.5434201 0.05784416
  0.5373413 0.05835466
  0.5312676 0.05885332
  0.5251993 0.05933908
  0.5191366 0.05981093
  0.5130786 0.06026788
  0.5070246 0.060709
  0.5009731 0.06113337
  0.4949223 0.06154024
  0.4888702 0.06192977
  0.4828155 0.0623025
  0.4767572 0.06265889
  0.4706946 0.06299939
  0.4646275 0.06332441
  0.4585564 0.06363434
  0.452482 0.06392955
  0.4464053 0.06421042
  0.440328 0.06447722
  0.434252 0.06472967
  0.4281786 0.0649671
  0.4221088 0.06518887
  0.4160429 0.06539436
  0.4099811 0.065583
  0.4039228 0.0657542
  0.3978671 0.0659074
  0.3918127 0.06604202
  0.3857575 0.06615753
  0.3796997 0.06625385
  0.3736376 0.06633142
  0.3675703 0.06639062
  0.3614976 0.06643187
  0.3554202 0.06645554
  0.3493394 0.06646204
  0.3432572 0.06645179
  0.3371764 0.06642524
  0.3311006 0.06638284
  0.3250337 0.06632419
  0.3189791 0.0662476
  0.3129387 0.06615132
  0.3069131 0.06603364
  0.3009017 0.06589281
  0.2949026 0.06572709
  0.2889128 0.06553467
  0.282928 0.06531366
  0.2769428 0.06506201
  0.2709505 0.06477843
  0.2649453 0.06446383
  0.2589233 0.06411955
  0.252883 0.06374705
  0.2468256 0.06334794
  0.2407545 0.0629241
  0.2346759 0.06247766
  0.2285987 0.06201109
  0.2225342 0.06152716
  0.2164959 0.06102764
  0.2104975 0.06050822
  0.2045479 0.05996282
  0.1986519 0.05938536
  0.1928098 0.05876976
  0.1870187 0.05810983
  0.181272 0.05739913
  0.1755604 0.05663075
  0.1698719 0.05579709
  0.1641914 0.05489003
  0.1585008 0.05391695
  0.1527893 0.0529059
  0.1470612 0.05188935
  0.1413366 0.05090302
  0.1356508 0.04998161
  0.1300479 0.04911757
  0.1245522 0.04826802
  0.1191601 0.0473895
  0.1138465 0.04643852
  0.1085676 0.04536972
  0.1032621 0.04416613
  0.09787564 0.04284708
  0.09237886 0.04144102
  0.08677542 0.03998953
  0.08111252 0.03854943
  0.07548021 0.03715087
  0.06995688 0.03576931
  0.06457523 0.03436996
  0.05933055 0.03291409
  0.05419123 0.03135872
  0.04910448 0.0296718
  0.04401217 0.02784856
  0.0388631 0.02588555
  0.03362876 0.02378077
  0.02849527 0.02160397
  0.02388063 0.01952086
  0.01972686 0.01740268
  0.01572399 0.01513285
  0.01234825 0.01309513
  0.009560506 0.01127343
  0.007123819 0.009500562
  0.005242529 0.007984926
  0.00387578 0.00678894
  0.002848431 0.005799494
  0.002053173 0.00494465
  0.001426279 0.004180313
  0.000931488 0.003480437
  0.0005472722 0.002828414
  0.0002607134 0.00221282
  6.454036e-05 0.00162522
  -4.427265e-05 0.001058952
  -6.500623e-05 0.0005083417
  7.01462e-06 -3.189639e-05
  0.0001780058 -0.0005671974
  0.0004483546 -0.001103064
  0.0008209831 -0.001644766
  0.001304001 -0.002197783
  0.001912116 -0.002768307
  0.002669693 -0.003363821
  0.003616286 -0.003993311
  0.004814369 -0.004664904
  0.006344458 -0.005369592
  0.008300989 -0.006065926
  0.01076569 -0.006721271
  0.01385176 -0.007414229
  0.01779766 -0.008214911
  0.02237005 -0.009027279
  0.02743431 -0.009751938
  0.03300362 -0.01045208
  0.03861478 -0.01107133
  0.0441729 -0.011581
  0.04984625 -0.0120153
  0.05573148 -0.0124084
  0.06179709 -0.01278267
  0.06793111 -0.01313497
  0.07405675 -0.01346019
  0.08012866 -0.01375605
  0.08614845 -0.01402311
  0.0921482 -0.01426461
  0.09815762 -0.01448483
  0.1041942 -0.01468732
  0.1102631 -0.01487516
  0.1163569 -0.01505078
  0.1224619 -0.01521476
  0.1285684 -0.01536723
  0.1346713 -0.01550846
  0.140771 -0.0156389
  0.1468721 -0.01575944
  0.1529793 -0.01587157
  0.159095 -0.01597679
  0.1652199 -0.01607656
  0.1713523 -0.01617221
  0.1774896 -0.01626403
  0.183629 -0.01635182
  0.1897685 -0.01643538
  0.1959065 -0.01651453
  0.202042 -0.01658909
  0.2081744 -0.01665891
  0.2143037 -0.01672382
  0.2204303 -0.01678367
  0.2265553 -0.01683838
  0.2326798 -0.01688848
  0.2388049 -0.01693486
  0.2449313 -0.01697839
  0.2510597 -0.01701995
  0.2571903 -0.01706043
  0.2633231 -0.01710071
  0.2694579 -0.01714166
  0.2755941 -0.01718417
  0.281731 -0.01722903
  0.2878677 -0.01727603
  0.2940034 -0.01732424
  0.3001376 -0.01737272
  0.3062698 -0.01742054
  0.3123998 -0.01746677
  0.3185277 -0.01751049
  0.3246537 -0.01755077
  0.330778 -0.01758669
  0.3369012 -0.0176174
  0.343024 -0.01764319
  0.3491469 -0.01766524
  0.3552703 -0.01768474
  0.3613944 -0.01770291
  0.3675192 -0.01772093
  0.3736447 -0.01774002
  0.3797704 -0.01776138
  0.3858961 -0.0177862
  0.392021 -0.01781562
  0.3981446 -0.0178495
  0.4042662 -0.01788641
  0.4103856 -0.01792487
  0.4165027 -0.01796342
  0.4226176 -0.0180006
  0.4287307 -0.01803496
  0.4348426 -0.01806503
  0.4409541 -0.01808936
  0.4470661 -0.01810653
  0.4531799 -0.01811602
  0.4592964 -0.0181184
  0.4654164 -0.01811431
  0.4715401 -0.01810436
  0.4776679 -0.01808919
  0.4837994 -0.01806944
  0.4899343 -0.01804573
  0.4960719 -0.01801872
  0.502211 -0.01798904
  0.5083505 -0.01795697
  0.5144893 -0.01792224
  0.5206265 -0.01788458
  0.5267615 -0.01784369
  0.5328942 -0.01779926
  0.5390246 -0.01775101
  0.545153 -0.01769864
  0.5512801 -0.01764185
  0.5574068 -0.01758033
  0.5635341 -0.01751409
  0.5696632 -0.01744363
  0.5757949 -0.01736949
  0.5819295 -0.01729223
  0.5880676 -0.0172124
  0.5942089 -0.01713057
  0.6003532 -0.0170473
  0.6065001 -0.01696317
  0.6126486 -0.01687874
  0.6187977 -0.01679431
  0.6249465 -0.01670961
  0.6310941 -0.0166243
  0.6372399 -0.01653803
  0.6433836 -0.01645047
  0.649525 -0.01636127
  0.6556642 -0.01627009
  0.6618015 -0.01617657
  0.6679373 -0.01608037
  0.6740722 -0.01598122
  0.680207 -0.01587908
  0.6863419 -0.01577397
  0.6924774 -0.01566586
  0.6986134 -0.01555477
  0.7047499 -0.01544068
  0.7108865 -0.01532362
  0.7170227 -0.01520359
  0.723158 -0.0150806
  0.7292915 -0.01495456
  0.7354224 -0.01482508
  0.7415502 -0.01469171
  0.7476749 -0.014554
  0.7537963 -0.01441152
  0.7599147 -0.01426379
  0.7660308 -0.01411036
  0.7721453 -0.01395075
  0.7782593 -0.0137845
  0.784374 -0.01361109
  0.7904904 -0.01342994
  0.7966086 -0.01324048
  0.8027283 -0.01304217
  0.8088483 -0.01283448
  0.8149666 -0.01261692
  0.8210805 -0.01238904
  0.8271868 -0.01215044
  0.8332814 -0.01190078
  0.8393599 -0.01163989
  0.8454189 -0.01136811
  0.8514579 -0.01108581
  0.8574791 -0.01079319
  0.8634873 -0.01049033
  0.86949 -0.01017712
  0.8754971 -0.009853253
  0.8815216 -0.009518195
  0.8875792 -0.009171149
  0.8936884 -0.008811108
  0.8997848 -0.008442203
  0.9058057 -0.00806895
  0.9117577 -0.007691766
  0.9176569 -0.007310364
  0.9235277 -0.006923795
  0.929403 -0.006530419
  0.9353253 -0.006127776
  0.9413504 -0.005712338
  0.9474062 -0.005289397
  0.9532313 -0.00487771
  0.9587826 -0.004480944
  0.9640465 -0.004100738
  0.9690242 -0.003737635
  0.9737265 -0.003391426
  0.9781698 -0.00306144
  0.9823728 -0.002746754
  0.9863548 -0.002446336
  0.9901343 -0.002159132
  0.9937289 -0.001884121
  0.9971546 -0.001620343
  1.0 -0.0014
