FX 74-Cl5-140 MOD  (smoothed)
  1.0 9e-05
  0.9975115 0.001910056
  0.9944897 0.003941183
  0.9912829 0.00590318
  0.987836 0.00781616
  0.9840709 0.009731406
  0.9799343 0.01170346
  0.9754566 0.01374999
  0.9707194 0.01582921
  0.9657752 0.01790831
  0.9606099 0.01999718
  0.9552056 0.02213575
  0.9496049 0.02435261
  0.9439247 0.0266317
  0.9382595 0.02890289
  0.932624 0.03111822
  0.9269545 0.03326406
  0.921152 0.03537129
  0.9151454 0.03748038
  0.9089116 0.03961605
  0.9025011 0.0417791
  0.8960111 0.04393952
  0.8895131 0.04606949
  0.8830332 0.04815709
  0.8765529 0.05020595
  0.870034 0.05223086
  0.8634489 0.05424492
  0.8567845 0.05625652
  0.8500446 0.05826912
  0.8432462 0.06028084
  0.8364071 0.06228845
  0.8295409 0.06429007
  0.8226566 0.06628532
  0.8157584 0.06827485
  0.8088482 0.0702587
  0.801928 0.07223656
  0.7950006 0.07420796
  0.7880691 0.07617231
  0.781137 0.07812859
  0.7742071 0.08007547
  0.7672812 0.08201182
  0.7603604 0.08393679
  0.7534448 0.08584979
  0.7465339 0.08775042
  0.7396269 0.08963834
  0.7327236 0.09151312
  0.7258236 0.0933743
  0.7189271 0.09522137
  0.712034 0.09705379
  0.7051444 0.09887111
  0.6982578 0.100673
  0.6913734 0.1024593
  0.6844896 0.1042298
  0.677605 0.1059846
  0.6707178 0.107724
  0.6638272 0.1094483
  0.656933 0.1111575
  0.6500358 0.1128515
  0.6431368 0.1145301
  0.6362379 0.1161926
  0.6293405 0.1178382
  0.622446 0.1194661
  0.615555 0.1210756
  0.608668 0.1226663
  0.6017848 0.1242375
  0.5949056 0.1257888
  0.5880303 0.1273195
  0.5811597 0.128829
  0.5742947 0.1303163
  0.5674366 0.1317806
  0.5605869 0.1332209
  0.553747 0.1346358
  0.546918 0.136024
  0.5401008 0.1373842
  0.5332959 0.1387152
  0.5265036 0.1400161
  0.519724 0.1412855
  0.5129573 0.1425224
  0.5062037 0.1437255
  0.4994634 0.1448937
  0.4927367 0.1460256
  0.486024 0.1471203
  0.4793256 0.1481764
  0.4726418 0.1491925
  0.4659729 0.1501676
  0.459319 0.1511004
  0.4526803 0.1519897
  0.4460569 0.1528344
  0.4394487 0.1536335
  0.4328558 0.1543857
  0.4262781 0.15509
  0.4197152 0.1557455
  0.4131669 0.156351
  0.4066329 0.1569056
  0.4001132 0.1574084
  0.3936082 0.1578583
  0.3871185 0.1582545
  0.3806451 0.1585959
  0.3741891 0.1588817
  0.3677519 0.1591109
  0.3613341 0.1592824
  0.354936 0.1593952
  0.3485569 0.1594484
  0.3421957 0.159441
  0.3358507 0.159372
  0.3295206 0.159241
  0.3232047 0.1590474
  0.3169032 0.1587908
  0.3106169 0.1584707
  0.3043474 0.1580867
  0.2980972 0.1576385
  0.2918681 0.1571254
  0.2856614 0.1565468
  0.2794777 0.1559022
  0.2733167 0.1551907
  0.2671775 0.1544115
  0.261059 0.153564
  0.2549606 0.1526479
  0.2488825 0.1516629
  0.2428257 0.1506087
  0.2367918 0.1494853
  0.2307832 0.1482927
  0.2248018 0.147031
  0.2188489 0.1456998
  0.2129247 0.1442987
  0.2070288 0.142827
  0.2011597 0.1412838
  0.1953159 0.1396686
  0.189497 0.1379812
  0.183704 0.1362218
  0.177939 0.1343911
  0.1722055 0.1324901
  0.1665079 0.1305202
  0.1608498 0.1284817
  0.1552335 0.126375
  0.1496601 0.1241998
  0.1441291 0.1219554
  0.1386397 0.119641
  0.1331923 0.1172564
  0.1277893 0.1148026
  0.1224348 0.1122814
  0.1171347 0.1096956
  0.1118964 0.1070479
  0.1067265 0.1043402
  0.10163 0.1015735
  0.09661 0.09874854
  0.09166852 0.09586542
  0.08680749 0.09292408
  0.08202975 0.08992509
  0.07733886 0.08686972
  0.07273893 0.08375993
  0.06823459 0.0805983
  0.06383026 0.07738746
  0.05952933 0.07412967
  0.05533419 0.0708268
  0.05124659 0.06748066
  0.04727117 0.06409668
  0.04341933 0.06068739
  0.0397075 0.05727174
  0.03615418 0.05387315
  0.03277835 0.05051558
  0.02959603 0.04722117
  0.02661691 0.04400921
  0.02384392 0.04089473
  0.02127627 0.03788946
  0.01891787 0.0350102
  0.01677271 0.03227707
  0.01483824 0.02970513
  0.01310402 0.02730056
  0.01155373 0.02506071
  0.01016772 0.02297573
  0.008925606 0.02103195
  0.007808356 0.01921485
  0.006799165 0.01751052
  0.005883597 0.01590634
  0.00504961 0.01439115
  0.004290912 0.01295546
  0.003605814 0.01159359
  0.002992421 0.01030259
  0.002447819 0.009080255
  0.001968011 0.007924164
  0.001548192 0.006831337
  0.001183122 0.005798254
  0.0008675558 0.004821024
  0.0005997791 0.003894926
  0.0003812473 0.003012907
  0.000212057 0.002166695
  9.192689e-05 0.001348028
  2.096688e-05 0.0005490077
  1.399663e-07 -0.0002379938
  3.180614e-05 -0.001018592
  0.0001204112 -0.001790886
  0.0002720175 -0.002550313
  0.000494169 -0.003290977
  0.000795926 -0.004005364
  0.001187498 -0.004684242
  0.001671894 -0.005321542
  0.002244007 -0.005915321
  0.002898186 -0.006463204
  0.003628356 -0.006962051
  0.004427698 -0.007407775
  0.00528822 -0.007795099
  0.006201553 -0.008117961
  0.00716859 -0.008374718
  0.008195753 -0.00856623
  0.009290627 -0.008693738
  0.01046201 -0.008759387
  0.01171979 -0.008767175
  0.0130743 -0.008724608
  0.01453521 -0.008643321
  0.01611557 -0.008524943
  0.01783231 -0.008364505
  0.01970486 -0.008157065
  0.02175567 -0.007898372
  0.02401195 -0.007585775
  0.0265095 -0.007218199
  0.02929323 -0.006790598
  0.0324153 -0.006296981
  0.03593199 -0.005735135
  0.03989763 -0.005110857
  0.04435814 -0.004430456
  0.04933058 -0.003694047
  0.05478755 -0.002904573
  0.06067288 -0.002066645
  0.06691361 -0.001191287
  0.07342172 -0.0002923591
  0.08012583 0.0006194939
  0.08697834 0.001538426
  0.09393909 0.002460438
  0.1009776 0.003383182
  0.108073 0.004305354
  0.1152091 0.005226141
  0.122374 0.006145362
  0.1295598 0.007063041
  0.13676 0.007978836
  0.1439684 0.008892381
  0.1511788 0.009803283
  0.158386 0.01071054
  0.1655866 0.0116129
  0.1727798 0.01250943
  0.1799665 0.01339949
  0.1871492 0.01428297
  0.1943297 0.0151599
  0.2015088 0.01603021
  0.2086863 0.01689371
  0.2158615 0.01775008
  0.2230338 0.018599
  0.2302034 0.0194402
  0.2373708 0.02027348
  0.2445373 0.02109877
  0.251704 0.02191618
  0.2588716 0.02272579
  0.2660401 0.02352766
  0.273209 0.02432174
  0.2803771 0.02510787
  0.2875437 0.02588577
  0.2947084 0.02665521
  0.3018714 0.02741599
  0.3090334 0.028168
  0.3161954 0.02891123
  0.3233581 0.02964572
  0.3305215 0.03037148
  0.3376848 0.03108843
  0.3448469 0.03179642
  0.352006 0.03249512
  0.359161 0.03318405
  0.3663114 0.03386278
  0.3734581 0.03453099
  0.3806023 0.03518842
  0.3877462 0.03583504
  0.3948915 0.03647104
  0.4020387 0.03709657
  0.4091871 0.03771165
  0.4163351 0.03831624
  0.4234799 0.03891007
  0.4306187 0.03949237
  0.4377499 0.04006235
  0.4448731 0.04061932
  0.4519889 0.04116269
  0.459099 0.04169198
  0.466206 0.04220709
  0.4733114 0.04270807
  0.4804166 0.04319494
  0.4875216 0.04366765
  0.4946263 0.04412609
  0.5017296 0.04457004
  0.5088304 0.04499913
  0.5159277 0.04541299
  0.5230209 0.04581126
  0.5301092 0.0461936
  0.5371924 0.04655969
  0.5442701 0.04690913
  0.5513426 0.04724154
  0.5584101 0.04755653
  0.5654733 0.04785373
  0.5725331 0.04813277
  0.5795905 0.04839345
  0.5866464 0.04863567
  0.5937009 0.04885934
  0.6007539 0.04906437
  0.6078047 0.04925062
  0.6148523 0.04941792
  0.6218955 0.04956589
  0.6289334 0.04969408
  0.6359653 0.04980209
  0.6429908 0.04988951
  0.6500099 0.04995595
  0.6570225 0.05000101
  0.6640286 0.05002426
  0.6710283 0.05002529
  0.6780214 0.05000369
  0.685008 0.04995905
  0.6919877 0.04989096
  0.6989604 0.04979898
  0.7059257 0.04968268
  0.7128831 0.04954166
  0.7198321 0.04937549
  0.7267721 0.04918377
  0.7337023 0.04896593
  0.7406216 0.04872139
  0.747529 0.0484496
  0.7544232 0.04815002
  0.7613026 0.04782212
  0.7681654 0.04746502
  0.7750094 0.04707767
  0.781832 0.04665914
  0.7886304 0.04620856
  0.795401 0.04572512
  0.8021408 0.04520744
  0.8088469 0.04465388
  0.8155178 0.04406279
  0.8221527 0.04343257
  0.8287512 0.04276157
  0.835313 0.04204801
  0.841836 0.0412903
  0.8483169 0.04048714
  0.854751 0.03963756
  0.8611326 0.03874045
  0.8674572 0.03779358
  0.8737229 0.03679439
  0.8799303 0.03574011
  0.8860825 0.03462772
  0.8921841 0.03345482
  0.8982416 0.0322192
  0.9042626 0.030918
  0.9102565 0.02954775
  0.9162329 0.0281066
  0.9221975 0.02659612
  0.9281493 0.02501963
  0.9340803 0.02338224
  0.939971 0.02168984
  0.9457812 0.01995307
  0.951453 0.01819009
  0.9569249 0.01641747
  0.9621703 0.01463152
  0.9672087 0.01281512
  0.9720843 0.01094937
  0.9768174 0.009043892
  0.9813732 0.007133619
  0.9856945 0.005283553
  0.9897435 0.003580868
  0.9935063 0.00208528
  0.9970346 0.0008406453
  1.0 -3e-05
