FX 83-W-160
  1.0 0.0
  0.9971359 0.001857494
  0.9933861 0.003108546
  0.9896784 0.004639088
  0.9857435 0.006136334
  0.9815402 0.00767052
  0.9771026 0.009313892
  0.9724225 0.01102947
  0.9674597 0.0127905
  0.9621882 0.01461482
  0.9566176 0.0165169
  0.9507793 0.01848738
  0.9446978 0.02051367
  0.9383877 0.02258947
  0.9318727 0.02470827
  0.9251905 0.02685751
  0.9183739 0.02902035
  0.9114351 0.03118602
  0.9043723 0.03335594
  0.8971963 0.03553407
  0.8899382 0.03771755
  0.8826321 0.03989382
  0.8752958 0.04205251
  0.8679299 0.04418985
  0.8605304 0.04630757
  0.8530993 0.04840655
  0.8456447 0.0504856
  0.8381755 0.05254184
  0.8306973 0.05457313
  0.8232119 0.05657845
  0.8157199 0.05855754
  0.808223 0.06050999
  0.8007242 0.06243499
  0.7932276 0.06433093
  0.7857362 0.06619582
  0.7782514 0.0680281
  0.770773 0.0698267
  0.7632998 0.07159142
  0.7558291 0.07332251
  0.7483569 0.07502049
  0.7408785 0.07668639
  0.7333931 0.07832127
  0.7259062 0.07992498
  0.7184296 0.08149608
  0.7109782 0.08303042
  0.7035587 0.08452253
  0.696166 0.08596926
  0.6887838 0.08736965
  0.6813888 0.08872722
  0.6739656 0.09004885
  0.6665134 0.09133912
  0.6590461 0.09260014
  0.6515898 0.09382926
  0.6441649 0.09501881
  0.6367773 0.09616307
  0.6294189 0.0972587
  0.6220696 0.09830529
  0.6147097 0.09930719
  0.6073309 0.1002682
  0.5999368 0.1011905
  0.5925434 0.1020745
  0.5851702 0.1029164
  0.5778253 0.1037117
  0.5705021 0.1044574
  0.5631806 0.1051518
  0.5558311 0.1057972
  0.5484323 0.1064006
  0.5409823 0.1069681
  0.5335002 0.1075044
  0.5260258 0.1080114
  0.5185985 0.1084813
  0.511232 0.1089051
  0.5039141 0.1092755
  0.4966089 0.1095868
  0.4892666 0.1098411
  0.4818511 0.1100482
  0.4743525 0.1102176
  0.4667901 0.1103588
  0.4592133 0.1104774
  0.4516704 0.110567
  0.4441819 0.1106192
  0.4367399 0.1106266
  0.4293115 0.1105826
  0.4218539 0.1104892
  0.4143416 0.110353
  0.4067727 0.1101809
  0.3991712 0.1099807
  0.3915797 0.1097549
  0.3840286 0.109498
  0.3765237 0.1092041
  0.3690478 0.1088663
  0.3615655 0.1084806
  0.354047 0.1080506
  0.3464837 0.1075825
  0.3388906 0.1070838
  0.3313057 0.1065613
  0.3237652 0.1060119
  0.3162819 0.1054294
  0.3088453 0.1048062
  0.3014244 0.1041347
  0.293987 0.1034161
  0.2865197 0.102655
  0.2790312 0.1018585
  0.2715513 0.1010344
  0.2641127 0.1001819
  0.25673 0.09929668
  0.2493989 0.09837235
  0.2420994 0.09740263
  0.2348115 0.09638727
  0.2275277 0.09532865
  0.2202542 0.09423107
  0.2130088 0.09309846
  0.2058086 0.0919309
  0.1986631 0.09072717
  0.1915748 0.0894852
  0.1845414 0.08820361
  0.1775627 0.08688244
  0.1706417 0.08552244
  0.1637845 0.08412502
  0.1570008 0.08269212
  0.1503038 0.08122675
  0.1437096 0.07973295
  0.1372355 0.0782136
  0.1308941 0.07666893
  0.1246921 0.07509841
  0.1186312 0.07350152
  0.1127158 0.07188149
  0.1069594 0.07024537
  0.1013817 0.06860257
  0.09600338 0.06695973
  0.090836 0.06531653
  0.08587884 0.06367053
  0.08112341 0.06201862
  0.07656008 0.06036329
  0.07218732 0.05871289
  0.06800961 0.05707771
  0.06403321 0.05546771
  0.06026271 0.05388507
  0.05669478 0.05232689
  0.05331958 0.05078927
  0.05012413 0.0492681
  0.04709424 0.04776276
  0.04421852 0.04627719
  0.04148911 0.04481608
  0.03889991 0.04338411
  0.03644562 0.0419851
  0.0341227 0.04061841
  0.03192668 0.03928047
  0.02985125 0.0379677
  0.02788923 0.03667664
  0.02603317 0.03540414
  0.02427546 0.03414832
  0.02260865 0.03290944
  0.02102645 0.0316881
  0.01952339 0.03048497
  0.01809463 0.0293007
  0.0167358 0.02813586
  0.01544379 0.02699017
  0.01421736 0.02586176
  0.01305502 0.02474878
  0.01195495 0.02364955
  0.01091513 0.02256255
  0.009933401 0.02148643
  0.009007568 0.02042005
  0.008135262 0.019363
  0.007314027 0.01831524
  0.006541462 0.01727655
  0.005815263 0.01624661
  0.005133251 0.01522504
  0.00449338 0.01421138
  0.003893889 0.01320514
  0.003334864 0.01220578
  0.002817555 0.01121302
  0.002343117 0.010227
  0.001912508 0.009248185
  0.001526425 0.008277253
  0.001185266 0.007315038
  0.0008890825 0.006362541
  0.0006373214 0.005421482
  0.0004288499 0.004492995
  0.0002623903 0.003576899
  0.0001368053 0.002672018
  5.129824e-05 0.001776414
  5.569308e-06 0.0008875106
  -3.548884e-08 2.119337e-06
  3.537574e-05 -0.0008834188
  0.0001125292 -0.001772116
  0.0002327237 -0.002666061
  0.0003979716 -0.003566482
  0.0006108624 -0.004473644
  0.0008743823 -0.005386627
  0.00119161 -0.00630305
  0.001564023 -0.007220156
  0.001990727 -0.00813636
  0.002470257 -0.009050308
  0.003000778 -0.009960814
  0.003580156 -0.01086692
  0.004206031 -0.01176793
  0.004876363 -0.01266352
  0.005591641 -0.01355369
  0.00635332 -0.01443841
  0.007162934 -0.01531762
  0.008022073 -0.01619111
  0.008932348 -0.01705854
  0.009895347 -0.01791945
  0.01091263 -0.01877376
  0.01198579 -0.01962246
  0.01311632 -0.02046678
  0.01430553 -0.02130819
  0.01555445 -0.02214841
  0.01686369 -0.02298944
  0.01823364 -0.02383322
  0.01966681 -0.02467963
  0.02116683 -0.02552768
  0.02273768 -0.0263763
  0.02438391 -0.02722441
  0.02611076 -0.02807091
  0.02792441 -0.02891494
  0.02983155 -0.02975742
  0.031839 -0.0306004
  0.03395355 -0.03144634
  0.03618153 -0.03229812
  0.03852798 -0.03315914
  0.04099695 -0.03403105
  0.04359384 -0.03491057
  0.04632503 -0.03579314
  0.04919847 -0.03667375
  0.05222525 -0.03754714
  0.05542068 -0.03841041
  0.05880134 -0.03926621
  0.06238268 -0.04011858
  0.06617637 -0.04097233
  0.07018616 -0.04183182
  0.07440961 -0.04269286
  0.07884321 -0.04354667
  0.083486 -0.04438435
  0.08834482 -0.04519849
  0.09343224 -0.04598804
  0.09875691 -0.04675462
  0.1043186 -0.04750018
  0.1101049 -0.04822493
  0.1160969 -0.04892428
  0.1222756 -0.04959389
  0.1286262 -0.0502308
  0.1351382 -0.05083348
  0.1418013 -0.05140116
  0.1486038 -0.05193374
  0.1555331 -0.05243149
  0.1625736 -0.05289473
  0.1697054 -0.05332417
  0.176904 -0.05372012
  0.1841485 -0.05407919
  0.1914301 -0.05439741
  0.1987545 -0.05467155
  0.2061379 -0.05490262
  0.2135877 -0.05509628
  0.2210936 -0.05525831
  0.2286269 -0.05539329
  0.2361555 -0.05549775
  0.2436665 -0.05556555
  0.2511696 -0.05559093
  0.2586932 -0.05557108
  0.2662621 -0.0555109
  0.2738813 -0.05541657
  0.2815327 -0.05529476
  0.2891809 -0.05514783
  0.2968014 -0.05497082
  0.3043939 -0.05475792
  0.311982 -0.0545028
  0.3196047 -0.05420449
  0.3272868 -0.05386973
  0.3350262 -0.05350696
  0.3427901 -0.05312629
  0.3505256 -0.05273068
  0.3581984 -0.05231289
  0.3658058 -0.05186412
  0.3733742 -0.05137422
  0.3809498 -0.05083796
  0.3885673 -0.05025951
  0.3962356 -0.04964546
  0.4039347 -0.04900499
  0.4116191 -0.0483453
  0.4192513 -0.04766291
  0.4268234 -0.04695081
  0.4343565 -0.04619953
  0.4418966 -0.04539926
  0.4494915 -0.04455135
  0.457162 -0.04366338
  0.4648947 -0.04274738
  0.4726389 -0.04181919
  0.4803275 -0.04088222
  0.4879236 -0.03992806
  0.4954284 -0.03894455
  0.5028752 -0.03791601
  0.510321 -0.03683531
  0.5178185 -0.03571164
  0.5254032 -0.03455791
  0.5330914 -0.03339096
  0.5408774 -0.03222715
  0.5487409 -0.03106718
  0.5566603 -0.02990761
  0.5646146 -0.02874452
  0.5725845 -0.02757516
  0.5805564 -0.02640436
  0.588524 -0.02523852
  0.5964887 -0.02408294
  0.6044591 -0.02294106
  0.6124431 -0.02181159
  0.62044 -0.02069272
  0.6284386 -0.01958404
  0.6364184 -0.0184872
  0.6443611 -0.01740836
  0.6522631 -0.01635319
  0.660136 -0.01532518
  0.6680051 -0.01432479
  0.6758944 -0.01334599
  0.683812 -0.01238279
  0.6917479 -0.01143135
  0.6996754 -0.0104918
  0.7075694 -0.009571189
  0.7154214 -0.008675944
  0.7232396 -0.007810378
  0.731044 -0.006974825
  0.7388513 -0.006165357
  0.7466662 -0.005378895
  0.7544819 -0.004613719
  0.7622842 -0.003871406
  0.7700635 -0.003155211
  0.7778168 -0.002467675
  0.7855476 -0.001810348
  0.793261 -0.001183183
  0.8009595 -0.0005860279
  0.8086429 -1.898142e-05
  0.8163083 0.0005174026
  0.8239508 0.001022235
  0.8315632 0.001494585
  0.8391379 0.001932943
  0.8466712 0.002334922
  0.8541664 0.002698458
  0.8616318 0.00302301
  0.8690673 0.003311645
  0.876454 0.00356754
  0.8837588 0.003790508
  0.8909575 0.003971361
  0.8980515 0.004100732
  0.9050592 0.004175202
  0.9119873 0.004202229
  0.9188162 0.004190105
  0.9255103 0.004142047
  0.9320398 0.004056296
  0.9383862 0.003931775
  0.944534 0.003768057
  0.9504641 0.003565818
  0.9561594 0.003325826
  0.9616173 0.003048013
  0.9668462 0.002736079
  0.9718407 0.002409625
  0.9765713 0.002086502
  0.9810206 0.001739045
  0.9852118 0.00132894
  0.9891868 0.0009409599
  0.9929936 0.0006688569
  0.9967026 -3.897849e-05
  1.0 0.0
