FX 84-W-127
  1.0 0.0
  0.9966365 0.00038329
  0.992443 0.0009238928
  0.9879376 0.001547042
  0.9831074 0.002276968
  0.9779477 0.003103045
  0.9725015 0.004014776
  0.9668149 0.005003737
  0.9609286 0.006064988
  0.9548767 0.0071934
  0.9486889 0.008381548
  0.9423934 0.009621158
  0.936014 0.01090583
  0.9295673 0.01223062
  0.9230625 0.01359136
  0.916509 0.0149833
  0.9099186 0.0164012
  0.9033019 0.01784177
  0.8966636 0.01930364
  0.8900009 0.02078655
  0.88331 0.02228895
  0.876592 0.02380765
  0.8698538 0.0253384
  0.8631044 0.02687849
  0.8563478 0.0284269
  0.8495828 0.02998377
  0.8428049 0.03154899
  0.8360128 0.03312086
  0.8292108 0.03469636
  0.8224079 0.03627144
  0.8156128 0.0378424
  0.8088291 0.03940683
  0.8020551 0.04096358
  0.7952852 0.04251311
  0.7885153 0.04405654
  0.7817456 0.04559413
  0.7749802 0.04712524
  0.7682256 0.04864769
  0.7614868 0.05015857
  0.754765 0.05165573
  0.7480582 0.05313777
  0.7413621 0.05460439
  0.7346722 0.05605614
  0.7279854 0.05749339
  0.7212997 0.05891619
  0.7146145 0.06032436
  0.7079299 0.06171762
  0.7012469 0.06309551
  0.6945673 0.06445747
  0.6878935 0.0658028
  0.6812279 0.06713027
  0.6745721 0.06843844
  0.667926 0.06972616
  0.6612883 0.07099253
  0.6546565 0.07223702
  0.6480277 0.07345984
  0.6413998 0.07466122
  0.6347715 0.07584127
  0.6281422 0.07699991
  0.6215119 0.07813693
  0.6148814 0.07925191
  0.608252 0.08034436
  0.6016253 0.08141372
  0.5950036 0.08245938
  0.5883893 0.08348038
  0.5817838 0.08447549
  0.575187 0.0854437
  0.5685973 0.08638421
  0.5620118 0.08729641
  0.555427 0.08818045
  0.5488396 0.089037
  0.542248 0.08986659
  0.535651 0.09066956
  0.5290491 0.09144612
  0.5224433 0.09219611
  0.5158356 0.09291912
  0.5092288 0.09361464
  0.5026264 0.09428216
  0.4960326 0.0949211
  0.4894515 0.09553022
  0.4828848 0.09610797
  0.4763319 0.09665305
  0.4697894 0.09716439
  0.4632514 0.09764111
  0.4567114 0.0980836
  0.4501645 0.09849301
  0.4436091 0.09887022
  0.4370459 0.09921595
  0.4304787 0.09953072
  0.4239129 0.09981405
  0.4173531 0.1000649
  0.4108028 0.1002822
  0.404264 0.1004653
  0.3977376 0.1006134
  0.3912233 0.1007258
  0.3847194 0.1008021
  0.378223 0.1008416
  0.3717298 0.1008436
  0.3652341 0.1008075
  0.358731 0.1007339
  0.3522194 0.1006236
  0.3457019 0.1004776
  0.3391854 0.1002971
  0.3326807 0.100083
  0.3261974 0.09983368
  0.3197398 0.0995473
  0.3133069 0.09922169
  0.3068923 0.0988544
  0.3004854 0.09844384
  0.2940772 0.09799048
  0.2876628 0.09749515
  0.2812419 0.09695893
  0.2748184 0.09638323
  0.2683994 0.0957686
  0.2619914 0.09511481
  0.255599 0.09442161
  0.2492254 0.09368866
  0.2428719 0.0929154
  0.2365387 0.09210094
  0.2302241 0.09124406
  0.2239247 0.09034332
  0.2176359 0.08939705
  0.2113528 0.08840476
  0.2050734 0.08736708
  0.1987994 0.0862852
  0.192536 0.08516094
  0.1862914 0.08399546
  0.1800726 0.08278856
  0.173885 0.08153984
  0.1677316 0.08024861
  0.1616141 0.07891381
  0.1555328 0.07753409
  0.1494875 0.07610791
  0.1434771 0.07463357
  0.1375004 0.07310976
  0.1315587 0.07153622
  0.1256563 0.06991358
  0.1198001 0.0682433
  0.113998 0.06652603
  0.1082544 0.06476104
  0.1025701 0.06294663
  0.09694292 0.06108101
  0.09137537 0.05916586
  0.08587913 0.05720664
  0.08047408 0.05521208
  0.07518464 0.05318965
  0.07003206 0.05114491
  0.06503218 0.04908303
  0.06019806 0.04700995
  0.05554723 0.04493553
  0.05110015 0.04287297
  0.04687616 0.04083612
  0.04289276 0.03883782
  0.03916201 0.0368904
  0.0356878 0.03500387
  0.03246892 0.03318431
  0.02950054 0.03143613
  0.02677246 0.02976216
  0.02427008 0.02816277
  0.02197738 0.02663539
  0.01987709 0.02517629
  0.01795136 0.02378127
  0.01618285 0.02244584
  0.01455719 0.02116472
  0.01306327 0.01993309
  0.01169082 0.01874737
  0.01043003 0.01760464
  0.009271482 0.01650227
  0.008207122 0.01543732
  0.007230057 0.01440577
  0.006333042 0.01340326
  0.005509068 0.01242564
  0.004751711 0.01146906
  0.004055282 0.01053008
  0.003416312 0.009605788
  0.002834355 0.00869476
  0.002309445 0.007797051
  0.001841388 0.006913656
  0.001429468 0.006046054
  0.001072306 0.005195873
  0.0007683292 0.004364982
  0.0005168132 0.003555198
  0.0003163768 0.002765793
  0.0001654531 0.001994099
  6.297475e-05 0.001236311
  8.805171e-06 0.0004878281
  4.078066e-06 -0.0002567038
  4.998749e-05 -0.001002394
  0.000147121 -0.001752374
  0.0002974899 -0.002508414
  0.0005044674 -0.003270889
  0.0007725083 -0.004038389
  0.00110668 -0.004807047
  0.001510876 -0.005571284
  0.00198523 -0.006327987
  0.002528414 -0.007074828
  0.003138248 -0.007809757
  0.003811857 -0.008531132
  0.00454595 -0.009237866
  0.005339739 -0.009930115
  0.006196548 -0.01060926
  0.007120272 -0.0112769
  0.008114891 -0.01193479
  0.009184132 -0.01258491
  0.01033107 -0.01322937
  0.01156031 -0.0138689
  0.01287841 -0.01450324
  0.01429247 -0.0151324
  0.01581008 -0.0157569
  0.01743949 -0.01637803
  0.01919083 -0.01699717
  0.0210776 -0.0176143
  0.02311511 -0.01822945
  0.02532048 -0.01884332
  0.02771267 -0.01945748
  0.03031265 -0.02007249
  0.03314274 -0.02068694
  0.03622342 -0.02129925
  0.03957242 -0.02190858
  0.04320613 -0.0225128
  0.04713727 -0.02310681
  0.05137177 -0.0236856
  0.05590989 -0.024245
  0.06074573 -0.02477994
  0.06586307 -0.02528596
  0.07123862 -0.02576059
  0.07684603 -0.02620119
  0.08265534 -0.0266059
  0.08863762 -0.02697499
  0.09476786 -0.02730904
  0.1010219 -0.02760904
  0.1073774 -0.02787713
  0.1138156 -0.02811482
  0.1203209 -0.02832312
  0.1268817 -0.02850363
  0.1334905 -0.02865805
  0.1401418 -0.02878807
  0.1468311 -0.02889554
  0.1535553 -0.02898235
  0.1603111 -0.02905031
  0.1670947 -0.02910122
  0.1739008 -0.02913695
  0.1807241 -0.02915867
  0.187561 -0.0291669
  0.1944104 -0.02916215
  0.2012738 -0.02914501
  0.2081535 -0.02911665
  0.2150495 -0.02907844
  0.2219595 -0.02903183
  0.2288788 -0.02897804
  0.2358023 -0.02891725
  0.2427271 -0.02884928
  0.2496526 -0.02877397
  0.2565806 -0.02869123
  0.2635133 -0.02860139
  0.2704518 -0.02850493
  0.2773952 -0.02840236
  0.2843413 -0.02829416
  0.2912876 -0.02818037
  0.2982328 -0.0280608
  0.3051777 -0.02793526
  0.3121248 -0.02780352
  0.3190776 -0.02766581
  0.3260382 -0.02752288
  0.3330064 -0.02737556
  0.3399796 -0.02722474
  0.3469532 -0.027071
  0.3539227 -0.0269139
  0.3608858 -0.0267528
  0.3678422 -0.02658699
  0.3747936 -0.02641577
  0.3817431 -0.02623888
  0.3886932 -0.02605646
  0.3956453 -0.0258687
  0.4025998 -0.02567579
  0.4095559 -0.02547792
  0.4165125 -0.02527511
  0.4234686 -0.02506734
  0.4304236 -0.02485458
  0.437377 -0.02463681
  0.4443285 -0.02441398
  0.4512783 -0.02418598
  0.4582271 -0.02395271
  0.4651757 -0.02371405
  0.4721255 -0.02346988
  0.4790779 -0.0232203
  0.486033 -0.02296559
  0.49299 -0.02270604
  0.4999469 -0.02244203
  0.5069004 -0.02217381
  0.5138478 -0.02190092
  0.5207878 -0.02162271
  0.5277211 -0.02133845
  0.53465 -0.02104732
  0.5415783 -0.02074888
  0.5485093 -0.02044343
  0.5554449 -0.02013141
  0.5623855 -0.01981333
  0.5693299 -0.01948972
  0.5762759 -0.01916086
  0.5832216 -0.0188267
  0.5901656 -0.01848718
  0.5971072 -0.0181422
  0.6040463 -0.01779164
  0.6109833 -0.01743539
  0.6179189 -0.01707328
  0.6248544 -0.01670515
  0.6317911 -0.0163308
  0.6387311 -0.01595025
  0.6456754 -0.01556388
  0.6526244 -0.01517215
  0.6595773 -0.01477558
  0.6665326 -0.01437469
  0.6734885 -0.0139696
  0.6804439 -0.01356024
  0.6873989 -0.01314647
  0.6943547 -0.01272812
  0.701313 -0.01230519
  0.7082755 -0.01187805
  0.7152432 -0.0114471
  0.7222162 -0.01101279
  0.7291943 -0.01057558
  0.7361766 -0.01013585
  0.7431624 -0.009694004
  0.7501507 -0.00925042
  0.7571404 -0.008805555
  0.7641305 -0.008360041
  0.7711203 -0.007914542
  0.7781091 -0.00746971
  0.7850966 -0.007026113
  0.7920816 -0.006584095
  0.7990621 -0.006144019
  0.8060344 -0.005706325
  0.8129946 -0.005271896
  0.8199396 -0.004842333
  0.8268693 -0.004419149
  0.8337858 -0.004003651
  0.8406923 -0.003596443
  0.84759 -0.003197775
  0.8544768 -0.002808047
  0.8613485 -0.002428151
  0.8682009 -0.002059903
  0.8750321 -0.001705116
  0.8818423 -0.001365392
  0.8886322 -0.001041944
  0.8954005 -0.0007359135
  0.9021444 -0.0004485437
  0.9088595 -0.0001815124
  0.9155406 6.337669e-05
  0.9221815 0.0002842979
  0.9287748 0.0004790292
  0.9353114 0.0006453851
  0.9417798 0.0007815485
  0.9481636 0.000886168
  0.9544411 0.0009581378
  0.9605808 0.0009961862
  0.9665403 0.0009992392
  0.9722787 0.0009631571
  0.977768 0.0008849144
  0.9829791 0.0007695039
  0.987872 0.0006231572
  0.9924213 0.0004441958
  0.9966246 0.0002286459
  1.0 0.0
