WORTMANN FX L V-152 AIRFOIL
  1.0 0.0
  0.9936186 0.0009391075
  0.9862311 0.001544403
  0.978874 0.002058902
  0.971529 0.002541643
  0.9641579 0.003188571
  0.9567446 0.003883871
  0.9493135 0.004532647
  0.9418735 0.005100779
  0.9344197 0.005677499
  0.9269345 0.006378734
  0.9193907 0.007190009
  0.9117856 0.008035984
  0.904147 0.008892785
  0.8964996 0.009792726
  0.8888464 0.01075707
  0.8811747 0.01174305
  0.8734739 0.01269053
  0.8657422 0.01358167
  0.8579836 0.01447057
  0.8501955 0.01541872
  0.8423663 0.01644868
  0.8344881 0.01753246
  0.8265682 0.01863626
  0.8186296 0.01974497
  0.810696 0.02087206
  0.8027815 0.02203413
  0.7948881 0.02323271
  0.7870089 0.02443375
  0.7791358 0.02559871
  0.7712619 0.0266973
  0.7633866 0.02775447
  0.755509 0.02881867
  0.7476242 0.02993887
  0.7397219 0.03114241
  0.7317918 0.03241704
  0.7238337 0.03374467
  0.7158585 0.03510436
  0.7078814 0.03646939
  0.6999104 0.03781127
  0.6919436 0.0391033
  0.6839715 0.04032883
  0.6759864 0.04151408
  0.6679831 0.04269854
  0.6599569 0.04392204
  0.6519023 0.04521192
  0.6438112 0.0465555
  0.6356812 0.04793102
  0.627517 0.04931478
  0.6193306 0.05068612
  0.6111339 0.05203407
  0.6029323 0.05335008
  0.5947242 0.05462691
  0.5865037 0.05586673
  0.5782685 0.05708467
  0.5700216 0.05829631
  0.5617708 0.05951621
  0.5535262 0.06074558
  0.5452966 0.06196982
  0.53709 0.06317362
  0.5289141 0.06434202
  0.5207744 0.06545971
  0.5126685 0.06651178
  0.5045832 0.06748487
  0.4964958 0.06836708
  0.4883793 0.06916413
  0.4802183 0.06990159
  0.4720132 0.07060516
  0.4637817 0.07129919
  0.4555521 0.07198825
  0.4473443 0.07265446
  0.4391647 0.07328011
  0.4310065 0.07384923
  0.422855 0.07435691
  0.4147005 0.07480947
  0.4065418 0.07521317
  0.3983863 0.07557356
  0.3902462 0.07588812
  0.3821281 0.07614683
  0.3740294 0.0763398
  0.3659397 0.07645799
  0.357844 0.07650378
  0.3497336 0.07648882
  0.3416084 0.076425
  0.3334774 0.07632365
  0.3253537 0.07618854
  0.3172468 0.07601921
  0.309161 0.0758152
  0.3010957 0.07557712
  0.2930529 0.07531147
  0.2850453 0.07502682
  0.2770964 0.074732
  0.2692371 0.0744236
  0.2614876 0.07407347
  0.2538478 0.0736521
  0.2463004 0.0731324
  0.2388178 0.0725194
  0.2313848 0.07185077
  0.2240066 0.07116578
  0.2167064 0.07049839
  0.2095155 0.0698363
  0.2024519 0.0691452
  0.1955173 0.06839276
  0.1887012 0.06755845
  0.1819922 0.06666098
  0.1753917 0.06572818
  0.1689129 0.06478735
  0.1625773 0.06385643
  0.1564059 0.06293513
  0.1504132 0.062021
  0.1446075 0.06111174
  0.1389928 0.06020453
  0.1335705 0.05929588
  0.1283397 0.05838304
  0.1232978 0.05746393
  0.1184404 0.05653835
  0.1137628 0.05560952
  0.1092607 0.05468104
  0.1049301 0.05375617
  0.1007668 0.05283759
  0.0967666 0.05192443
  0.09292459 0.05101371
  0.08923431 0.05010293
  0.08568849 0.04918999
  0.0822794 0.0482735
  0.07899816 0.04735715
  0.07583653 0.04644801
  0.07278809 0.04555231
  0.0698476 0.04467528
  0.06701036 0.04382124
  0.06427278 0.04299166
  0.06163384 0.04217948
  0.05909187 0.04137661
  0.05664408 0.04057623
  0.05428701 0.03977262
  0.05201684 0.03896101
  0.04982915 0.03813826
  0.04771712 0.03730808
  0.04567402 0.03647646
  0.04369432 0.03564869
  0.04177343 0.03482941
  0.03990748 0.03402267
  0.03809313 0.03323195
  0.03632845 0.03245854
  0.03461577 0.03169634
  0.03295765 0.03093804
  0.03135572 0.0301773
  0.02981086 0.02940861
  0.02832345 0.02862722
  0.02689344 0.02782896
  0.02551988 0.02701104
  0.02419625 0.02617879
  0.02291384 0.02534119
  0.02166505 0.02450633
  0.02044324 0.02368141
  0.01924263 0.02287286
  0.01805817 0.02208639
  0.01688607 0.02132633
  0.01573132 0.02058742
  0.01460394 0.01985853
  0.01351266 0.01912955
  0.01246502 0.01839139
  0.01146754 0.01763588
  0.01052587 0.01685565
  0.009644919 0.01604402
  0.008826665 0.01519713
  0.00806192 0.01432173
  0.007339274 0.01342703
  0.006648374 0.01252154
  0.005979799 0.01161317
  0.005324957 0.01070925
  0.004676014 0.009816623
  0.004025957 0.008941524
  0.003377582 0.008084466
  0.002748719 0.007237083
  0.00215705 0.006390734
  0.00161867 0.005537379
  0.001148259 0.004669525
  0.0007583881 0.003780578
  0.0004515542 0.002868556
  0.000224738 0.001934067
  7.509373e-05 0.0009777018
  2.848628e-05 0.0004928214
  0.0 0.0
  7.628576e-05 -0.0009879622
  0.0002266112 -0.001943479
  0.0004555404 -0.002882342
  0.0007653307 -0.003798505
  0.001159032 -0.004691358
  0.001633834 -0.005563039
  0.002176859 -0.006420297
  0.002773162 -0.007270752
  0.003406349 -0.008122588
  0.004058402 -0.008984601
  0.004711517 -0.009865099
  0.005363832 -0.010763
  0.006022559 -0.01167189
  0.006695694 -0.01258483
  0.007392012 -0.01349431
  0.008121141 -0.01439228
  0.008893666 -0.01527003
  0.009721258 -0.01611819
  0.0106124 -0.01693069
  0.01156443 -0.01771208
  0.01257229 -0.01846923
  0.01363016 -0.01920967
  0.01473133 -0.0199418
  0.01586802 -0.02067496
  0.0170312 -0.02141953
  0.01821071 -0.02218675
  0.01940295 -0.02298036
  0.02061213 -0.02379554
  0.0218435 -0.02462639
  0.02310304 -0.02546628
  0.02439761 -0.02630777
  0.02573509 -0.02714253
  0.02712441 -0.0279614
  0.02857115 -0.02876054
  0.03007588 -0.02954332
  0.0316386 -0.03031406
  0.03325886 -0.03107771
  0.03493561 -0.03184001
  0.03666707 -0.03260757
  0.03845043 -0.03338797
  0.04028401 -0.03418613
  0.04217038 -0.0349998
  0.04411301 -0.03582532
  0.04611598 -0.03665847
  0.04818411 -0.03749441
  0.05032328 -0.0383276
  0.05254055 -0.03915189
  0.05484232 -0.03996525
  0.05723278 -0.0407716
  0.05971578 -0.04157601
  0.06229466 -0.04238453
  0.06497205 -0.04320441
  0.06774925 -0.04404416
  0.07062779 -0.04490896
  0.07361183 -0.0457959
  0.07670626 -0.04670035
  0.07991669 -0.04761671
  0.08325009 -0.0485384
  0.08671531 -0.04945843
  0.09032098 -0.05037508
  0.09407482 -0.05129014
  0.09798397 -0.05220585
  0.1020546 -0.05312492
  0.1062914 -0.05405023
  0.1106984 -0.05498121
  0.11528 -0.0559148
  0.1200402 -0.05684758
  0.1249835 -0.05777583
  0.1301148 -0.05869718
  0.135438 -0.05961284
  0.1409552 -0.06052515
  0.1466664 -0.06143719
  0.1525694 -0.06235249
  0.1586589 -0.06327353
  0.1649243 -0.06420271
  0.1713482 -0.06514253
  0.1779081 -0.06608812
  0.1845845 -0.06701515
  0.1913684 -0.06789561
  0.1982637 -0.06870172
  0.2052841 -0.06942945
  0.2124359 -0.07010814
  0.2197108 -0.07077149
  0.2270838 -0.07145165
  0.2345238 -0.07213795
  0.2420145 -0.0727909
  0.2495593 -0.07337076
  0.2571815 -0.07384728
  0.2649067 -0.07423566
  0.2727451 -0.07456509
  0.2806878 -0.07486626
  0.2887067 -0.07515897
  0.2967728 -0.07543733
  0.304867 -0.07569246
  0.3129819 -0.07591603
  0.3211182 -0.07610442
  0.3292744 -0.07625801
  0.3374436 -0.07637729
  0.3456139 -0.0764618
  0.3537727 -0.07650312
  0.3619156 -0.07648909
  0.3700469 -0.07640768
  0.3781796 -0.07624968
  0.3863279 -0.0760205
  0.3944981 -0.07573004
  0.4026882 -0.07538857
  0.4108874 -0.07500387
  0.4190849 -0.07457264
  0.4272777 -0.07408873
  0.4354717 -0.07354544
  0.4436807 -0.07294044
  0.4519167 -0.07228695
  0.4601793 -0.07160229
  0.4684543 -0.07090528
  0.4767148 -0.07020509
  0.4849363 -0.06948154
  0.493111 -0.06870887
  0.5012479 -0.06786046
  0.509371 -0.06691872
  0.5175067 -0.06589203
  0.5256724 -0.06479348
  0.533875 -0.06363753
  0.5421112 -0.06243986
  0.5503739 -0.06121564
  0.5586547 -0.05998029
  0.5669453 -0.05874948
  0.5752359 -0.05753031
  0.583517 -0.0563104
  0.5917837 -0.05507417
  0.6000364 -0.0538055
  0.6082806 -0.05249602
  0.61652 -0.05115154
  0.6247517 -0.04978035
  0.6329655 -0.04839218
  0.6411482 -0.04700437
  0.6492922 -0.04564119
  0.6573978 -0.04432534
  0.665472 -0.04307563
  0.6735217 -0.04187741
  0.6815515 -0.04069073
  0.6895664 -0.03947545
  0.697573 -0.03819662
  0.7055816 -0.03686001
  0.7135968 -0.03549206
  0.7216132 -0.03412121
  0.7296167 -0.03277588
  0.7375938 -0.03147865
  0.7455417 -0.03024855
  0.7534684 -0.02910138
  0.7613857 -0.02802223
  0.7692996 -0.02696273
  0.7772121 -0.02587352
  0.7851228 -0.02471752
  0.7930377 -0.02351584
  0.8009646 -0.02230751
  0.8089114 -0.02113014
  0.8168786 -0.01999142
  0.8248546 -0.0188749
  0.8328171 -0.01776524
  0.8407407 -0.01666953
  0.8486144 -0.01562133
  0.8564435 -0.01465179
  0.8642404 -0.01375223
  0.8720093 -0.01286259
  0.879747 -0.0119237
  0.8874528 -0.01093657
  0.8951361 -0.009960387
  0.9028103 -0.009045964
  0.910476 -0.008181481
  0.9181113 -0.007332333
  0.9256856 -0.006507977
  0.9331954 -0.005782044
  0.940666 -0.00519002
  0.9481173 -0.004628854
  0.9555545 -0.003993152
  0.9629708 -0.003300205
  0.9703427 -0.002634528
  0.9776798 -0.002135576
  0.985018 -0.001632701
  0.9924122 -0.001059534
  0.99891 -0.0004
