 GIII BL207 AIRFOIL
  0.9999945 0.00018
  0.9970183 0.0005315234
  0.9934195 0.0009565845
  0.9896245 0.001404815
  0.9856134 0.001878549
  0.9813653 0.002380286
  0.9768581 0.002912599
  0.972071 0.003477962
  0.9669865 0.004078436
  0.9615948 0.004715183
  0.9558994 0.005387777
  0.9499247 0.006093344
  0.9437726 0.006819847
  0.9377176 0.007534866
  0.9317373 0.008241078
  0.9257777 0.008944865
  0.9197991 0.009650936
  0.9137731 0.01036263
  0.9076828 0.01108198
  0.9015238 0.01180952
  0.8953358 0.01254056
  0.8891825 0.01326756
  0.8830488 0.01399223
  0.87692 0.01471629
  0.8707848 0.015441
  0.8646353 0.01616724
  0.8584673 0.01689549
  0.8522797 0.01762579
  0.846078 0.01835747
  0.8398824 0.01908821
  0.8336929 0.01981822
  0.827505 0.0205482
  0.8213154 0.02127873
  0.8151213 0.02201031
  0.8089214 0.02274331
  0.8027181 0.0234776
  0.7965209 0.02421225
  0.7903295 0.02494697
  0.784143 0.02568108
  0.7779604 0.0264139
  0.7717809 0.02714473
  0.7656038 0.02787287
  0.7594284 0.02859758
  0.7532543 0.02931814
  0.7470812 0.03003379
  0.7409087 0.03074395
  0.7347368 0.03144826
  0.7285657 0.03214632
  0.7223956 0.03283774
  0.7162269 0.03352211
  0.7100602 0.034199
  0.7038963 0.03486797
  0.697736 0.03552857
  0.6915804 0.03618025
  0.68543 0.03682234
  0.6792851 0.03745421
  0.6731451 0.03807529
  0.6670092 0.03868506
  0.6608759 0.03928305
  0.6547431 0.03986884
  0.6486085 0.04044201
  0.6424691 0.0410026
  0.6363224 0.04155163
  0.6301668 0.04209023
  0.6240015 0.04261945
  0.6178267 0.04314026
  0.6116437 0.04365356
  0.6054544 0.0441602
  0.5992621 0.04466094
  0.5930706 0.04515608
  0.5868837 0.0456442
  0.5807044 0.04612361
  0.5745348 0.04659268
  0.5683758 0.04704988
  0.5622278 0.04749378
  0.5560901 0.04792303
  0.5499611 0.04833632
  0.5438387 0.04873259
  0.5377204 0.0491117
  0.531604 0.04947379
  0.5254876 0.04981896
  0.51937 0.05014728
  0.5132499 0.05045876
  0.5071265 0.05075341
  0.5009996 0.0510312
  0.494869 0.05129211
  0.4887348 0.05153637
  0.4825973 0.05176435
  0.4764566 0.05197643
  0.4703128 0.052173
  0.464166 0.05235442
  0.4580164 0.05252111
  0.4518639 0.05267343
  0.4457086 0.05281178
  0.4395506 0.05293653
  0.4333897 0.05304802
  0.4272261 0.05314661
  0.4210598 0.05323265
  0.414891 0.05330649
  0.4087198 0.05336848
  0.4025462 0.05341898
  0.3963707 0.05345833
  0.3901932 0.05348672
  0.3840143 0.05350418
  0.3778342 0.05351071
  0.3716535 0.05350633
  0.3654727 0.05349103
  0.3592926 0.05346486
  0.3531138 0.05342782
  0.3469373 0.05337994
  0.3407641 0.05332099
  0.3345948 0.05325037
  0.32843 0.05316743
  0.3222702 0.05307156
  0.3161153 0.05296212
  0.3099654 0.05283848
  0.30382 0.05270002
  0.2976788 0.0525461
  0.2915408 0.05237618
  0.2854056 0.05218996
  0.2792727 0.05198715
  0.2731419 0.05176746
  0.2670132 0.05153062
  0.2608868 0.05127635
  0.2547631 0.05100441
  0.2486427 0.05071455
  0.2425264 0.05040642
  0.236415 0.05007934
  0.2303094 0.04973258
  0.2242102 0.0493654
  0.2181179 0.04897706
  0.2120329 0.04856684
  0.2059556 0.04813401
  0.1998862 0.04767784
  0.1938247 0.0471976
  0.1877713 0.04669255
  0.1817259 0.04616196
  0.1756887 0.04560508
  0.1696595 0.04502116
  0.1636384 0.04440947
  0.1576252 0.04376925
  0.1516199 0.04309976
  0.1456221 0.04240021
  0.1396321 0.04166974
  0.1336501 0.04090746
  0.1276768 0.04011253
  0.1217135 0.03928417
  0.1157614 0.03842167
  0.1098225 0.03752443
  0.1038989 0.03659192
  0.09799307 0.03562373
  0.09210796 0.03461906
  0.08624739 0.03357624
  0.0804157 0.0324937
  0.0746176 0.03137013
  0.06885854 0.03020379
  0.06314807 0.028991
  0.05750258 0.02772941
  0.05194419 0.02641912
  0.04649909 0.02506234
  0.04120451 0.02365778
  0.03611335 0.02220617
  0.03128062 0.02071627
  0.02675039 0.01920215
  0.02254932 0.01767899
  0.01874198 0.01616467
  0.01546206 0.014716
  0.01274743 0.01338659
  0.0105223 0.01218788
  0.008692541 0.01110397
  0.007170582 0.01011117
  0.00587838 0.00917605
  0.004751695 0.008258363
  0.003769224 0.007360093
  0.002933586 0.006504705
  0.00223086 0.005696565
  0.001643763 0.004931389
  0.001157893 0.004203089
  0.0007625095 0.003505785
  0.0004501126 0.002834252
  0.0002159209 0.0021839
  5.752082e-05 0.001550628
  -2.527184e-05 0.0009306357
  -3.030687e-05 0.0003202185
  4.708088e-05 -0.0002844782
  0.000208757 -0.0008875564
  0.0004531814 -0.001492828
  0.000781256 -0.002103707
  0.001196539 -0.002723355
  0.001705411 -0.003354698
  0.002317422 -0.004000206
  0.003045586 -0.004661147
  0.0039057 -0.005335524
  0.00491143 -0.006012635
  0.006063173 -0.006667264
  0.007378438 -0.007301118
  0.008905772 -0.007956322
  0.01070585 -0.00865254
  0.01284695 -0.009386245
  0.01540911 -0.01014528
  0.01848125 -0.01091261
  0.02210922 -0.01166216
  0.0262592 -0.01237388
  0.03090385 -0.01304852
  0.03603277 -0.01367752
  0.04157593 -0.01425661
  0.0474093 -0.01479571
  0.05340089 -0.01532014
  0.05945811 -0.01584026
  0.06552283 -0.0163453
  0.07156589 -0.01682639
  0.0775882 -0.01727747
  0.08361292 -0.01769849
  0.08966225 -0.01809479
  0.09574885 -0.01847123
  0.1018752 -0.01883204
  0.1080343 -0.01917991
  0.1142164 -0.01951538
  0.1204131 -0.01983896
  0.1266173 -0.02015126
  0.132824 -0.02045308
  0.1390295 -0.02074533
  0.1452322 -0.02102899
  0.151432 -0.02130515
  0.1576306 -0.02157479
  0.1638301 -0.02183847
  0.1700319 -0.02209669
  0.1762374 -0.02234989
  0.1824471 -0.02259854
  0.1886614 -0.02284304
  0.19488 -0.0230838
  0.2011022 -0.02332122
  0.2073269 -0.02355557
  0.2135531 -0.02378684
  0.2197797 -0.02401495
  0.2260061 -0.02423988
  0.2322319 -0.02446157
  0.2384569 -0.02468001
  0.2446813 -0.02489517
  0.2509053 -0.02510705
  0.2571294 -0.02531574
  0.2633543 -0.02552168
  0.2695806 -0.02572537
  0.2758088 -0.02592728
  0.2820394 -0.02612792
  0.2882728 -0.02632777
  0.2945094 -0.02652731
  0.3007494 -0.02672704
  0.3069932 -0.02692735
  0.3132365 -0.02712813
  0.3194765 -0.02732926
  0.325714 -0.02753073
  0.3319503 -0.02773257
  0.3381874 -0.02793479
  0.3444274 -0.02813743
  0.350671 -0.02834048
  0.3569074 -0.0285432
  0.3631324 -0.02874377
  0.3693442 -0.02894019
  0.3755419 -0.0291305
  0.3817258 -0.02931284
  0.3878969 -0.02948535
  0.3940571 -0.02964626
  0.4002092 -0.02979377
  0.406357 -0.02992651
  0.4125039 -0.03004467
  0.4186529 -0.03014887
  0.4248061 -0.03023969
  0.4309649 -0.0303177
  0.4371297 -0.03038343
  0.4433004 -0.03043742
  0.4494758 -0.0304802
  0.4556542 -0.03051222
  0.4618333 -0.0305334
  0.4680115 -0.03054347
  0.4741875 -0.03054215
  0.4803607 -0.03052919
  0.4865307 -0.03050432
  0.4926979 -0.0304673
  0.498863 -0.03041784
  0.5050272 -0.03035572
  0.511192 -0.03028103
  0.5173585 -0.03019405
  0.5235273 -0.03009505
  0.5296989 -0.02998431
  0.5358731 -0.02986211
  0.5420493 -0.02972875
  0.5482266 -0.02958453
  0.5544037 -0.02942976
  0.5605789 -0.02926439
  0.5667512 -0.0290881
  0.5729198 -0.02890058
  0.5790846 -0.02870151
  0.5852458 -0.02849055
  0.5914043 -0.02826733
  0.5975613 -0.02803148
  0.6037185 -0.02778259
  0.6098781 -0.02752075
  0.6160416 -0.02724653
  0.6222101 -0.02696049
  0.6283838 -0.02666327
  0.6345626 -0.0263555
  0.6407456 -0.02603786
  0.6469311 -0.0257111
  0.653117 -0.02537596
  0.6593006 -0.02503269
  0.6654797 -0.02468086
  0.671653 -0.02431997
  0.6778201 -0.0239495
  0.683981 -0.02356885
  0.6901371 -0.02317741
  0.6962902 -0.02277447
  0.702443 -0.02235929
  0.7085988 -0.02193193
  0.7147609 -0.02149372
  0.7209316 -0.02104618
  0.7271124 -0.02059086
  0.7333041 -0.02012939
  0.7395067 -0.0196635
  0.7457191 -0.01919499
  0.7519396 -0.01872573
  0.7581657 -0.01825703
  0.7643947 -0.01778908
  0.7706248 -0.01732187
  0.7768548 -0.01685532
  0.7830841 -0.01638934
  0.7893127 -0.01592377
  0.7955415 -0.0154584
  0.8017717 -0.01499298
  0.8080007 -0.01452761
  0.814225 -0.01406254
  0.8204442 -0.01359781
  0.8266592 -0.01313338
  0.8328718 -0.0126691
  0.8390851 -0.01220476
  0.845303 -0.01174006
  0.8515298 -0.01127471
  0.8577487 -0.01080996
  0.8639482 -0.01034667
  0.8701284 -0.009884832
  0.876293 -0.009424161
  0.8824494 -0.008964112
  0.8886084 -0.008503873
  0.8947845 -0.008042357
  0.9009949 -0.007578277
  0.9071876 -0.00711552
  0.9133117 -0.006657891
  0.9193698 -0.006205192
  0.9253778 -0.005756233
  0.9313633 -0.005308962
  0.9373654 -0.004860446
  0.9434375 -0.004406695
  0.949615 -0.003945079
  0.9556318 -0.003495465
  0.961369 -0.003066745
  0.9668002 -0.002660893
  0.9719207 -0.002278257
  0.97674 -0.001918131
  0.9812755 -0.001579204
  0.9855487 -0.001259892
  0.9895815 -0.0009585355
  0.9933955 -0.0006735244
  0.997011 -0.0004033536
  1.0 -0.00018
