 GIII BL430 AIRFOIL
  1.0 0.0001799
  0.9968049 0.000517948
  0.9929355 0.0009272118
  0.9888472 0.001359473
  0.9845163 0.001817217
  0.9799168 0.00230316
  0.9750212 0.002820173
  0.969802 0.003371115
  0.9642347 0.003958516
  0.9583031 0.004584039
  0.9520068 0.005247671
  0.9453707 0.005946736
  0.938449 0.006675704
  0.931315 0.007427218
  0.9240484 0.008193324
  0.9167214 0.00896686
  0.9093881 0.009742576
  0.9020783 0.01051775
  0.8947969 0.01129229
  0.8875336 0.01206804
  0.8802775 0.01284702
  0.8730197 0.01363106
  0.8657533 0.01442179
  0.8584732 0.01522071
  0.8511762 0.01602908
  0.8438609 0.01684778
  0.836527 0.01767617
  0.8291746 0.01851308
  0.8218041 0.01935729
  0.8144163 0.02020752
  0.8070121 0.02106242
  0.7995931 0.0219206
  0.792161 0.02278091
  0.784719 0.02364298
  0.7772711 0.02450642
  0.7698232 0.02537067
  0.7623823 0.02623504
  0.7549568 0.02709864
  0.7475559 0.02796046
  0.7401891 0.02881817
  0.7328623 0.02966833
  0.7255772 0.03050797
  0.7183313 0.03133472
  0.7111187 0.03214668
  0.7039299 0.03294236
  0.696752 0.03372076
  0.6895709 0.03448311
  0.6823749 0.0352321
  0.6751564 0.03597
  0.667911 0.03669867
  0.6606385 0.03741962
  0.6533426 0.03813398
  0.6460312 0.03884241
  0.6387145 0.03954405
  0.6314006 0.04023741
  0.6240953 0.04092125
  0.6168013 0.04159464
  0.6095191 0.04225689
  0.6022463 0.04290755
  0.5949782 0.04354652
  0.587709 0.04417459
  0.5804337 0.04479283
  0.5731486 0.04540217
  0.5658507 0.04600344
  0.5585381 0.04659739
  0.5512101 0.04718467
  0.543867 0.04776584
  0.53651 0.04834117
  0.5291414 0.04891088
  0.5217643 0.04947508
  0.5143827 0.05003386
  0.5070017 0.05058724
  0.4996272 0.05113519
  0.4922655 0.05167719
  0.4849216 0.05221193
  0.477598 0.05273819
  0.4702945 0.05325494
  0.4630089 0.05376136
  0.4557364 0.05425675
  0.44847 0.05474059
  0.4412018 0.05521288
  0.4339269 0.05567402
  0.426645 0.05612414
  0.4193611 0.05656306
  0.412085 0.05699038
  0.4048313 0.05740544
  0.3976187 0.05780733
  0.3904669 0.05819281
  0.383388 0.05855703
  0.3763859 0.0588959
  0.3694565 0.05920598
  0.3625894 0.05948427
  0.3557689 0.05972801
  0.3489735 0.05993453
  0.3421787 0.06010354
  0.3353628 0.06023791
  0.3285103 0.06034034
  0.3216114 0.06041325
  0.3146627 0.06045896
  0.3076677 0.06047985
  0.3006378 0.06047848
  0.2935915 0.06045664
  0.2865473 0.06041351
  0.2795186 0.06034799
  0.2725128 0.06025906
  0.2655316 0.06014573
  0.2585712 0.06000693
  0.2516227 0.05984143
  0.2446722 0.05964816
  0.2377063 0.05942769
  0.2307168 0.0591811
  0.2237017 0.05890963
  0.2166654 0.05861479
  0.2096191 0.05829851
  0.2025807 0.05796317
  0.1955741 0.05761105
  0.1886239 0.05724059
  0.1817478 0.05684871
  0.1749563 0.05643237
  0.1682531 0.05598859
  0.1616367 0.05551435
  0.1551007 0.05500651
  0.1486351 0.05446174
  0.1422288 0.05387723
  0.1358761 0.05325139
  0.1295785 0.05258337
  0.1233441 0.05187319
  0.1171861 0.05112189
  0.111122 0.05033161
  0.1051721 0.04950557
  0.09935761 0.04864794
  0.09369976 0.0477623
  0.0882205 0.04685124
  0.0829402 0.04591846
  0.07787531 0.04496858
  0.073037 0.04400639
  0.06843154 0.04303445
  0.06406034 0.04205426
  0.05992007 0.04106776
  0.05600359 0.04007705
  0.05230099 0.03908418
  0.04880082 0.03809091
  0.04549383 0.03709724
  0.04237419 0.03610336
  0.03943666 0.03511078
  0.03667514 0.03412167
  0.03408233 0.03313836
  0.03164969 0.03216307
  0.02936779 0.0311977
  0.02722671 0.03024375
  0.02521643 0.02930237
  0.02332828 0.0283732
  0.02155561 0.02745403
  0.01989155 0.02654291
  0.01832915 0.02563838
  0.01686161 0.02473927
  0.01548244 0.02384469
  0.01418551 0.02295394
  0.01296514 0.02206648
  0.01181675 0.02118178
  0.01073802 0.02029903
  0.009726524 0.0194172
  0.008779568 0.01853513
  0.007894417 0.01765166
  0.007067746 0.01676541
  0.006294731 0.01587496
  0.005571428 0.01498
  0.004895061 0.01408145
  0.0042655 0.01318254
  0.003683159 0.01228668
  0.003147657 0.01139623
  0.002658117 0.01051271
  0.002213392 0.009636995
  0.00181223 0.008769493
  0.001453385 0.007910251
  0.001135689 0.007059053
  0.0008580991 0.006215495
  0.0006197331 0.005379024
  0.0004198875 0.004548978
  0.0002580552 0.003724606
  0.0001339392 0.002905081
  4.746651e-05 0.002089507
  -1.194885e-06 0.001276916
  -1.161469e-05 0.000466264
  1.690509e-05 -0.0003435532
  8.461084e-05 -0.001152839
  0.0001911437 -0.001960779
  0.0003364045 -0.002766365
  0.0005205836 -0.003568437
  0.0007441414 -0.004365663
  0.001007797 -0.005156503
  0.001312521 -0.00593918
  0.001659535 -0.006711636
  0.00205031 -0.007471485
  0.00248657 -0.008215954
  0.002970294 -0.008941821
  0.003503715 -0.009645337
  0.004089318 -0.01032213
  0.004729824 -0.01096714
  0.005427022 -0.01157619
  0.006178189 -0.01215143
  0.006978909 -0.01269699
  0.007824425 -0.01321704
  0.008713457 -0.01371201
  0.009646733 -0.01418016
  0.01062513 -0.0146196
  0.0116497 -0.01502824
  0.01272186 -0.01540377
  0.01384446 -0.01574506
  0.01502182 -0.0160521
  0.01625881 -0.01632501
  0.017561 -0.016564
  0.01893459 -0.01676955
  0.02038646 -0.01694251
  0.021924 -0.01708443
  0.02355478 -0.01719791
  0.02528586 -0.01728714
  0.0271251 -0.0173545
  0.02908304 -0.0173984
  0.03117097 -0.01741711
  0.03340055 -0.01740943
  0.03578342 -0.01737499
  0.03833086 -0.0173148
  0.04105346 -0.01723191
  0.0439615 -0.0171322
  0.04706642 -0.01702521
  0.0503844 -0.01692511
  0.05394121 -0.01684513
  0.05776933 -0.0167882
  0.06190448 -0.01675548
  0.06638291 -0.01674725
  0.07123533 -0.01676205
  0.07647535 -0.01679548
  0.08208581 -0.0168442
  0.08802061 -0.01691045
  0.094217 -0.01699669
  0.1006152 -0.01710506
  0.1071777 -0.01723713
  0.1138794 -0.01739302
  0.1206953 -0.0175722
  0.1276014 -0.01777377
  0.1345765 -0.01799658
  0.1416039 -0.01823933
  0.1486726 -0.01850072
  0.1557781 -0.01877931
  0.1629195 -0.0190724
  0.170096 -0.01937669
  0.1773061 -0.01968875
  0.1845472 -0.02000498
  0.1918161 -0.02032169
  0.1991086 -0.02063503
  0.2064195 -0.02094161
  0.2137435 -0.02124044
  0.2210757 -0.0215313
  0.228412 -0.02181401
  0.2357493 -0.02208846
  0.2430849 -0.02235455
  0.2504172 -0.02261225
  0.2577455 -0.02286146
  0.2650693 -0.02310193
  0.2723886 -0.02333337
  0.279704 -0.02355552
  0.287016 -0.0237681
  0.2943257 -0.02397087
  0.3016344 -0.02416357
  0.3089438 -0.02434614
  0.3162552 -0.02451883
  0.3235698 -0.02468191
  0.330888 -0.02483561
  0.3382103 -0.02498019
  0.3455364 -0.02511587
  0.3528657 -0.02524288
  0.3601974 -0.02536125
  0.3675302 -0.02547083
  0.3748626 -0.02557149
  0.3821929 -0.02566308
  0.389519 -0.02574545
  0.3968387 -0.02581847
  0.4041495 -0.025882
  0.4114491 -0.02593559
  0.4187363 -0.02597861
  0.4260113 -0.02601042
  0.4332754 -0.02603043
  0.4405313 -0.02603801
  0.4477829 -0.02603254
  0.4550352 -0.02601346
  0.4622936 -0.02598111
  0.4695619 -0.02593622
  0.4768424 -0.02587951
  0.4841355 -0.02581171
  0.4914401 -0.02573358
  0.4987531 -0.02564591
  0.5060697 -0.02554937
  0.5133848 -0.02544365
  0.520694 -0.02532818
  0.5279941 -0.02520237
  0.5352832 -0.02506563
  0.5425603 -0.02491739
  0.5498257 -0.02475705
  0.5570807 -0.02458414
  0.5643274 -0.02439871
  0.5715693 -0.02420088
  0.5788107 -0.02399071
  0.5860568 -0.0237682
  0.593314 -0.02353329
  0.6005899 -0.02328581
  0.6078927 -0.02302593
  0.6152286 -0.02275483
  0.6225989 -0.02247402
  0.6299996 -0.02218528
  0.6374211 -0.02189063
  0.6448484 -0.02159242
  0.6522607 -0.02129318
  0.6596342 -0.0209932
  0.6669513 -0.02068936
  0.6742034 -0.02037814
  0.6813906 -0.02005591
  0.6885202 -0.01971887
  0.6956065 -0.01936296
  0.7026695 -0.01898388
  0.7097341 -0.01858047
  0.716822 -0.01815556
  0.7239502 -0.01771238
  0.7311305 -0.0172545
  0.7383691 -0.01678596
  0.7456659 -0.01631145
  0.7530142 -0.01583618
  0.7604012 -0.01536317
  0.7678141 -0.01489237
  0.7752425 -0.01442341
  0.7826788 -0.01395568
  0.7901187 -0.01348838
  0.7975604 -0.01302053
  0.8050056 -0.01255102
  0.8124571 -0.01207951
  0.8199168 -0.01160626
  0.8273841 -0.01113162
  0.8348567 -0.01065611
  0.8423301 -0.01018036
  0.8497977 -0.009705153
  0.8572513 -0.009231273
  0.864684 -0.008759133
  0.8720927 -0.008288817
  0.8794782 -0.007820155
  0.8868456 -0.007352732
  0.8942033 -0.0068859
  0.9015637 -0.006418772
  0.9089401 -0.005950454
  0.9163305 -0.005481136
  0.9237071 -0.005012656
  0.9310173 -0.004548423
  0.9381901 -0.004093029
  0.9451464 -0.003651542
  0.9518134 -0.003228629
  0.9581372 -0.002827714
  0.9640932 -0.002450319
  0.9696824 -0.002096348
  0.9749215 -0.001764707
  0.9798353 -0.001453796
  0.9844516 -0.001161831
  0.9887981 -0.0008870372
  0.9929011 -0.0006277393
  0.9967843 -0.0003824117
  0.9999909 -0.0001799
