GOE 182 (MVA H.27) AIRFOIL
  1.0 0.00075
  0.9967463 0.001367172
  0.9928079 0.002117569
  0.98865 0.002913731
  0.9842508 0.003760539
  0.9795872 0.004663233
  0.974636 0.005627207
  0.9693762 0.006657602
  0.9637925 0.007758599
  0.9578807 0.00893233
  0.9516547 0.01017739
  0.9451536 0.011487
  0.9384412 0.01284663
  0.9315926 0.01423717
  0.9246815 0.01563911
  0.9177695 0.01703523
  0.9108988 0.01841232
  0.9040902 0.01976185
  0.8973453 0.02107953
  0.8906508 0.02236604
  0.8839914 0.02362515
  0.8773538 0.02486029
  0.8707264 0.02607439
  0.8640993 0.02726998
  0.8574636 0.02844922
  0.8508118 0.029614
  0.8441375 0.03076591
  0.8374354 0.0319063
  0.8307014 0.03303632
  0.8239325 0.03415685
  0.8171272 0.03526858
  0.8102851 0.03637199
  0.8034076 0.03746731
  0.7964973 0.03855457
  0.7895586 0.03963401
  0.7825961 0.0407063
  0.7756142 0.0417722
  0.7686172 0.04283257
  0.7616092 0.04388833
  0.754594 0.04494044
  0.7475753 0.04598996
  0.7405563 0.04703797
  0.7335401 0.0480856
  0.7265293 0.04913403
  0.7195263 0.0501845
  0.7125331 0.05123824
  0.7055515 0.05229654
  0.698583 0.05336071
  0.6916284 0.05443133
  0.6846882 0.05550667
  0.6777623 0.05658463
  0.6708506 0.05766318
  0.6639526 0.05874035
  0.6570674 0.05981424
  0.6501941 0.060883
  0.6433315 0.06194485
  0.6364781 0.06299805
  0.6296321 0.06404092
  0.6227916 0.06507181
  0.6159546 0.06608911
  0.6091184 0.06709124
  0.6022807 0.06807664
  0.5954383 0.06904384
  0.5885886 0.06999266
  0.5817293 0.07092416
  0.5748582 0.07183934
  0.5679741 0.07273917
  0.5610755 0.07362452
  0.5541619 0.07449623
  0.547233 0.07535509
  0.5402887 0.07620184
  0.5333298 0.07703716
  0.5263573 0.07786171
  0.5193725 0.07867611
  0.5123776 0.07948092
  0.505375 0.0802767
  0.4983676 0.08106392
  0.4913588 0.08184262
  0.4843518 0.08261133
  0.4773498 0.08336831
  0.4703556 0.0841119
  0.4633717 0.08484048
  0.4564004 0.0855525
  0.4494438 0.08624645
  0.4425038 0.08692092
  0.4355819 0.08757454
  0.4286794 0.088206
  0.4217975 0.08881406
  0.414937 0.08939754
  0.4080986 0.08995532
  0.4012826 0.09048631
  0.3944895 0.09098956
  0.387719 0.09146491
  0.3809708 0.09191284
  0.3742435 0.09233383
  0.367535 0.09272842
  0.3608426 0.09309712
  0.354163 0.09344042
  0.3474922 0.09375883
  0.3408255 0.09405278
  0.3341575 0.09432267
  0.3274822 0.09456886
  0.3207925 0.09479163
  0.3140809 0.09499118
  0.3073384 0.09516765
  0.3005552 0.09532105
  0.29372 0.09545112
  0.2868217 0.09555567
  0.2798528 0.09563125
  0.2728109 0.09567404
  0.2656995 0.09568
  0.2585472 0.0956452
  0.2514259 0.09556682
  0.2443213 0.09544213
  0.2372033 0.09526758
  0.2300555 0.09503926
  0.2229823 0.09475798
  0.2160428 0.09442562
  0.2092761 0.09404505
  0.2027154 0.09362031
  0.1963863 0.09315618
  0.1903047 0.09265274
  0.1844675 0.0921034
  0.1788539 0.09150157
  0.173434 0.09084063
  0.1681732 0.09011334
  0.1630349 0.08931115
  0.1579803 0.08842339
  0.1529675 0.08743616
  0.1479485 0.08633056
  0.142865 0.08508573
  0.1376535 0.08368827
  0.1322548 0.0821245
  0.1266181 0.08038149
  0.1207119 0.07845319
  0.1145473 0.07635164
  0.1082102 0.07412228
  0.1018798 0.07185266
  0.09579035 0.06965303
  0.09011994 0.06757242
  0.08488409 0.06557748
  0.0800014 0.0636129
  0.07536353 0.06161696
  0.07085143 0.059521
  0.06633963 0.05727487
  0.06173892 0.05485445
  0.0570169 0.05226398
  0.0522235 0.04955929
  0.04750651 0.04685963
  0.04306445 0.04428957
  0.03901322 0.04189813
  0.03536013 0.03968138
  0.03206558 0.03761513
  0.02907959 0.03567177
  0.02635572 0.03382627
  0.02385478 0.03205749
  0.02153906 0.03034211
  0.01938261 0.02866355
  0.01738134 0.02702587
  0.01553643 0.02544217
  0.01384444 0.02392459
  0.0122954 0.02247975
  0.0108781 0.02111004
  0.009590517 0.01981811
  0.008425188 0.01860026
  0.007370717 0.01744923
  0.006415616 0.01635728
  0.0055496 0.01531725
  0.004763878 0.01432285
  0.004051078 0.01336869
  0.003405068 0.01245018
  0.002820768 0.01156339
  0.002293973 0.01070494
  0.001821214 0.009871932
  0.001399643 0.009061826
  0.001026943 0.008272406
  0.0007012515 0.007501711
  0.0004211131 0.006747994
  0.0001854336 0.00600968
  -6.547416e-06 0.005285342
  -0.0001552761 0.004573668
  -0.0002608948 0.003873443
  -0.0003232427 0.003183525
  -0.0003418491 0.002502828
  -0.0003159158 0.001830308
  -0.0002442889 0.001164938
  -0.0001254173 0.0005056972
  4.269756e-05 -0.0001484509
  0.0002614068 -0.0007984948
  0.000530139 -0.00144522
  0.0008484406 -0.002089288
  0.001216242 -0.002731259
  0.001633843 -0.003371595
  0.002101902 -0.004010661
  0.002621444 -0.004648716
  0.003193868 -0.005285893
  0.003820967 -0.005922178
  0.004504951 -0.006557368
  0.005248473 -0.007191014
  0.006054654 -0.007822334
  0.006927091 -0.008450084
  0.00786984 -0.009072381
  0.008887324 -0.009686419
  0.009984107 -0.01028806
  0.0111644 -0.01087125
  0.01243109 -0.0114271
  0.01378529 -0.01194392
  0.01523429 -0.0124143
  0.01678975 -0.01283374
  0.01846479 -0.01319866
  0.0202741 -0.01350749
  0.02223413 -0.01376227
  0.02436375 -0.01397114
  0.02668565 -0.01415019
  0.02922461 -0.01430539
  0.03200393 -0.01443001
  0.03504338 -0.01451578
  0.03835516 -0.01455354
  0.04193996 -0.01453418
  0.04578588 -0.01444986
  0.04987371 -0.01429504
  0.05419097 -0.01406779
  0.05873989 -0.01377602
  0.06351986 -0.01343619
  0.06852096 -0.013073
  0.07372223 -0.01271983
  0.07909089 -0.0124133
  0.08458258 -0.01215004
  0.09015534 -0.01189873
  0.09578056 -0.0116236
  0.1014478 -0.011286
  0.1071666 -0.01086005
  0.1129566 -0.01035092
  0.1188363 -0.009767979
  0.1248224 -0.009121398
  0.1309294 -0.008422724
  0.137168 -0.00768553
  0.1435445 -0.006926037
  0.1500582 -0.006163651
  0.1566995 -0.005416862
  0.1634514 -0.004688415
  0.1702954 -0.00397617
  0.1772126 -0.003277292
  0.1841853 -0.002588301
  0.191197 -0.00190514
  0.1982335 -0.001223256
  0.2052835 -0.0005382353
  0.2123379 0.0001497839
  0.2193896 0.0008382758
  0.2264323 0.001524811
  0.2334612 0.002207098
  0.2404726 0.002882996
  0.2474641 0.003550515
  0.2544344 0.004207818
  0.2613835 0.004853213
  0.2683123 0.005485139
  0.2752228 0.006102153
  0.2821181 0.006702912
  0.289002 0.007286153
  0.2958796 0.007850672
  0.3027568 0.008395338
  0.30964 0.00892034
  0.3165353 0.009427408
  0.3234475 0.00991826
  0.3303809 0.01039452
  0.3373385 0.01085774
  0.3443226 0.0113094
  0.3513343 0.01175095
  0.3583739 0.01218379
  0.3654403 0.01260929
  0.3725313 0.01302878
  0.3796436 0.01344357
  0.3867724 0.01385493
  0.3939118 0.01426409
  0.4010544 0.01467223
  0.408192 0.01507945
  0.4153166 0.01548348
  0.4224218 0.01588179
  0.4295024 0.01627201
  0.4365545 0.01665185
  0.4435754 0.01701922
  0.4505637 0.0173721
  0.4575192 0.01770864
  0.4644426 0.01802706
  0.4713357 0.01832571
  0.4782013 0.01860298
  0.4850428 0.0188573
  0.4918647 0.01908716
  0.4986722 0.01929101
  0.5054713 0.01946758
  0.5122681 0.01961743
  0.519068 0.01974177
  0.5258759 0.01984173
  0.5326955 0.01991836
  0.5395304 0.01997265
  0.546383 0.02000559
  0.5532554 0.02001812
  0.5601487 0.02001118
  0.5670633 0.01998574
  0.5739989 0.01994278
  0.5809541 0.01988331
  0.5879269 0.01980837
  0.5949143 0.01971906
  0.6019125 0.01961654
  0.6089166 0.01950139
  0.6159224 0.01937331
  0.622926 0.01923189
  0.6299242 0.01907676
  0.6369146 0.01890755
  0.6438954 0.01872389
  0.6508655 0.01852541
  0.6578244 0.01831174
  0.6647724 0.01808249
  0.6717102 0.01783724
  0.6786393 0.01757556
  0.6855618 0.01729698
  0.6924802 0.01700096
  0.6993979 0.01668694
  0.7063186 0.01635456
  0.7132465 0.01600469
  0.7201849 0.01563862
  0.7271368 0.01525763
  0.7341044 0.01486303
  0.7410893 0.01445618
  0.7480926 0.01403849
  0.7551148 0.01361143
  0.7621553 0.01317653
  0.7692134 0.0127354
  0.776287 0.01228972
  0.7833739 0.01184124
  0.7904706 0.01139179
  0.7975731 0.01094325
  0.8046766 0.01049745
  0.8117759 0.01005483
  0.8188669 0.00961498
  0.8259463 0.009177374
  0.8330119 0.008741437
  0.8400626 0.008306534
  0.8470984 0.007871979
  0.8541202 0.007437029
  0.8611299 0.007000892
  0.8681302 0.006562721
  0.8751248 0.006121612
  0.8821185 0.005676597
  0.8891168 0.005226635
  0.8961263 0.004770604
  0.9031548 0.004307368
  0.9102078 0.003838364
  0.9172772 0.003368726
  0.9243366 0.002904993
  0.9313422 0.002454683
  0.9382371 0.002025661
  0.944958 0.001625252
  0.9514445 0.001259335
  0.9576484 0.0009306798
  0.9635419 0.0006380031
  0.9691178 0.0003786159
  0.974383 0.0001493084
  0.979353 -5.322303e-05
  0.9840476 -0.0002321238
  0.9884884 -0.0003902565
  0.9926965 -0.0005301584
  0.9966922 -0.0006540431
  1.0 -0.00075
