GOE 11K AIRFOIL
  1.0 0.0
  0.9972118 0.001062277
  0.993844 0.002319234
  0.990297 0.003612319
  0.9865526 0.004943327
  0.982591 0.006313778
  0.9783908 0.007724659
  0.9739298 0.009176046
  0.9691864 0.01066655
  0.9641418 0.01219255
  0.9587836 0.01374722
  0.9531114 0.01531945
  0.9471428 0.01689312
  0.9409187 0.01845139
  0.9344974 0.01998101
  0.9279506 0.02147019
  0.9213978 0.0229009
  0.9148366 0.02428457
  0.908242 0.02563702
  0.9016696 0.0269576
  0.8951438 0.0282516
  0.8886575 0.02952351
  0.8822017 0.03077435
  0.8757686 0.03200489
  0.8693512 0.03321565
  0.8629433 0.03440695
  0.8565397 0.03557893
  0.8501356 0.03673155
  0.8437269 0.03786459
  0.8373103 0.03897769
  0.8308828 0.04007033
  0.8244424 0.04114186
  0.8179873 0.04219147
  0.8115166 0.04321824
  0.8050299 0.04422113
  0.7985276 0.04519897
  0.7920107 0.04615094
  0.7854807 0.04707706
  0.778939 0.04797747
  0.772387 0.04885237
  0.765826 0.04970197
  0.7592574 0.05052653
  0.7526822 0.05132631
  0.7461016 0.05210162
  0.7395166 0.05285278
  0.7329283 0.05358014
  0.7263375 0.05428405
  0.719745 0.05496491
  0.7131516 0.05562312
  0.706558 0.05625908
  0.6999647 0.05687323
  0.6933722 0.05746587
  0.6867808 0.05803675
  0.6801908 0.05858549
  0.6736023 0.05911172
  0.6670154 0.0596151
  0.6604302 0.06009527
  0.6538467 0.06055188
  0.6472646 0.06098459
  0.6406838 0.06139307
  0.634104 0.06177697
  0.627525 0.06213596
  0.6209463 0.0624697
  0.6143674 0.06277784
  0.6077878 0.06306005
  0.601207 0.06331595
  0.5946241 0.06354532
  0.5880386 0.06374877
  0.5814498 0.06392725
  0.5748571 0.06408174
  0.56826 0.06421317
  0.5616578 0.0643225
  0.5550502 0.06441066
  0.5484366 0.0644786
  0.5418168 0.06452724
  0.5351902 0.06455751
  0.5285567 0.06457037
  0.5219159 0.06456673
  0.5152676 0.06454754
  0.5086116 0.06451375
  0.5019477 0.0644663
  0.4952758 0.06440612
  0.4885959 0.06433392
  0.4819078 0.06425026
  0.4752118 0.06415572
  0.4685082 0.06405088
  0.4617975 0.06393635
  0.4550802 0.06381272
  0.4483573 0.06368062
  0.4416297 0.06354066
  0.4348987 0.06339348
  0.4281654 0.06323974
  0.4214316 0.06308009
  0.4146987 0.0629152
  0.4079688 0.06274576
  0.4012438 0.06257244
  0.3945259 0.06239577
  0.3878172 0.06221501
  0.3811196 0.06202891
  0.3744343 0.06183621
  0.3677621 0.06163565
  0.3611034 0.06142597
  0.354458 0.06120594
  0.3478254 0.0609743
  0.3412046 0.06072979
  0.3345942 0.06047113
  0.3279923 0.06019703
  0.3213968 0.05990617
  0.314805 0.0595972
  0.3082138 0.05926869
  0.3016197 0.05891919
  0.2950188 0.05854723
  0.2884069 0.0581521
  0.2817808 0.05773352
  0.2751383 0.05729123
  0.2684783 0.05682502
  0.2618011 0.05633476
  0.2551079 0.05582043
  0.2484011 0.05528209
  0.241685 0.05472002
  0.2349737 0.05413542
  0.2282626 0.05352798
  0.2215514 0.05289769
  0.2148596 0.05224656
  0.2081954 0.05157568
  0.2015694 0.05088647
  0.1949925 0.05018058
  0.1884745 0.04945964
  0.1820158 0.04872428
  0.1756073 0.04797401
  0.1692317 0.04720717
  0.1628642 0.04642091
  0.1564709 0.04561091
  0.1500074 0.04477097
  0.1434141 0.04389144
  0.1368801 0.04299314
  0.130579 0.04209732
  0.1244058 0.04118756
  0.1182833 0.04025019
  0.1121103 0.03926624
  0.1057466 0.03820752
  0.0990169 0.03703523
  0.09291792 0.0359245
  0.08737596 0.0348772
  0.0822701 0.03388173
  0.07749259 0.03292459
  0.07294665 0.03199133
  0.06854339 0.03106673
  0.06419273 0.03013335
  0.05978778 0.02916823
  0.05517149 0.02813487
  0.05004226 0.0269598
  0.04394906 0.02549984
  0.03995257 0.02444483
  0.03594679 0.02326605
  0.03161063 0.02182602
  0.02567007 0.0195572
  0.02124149 0.01764616
  0.0185544 0.01639073
  0.01630453 0.01527609
  0.0144167 0.01428938
  0.01278722 0.01339385
  0.01135443 0.01256723
  0.01007816 0.0117947
  0.008930821 0.01106591
  0.007892482 0.01037321
  0.00694954 0.009711666
  0.006090596 0.009076763
  0.005306832 0.008464954
  0.004591353 0.007873421
  0.0039386 0.007299806
  0.003344144 0.00674219
  0.002804341 0.006198899
  0.002316246 0.00566851
  0.001877517 0.005149841
  0.001486249 0.00464183
  0.00114088 0.004143464
  0.0008402317 0.003653839
  0.0005834983 0.003172225
  0.0003701587 0.002697966
  0.0001998959 0.002230298
  7.269685e-05 0.001768485
  -1.113017e-05 0.001311872
  -5.096527e-05 0.0008599158
  -4.590129e-05 0.0004121495
  5.264465e-06 -3.191921e-05
  0.0001035385 -0.0004729157
  0.000248534 -0.0009116231
  0.0004398775 -0.001348806
  0.000677469 -0.001785061
  0.0009615436 -0.002221032
  0.001292696 -0.002657403
  0.001671905 -0.003094896
  0.002100388 -0.003534099
  0.002579832 -0.003975718
  0.003112424 -0.004420538
  0.003700891 -0.004869392
  0.004348651 -0.005323229
  0.005059826 -0.00578304
  0.005839701 -0.006250072
  0.006694902 -0.006725785
  0.007633606 -0.007211815
  0.008666366 -0.007710206
  0.009805912 -0.00822306
  0.01107071 -0.008753768
  0.01248607 -0.009306718
  0.01408805 -0.009887809
  0.01593243 -0.01050592
  0.01811814 -0.01117687
  0.02085059 -0.01193259
  0.02327463 -0.01253223
  0.03057869 -0.01394841
  0.03549914 -0.01456977
  0.03982908 -0.01491455
  0.04405661 -0.01510789
  0.05046258 -0.01525926
  0.05578023 -0.01537098
  0.0605933 -0.01547723
  0.0652016 -0.01557992
  0.06976631 -0.01567954
  0.07440006 -0.01577567
  0.07919975 -0.01586696
  0.08426219 -0.01595078
  0.08969146 -0.0160224
  0.09559911 -0.01607359
  0.1022462 -0.01609033
  0.1088715 -0.01606127
  0.1152095 -0.01599691
  0.121429 -0.01590583
  0.1276459 -0.01579401
  0.1339462 -0.01566673
  0.1403937 -0.01552966
  0.1470778 -0.01538887
  0.1536922 -0.01525925
  0.1602186 -0.01514353
  0.1667074 -0.0150385
  0.1731973 -0.01494137
  0.1797172 -0.0148497
  0.186288 -0.01476122
  0.1929222 -0.01467373
  0.1996335 -0.0145849
  0.2063693 -0.01449355
  0.2130572 -0.0144004
  0.2197091 -0.01430556
  0.226336 -0.01420912
  0.2329472 -0.01411118
  0.2395511 -0.01401184
  0.2461546 -0.01391122
  0.2527639 -0.01380944
  0.2593839 -0.01370663
  0.2660186 -0.01360294
  0.272671 -0.01349856
  0.279343 -0.01339366
  0.2860356 -0.01328846
  0.2927485 -0.01318318
  0.2994826 -0.01307805
  0.3062093 -0.0129737
  0.3129247 -0.0128702
  0.3196317 -0.01276742
  0.3263333 -0.01266526
  0.3330319 -0.01256362
  0.3397297 -0.01246241
  0.3464284 -0.01236153
  0.3531297 -0.01226091
  0.3598348 -0.01216045
  0.3665446 -0.01206009
  0.3732599 -0.01195975
  0.3799809 -0.01185937
  0.3867076 -0.01175888
  0.3934398 -0.01165822
  0.4001773 -0.01155734
  0.4069166 -0.01145624
  0.4136525 -0.011355
  0.4203861 -0.01125364
  0.427118 -0.01115215
  0.4338489 -0.01105056
  0.4405795 -0.01094887
  0.4473103 -0.01084709
  0.4540417 -0.01074525
  0.4607741 -0.01064336
  0.4675076 -0.01054143
  0.4742425 -0.01043948
  0.4809787 -0.01033754
  0.4877163 -0.01023562
  0.4944552 -0.01013375
  0.5011943 -0.01003197
  0.5079328 -0.009930293
  0.514671 -0.009828701
  0.5214092 -0.009727168
  0.5281476 -0.009625669
  0.5348863 -0.009524181
  0.5416254 -0.00942268
  0.548365 -0.009321145
  0.5551043 -0.009219564
  0.5618432 -0.009117919
  0.5685818 -0.009016185
  0.5753202 -0.008914339
  0.5820588 -0.008812355
  0.5887977 -0.008710208
  0.5955372 -0.008607874
  0.6022758 -0.008505352
  0.609013 -0.008402664
  0.6157483 -0.008299877
  0.6224815 -0.008197059
  0.6292125 -0.008094277
  0.6359414 -0.007991595
  0.6426683 -0.007889077
  0.6493935 -0.007786784
  0.6561174 -0.007684773
  0.6628404 -0.007583103
  0.6695633 -0.007481829
  0.6762866 -0.007381003
  0.6830114 -0.00728068
  0.6897385 -0.007180909
  0.6964692 -0.00708174
  0.7032046 -0.006983215
  0.7099423 -0.006885288
  0.7166736 -0.006787857
  0.7233976 -0.006690691
  0.7301142 -0.006593555
  0.7368239 -0.006496205
  0.7435274 -0.006398394
  0.7502262 -0.006299868
  0.7569217 -0.006200368
  0.7636162 -0.00609963
  0.7703122 -0.005997379
  0.7770126 -0.005893333
  0.7837209 -0.005787198
  0.7904408 -0.005678667
  0.7971745 -0.005567455
  0.8038956 -0.005453796
  0.8105911 -0.005338318
  0.8172581 -0.005221959
  0.823895 -0.005105622
  0.830502 -0.004990161
  0.8370807 -0.004876381
  0.8436339 -0.004765045
  0.8501661 -0.004656877
  0.8566825 -0.004552576
  0.8631898 -0.004452821
  0.8696959 -0.004358286
  0.8762102 -0.004269649
  0.8827434 -0.004187614
  0.8893078 -0.004112922
  0.895918 -0.004046381
  0.9025906 -0.003988795
  0.909308 -0.003937348
  0.9159605 -0.003884447
  0.9225556 -0.003821506
  0.9291308 -0.0037399
  0.9357411 -0.003630382
  0.9424322 -0.003482738
  0.9489716 -0.003294184
  0.9552228 -0.003066017
  0.9611348 -0.00280527
  0.9666891 -0.002520432
  0.9718911 -0.002218608
  0.97676 -0.001905371
  0.9813214 -0.001584924
  0.9856031 -0.001260357
  0.9896322 -0.0009339072
  0.9934337 -0.0006071755
  0.9970306 -0.0002812993
  1.0 0.0
