GOE 265 AIRFOIL
  1.0 0.00105
  0.9968619 0.001763206
  0.9930651 0.002618942
  0.9890585 0.003513458
  0.9848203 0.004450158
  0.9803273 0.005432543
  0.9755549 0.006464006
  0.9704794 0.007547469
  0.9650799 0.008684782
  0.9593435 0.00987583
  0.9532711 0.01111733
  0.9468855 0.01240155
  0.9402364 0.01371791
  0.9333921 0.01505579
  0.9264279 0.01640491
  0.9194135 0.01775705
  0.9124043 0.01910734
  0.9054354 0.02045479
  0.8985208 0.02180227
  0.8916562 0.02315386
  0.8848304 0.02451018
  0.8780329 0.02587111
  0.8712547 0.0272364
  0.8644876 0.02860568
  0.8577244 0.02997843
  0.8509587 0.03135396
  0.844185 0.03273147
  0.8373983 0.03410996
  0.8305944 0.03548828
  0.82377 0.03686509
  0.8169224 0.03823886
  0.8100496 0.03960785
  0.8031506 0.04097011
  0.796225 0.04232356
  0.7892737 0.04366744
  0.7822981 0.0450025
  0.7752996 0.04632956
  0.7682801 0.04764944
  0.7612413 0.04896298
  0.7541853 0.050271
  0.7471143 0.05157431
  0.7400307 0.05287374
  0.7329369 0.05417007
  0.7258355 0.05546413
  0.7187294 0.05675667
  0.7116215 0.05804849
  0.7045148 0.05934031
  0.6974124 0.06063286
  0.6903174 0.06192593
  0.6832323 0.0632178
  0.6761588 0.06450665
  0.6690987 0.0657908
  0.6620529 0.06706865
  0.6550221 0.06833868
  0.6480063 0.0695995
  0.6410056 0.07084979
  0.6340191 0.07208834
  0.6270459 0.07331401
  0.6200847 0.07452575
  0.6131337 0.07572255
  0.6061908 0.07690351
  0.5992535 0.07806774
  0.5923192 0.07921465
  0.5853852 0.08034444
  0.5784496 0.08145746
  0.5715106 0.08255395
  0.5645671 0.08363409
  0.5576182 0.08469797
  0.5506635 0.08574561
  0.5437033 0.08677695
  0.5367379 0.08779188
  0.5297684 0.08879024
  0.522796 0.0897718
  0.5158227 0.09073629
  0.5088508 0.0916834
  0.5018828 0.0926128
  0.494922 0.09352405
  0.4879716 0.09441589
  0.4810343 0.09528654
  0.4741125 0.0961343
  0.4672081 0.0969576
  0.4603222 0.09775497
  0.4534557 0.09852504
  0.446609 0.09926652
  0.4397819 0.09997822
  0.4329739 0.100659
  0.426184 0.1013077
  0.4194111 0.1019235
  0.4126533 0.1025051
  0.4059086 0.1030518
  0.3991745 0.1035624
  0.3924485 0.1040362
  0.3857278 0.1044735
  0.3790101 0.1048748
  0.3722932 0.1052404
  0.3655754 0.1055707
  0.3588549 0.105866
  0.3521306 0.1061264
  0.3454013 0.1063523
  0.3386661 0.1065437
  0.3319244 0.1067008
  0.325176 0.1068238
  0.3184206 0.1069127
  0.3116585 0.1069677
  0.30489 0.1069889
  0.298116 0.1069763
  0.2913373 0.1069294
  0.2845563 0.1068453
  0.2777762 0.1067209
  0.2710011 0.1065534
  0.2642363 0.1063398
  0.2574882 0.1060775
  0.2507637 0.1057642
  0.2440707 0.1053976
  0.2374176 0.104976
  0.2308136 0.1044982
  0.2242677 0.1039631
  0.2177893 0.1033704
  0.2113875 0.1027201
  0.2050713 0.1020127
  0.1988489 0.1012492
  0.1927279 0.1004307
  0.1867113 0.0995576
  0.1807939 0.09862915
  0.174964 0.09764327
  0.1692042 0.09659642
  0.163492 0.09548328
  0.1578 0.09429626
  0.1520948 0.09302479
  0.1463343 0.09165429
  0.1404682 0.09017042
  0.1344525 0.08856354
  0.1282616 0.08682838
  0.1218993 0.08496859
  0.1154131 0.08300317
  0.1089042 0.08097161
  0.1025189 0.07893211
  0.09641325 0.07694798
  0.09069788 0.07504415
  0.08538017 0.07319525
  0.08039967 0.07136269
  0.07567484 0.0695039
  0.07111841 0.06757318
  0.06664782 0.06553708
  0.06221646 0.06338075
  0.0578188 0.06110625
  0.05348801 0.05873755
  0.04928879 0.05632161
  0.045301 0.05391858
  0.04158514 0.05157307
  0.03815145 0.04930114
  0.0349813 0.04710093
  0.03204584 0.04496204
  0.02931495 0.04287044
  0.02676082 0.04081059
  0.02435887 0.03876603
  0.02208002 0.03671463
  0.01989523 0.03463875
  0.01780918 0.03255733
  0.01584644 0.03051596
  0.01402857 0.02856151
  0.01236127 0.02672292
  0.01084049 0.02501092
  0.009469246 0.02342833
  0.00823858 0.02196469
  0.007132905 0.02060433
  0.006136936 0.01933234
  0.005237697 0.01813632
  0.004424409 0.01700601
  0.00368818 0.01593294
  0.003021736 0.01491011
  0.002419129 0.01393175
  0.001875483 0.01299303
  0.001386798 0.0120899
  0.000949788 0.01121889
  0.0005617681 0.01037708
  0.0002205559 0.009561902
  -7.559758e-05 0.008771151
  -0.0003280626 0.008002888
  -0.0005378709 0.007255403
  -0.0007057451 0.006527177
  -0.0008321184 0.005816855
  -0.0009171463 0.005123216
  -0.0009607093 0.004445157
  -0.0009624095 0.003781671
  -0.0009215578 0.003131836
  -0.0008371525 0.002494797
  -0.0007078475 0.001869759
  -0.0005319074 0.00125597
  -0.0003071456 0.0006527158
  -3.08409e-05 5.930597e-05
  0.0002998279 -0.0005249637
  0.0006853786 -0.001100891
  0.001125819 -0.001669189
  0.001621593 -0.002230423
  0.002173574 -0.002785017
  0.002783065 -0.003333241
  0.003451812 -0.003875194
  0.004182017 -0.00441077
  0.004976353 -0.00493961
  0.005837973 -0.005461021
  0.006770487 -0.005973861
  0.00777789 -0.006476367
  0.008864365 -0.0069659
  0.01003388 -0.007438554
  0.01128932 -0.007888599
  0.0126309 -0.00830767
  0.01405721 -0.008685495
  0.01557569 -0.00901506
  0.01719713 -0.009290402
  0.01893347 -0.00950624
  0.02079797 -0.00965904
  0.02280585 -0.009748538
  0.0249759 -0.009779776
  0.0273321 -0.009761369
  0.02989671 -0.009688558
  0.03268962 -0.009550659
  0.03572755 -0.009335991
  0.03902129 -0.009032658
  0.04257352 -0.008629678
  0.04637921 -0.00811804
  0.05043121 -0.00749086
  0.05473449 -0.006740966
  0.05931219 -0.005858591
  0.0641887 -0.004835364
  0.06938351 -0.003667208
  0.0749055 -0.00235773
  0.08074443 -0.0009205187
  0.08686334 0.0006252507
  0.09320638 0.002252112
  0.09970877 0.003925514
  0.1063079 0.005610686
  0.1129483 0.007284516
  0.1195841 0.008929834
  0.1261832 0.01053352
  0.1327277 0.0120867
  0.1392133 0.01358428
  0.1456475 0.01502423
  0.1520483 0.01640684
  0.1584405 0.01773631
  0.1648468 0.01902001
  0.1712852 0.02026405
  0.1777691 0.02147323
  0.1843074 0.02265128
  0.1909041 0.02380096
  0.1975577 0.02492411
  0.2042604 0.02602157
  0.2110006 0.02709149
  0.2177664 0.02813083
  0.2245471 0.02913686
  0.2313332 0.03010729
  0.2381168 0.03104018
  0.2448911 0.03193398
  0.251651 0.03278747
  0.2583931 0.03359973
  0.2651152 0.03437012
  0.2718166 0.03509817
  0.2784979 0.03578361
  0.2851611 0.03642626
  0.2918092 0.03702602
  0.2984466 0.03758281
  0.3050787 0.03809672
  0.3117113 0.03856911
  0.3183498 0.03900173
  0.3249989 0.03939617
  0.3316628 0.03975389
  0.3383451 0.04007623
  0.345049 0.04036446
  0.351777 0.04061977
  0.358531 0.0408433
  0.3653124 0.04103618
  0.372122 0.04119951
  0.3789597 0.04133441
  0.385825 0.04144201
  0.3927164 0.04152347
  0.3996316 0.04158001
  0.4065678 0.04161271
  0.4135217 0.041622
  0.4204903 0.04160817
  0.4274711 0.04157156
  0.4344614 0.04151253
  0.4414591 0.0414315
  0.4484622 0.04132889
  0.4554691 0.04120516
  0.4624784 0.04106078
  0.4694889 0.04089622
  0.4764999 0.04071196
  0.4835109 0.04050848
  0.4905217 0.04028627
  0.4975325 0.04004579
  0.5045435 0.03978749
  0.5115554 0.03951168
  0.5185688 0.03921862
  0.5255842 0.03890854
  0.532602 0.0385817
  0.5396226 0.03823832
  0.5466464 0.03787866
  0.5536736 0.03750295
  0.5607044 0.03711143
  0.5677391 0.03670437
  0.5747776 0.03628199
  0.5818201 0.03584456
  0.5888665 0.03539234
  0.5959167 0.03492559
  0.6029705 0.03444457
  0.6100279 0.03394965
  0.6170886 0.03344126
  0.6241528 0.03291984
  0.6312205 0.03238582
  0.6382918 0.03183964
  0.645367 0.03128171
  0.6524465 0.03071244
  0.6595307 0.03013226
  0.66662 0.02954155
  0.6737151 0.02894072
  0.6808167 0.02833013
  0.6879256 0.02771018
  0.6950427 0.02708123
  0.7021689 0.02644362
  0.7093053 0.02579772
  0.7164527 0.02514388
  0.7236116 0.02448249
  0.7307821 0.023814
  0.7379638 0.02313887
  0.7451563 0.02245762
  0.7523584 0.0217708
  0.7595687 0.02107903
  0.7667854 0.02038294
  0.7740062 0.01968324
  0.7812284 0.01898067
  0.788449 0.018276
  0.7956647 0.01757007
  0.8028717 0.01686372
  0.810066 0.01615771
  0.8172446 0.01545257
  0.8244058 0.01474868
  0.8315487 0.01404632
  0.8386737 0.01334567
  0.8457825 0.01264679
  0.8528774 0.01194962
  0.8599621 0.01125403
  0.8670411 0.01055975
  0.8741199 0.009866458
  0.8812051 0.009173697
  0.8883046 0.008480919
  0.8954272 0.007787465
  0.9025833 0.007092579
  0.9097813 0.006396762
  0.916994 0.005705437
  0.9242043 0.005023148
  0.9313924 0.004354615
  0.9384615 0.00371126
  0.9453328 0.003101906
  0.9519333 0.002533748
  0.9582079 0.002010598
  0.9641295 0.001532133
  0.9696962 0.001095851
  0.9749218 0.0006982003
  0.9798289 0.0003352794
  0.9844432 3.263653e-06
  0.9887913 -0.0003013833
  0.9928983 -0.0005818252
  0.9967874 -0.0008408403
  1.0 -0.00105
