GOE 281 (DAIMLER XII) AIRFOIL
  1.0 0.0026
  0.9970571 0.003180447
  0.9934933 0.003886527
  0.9897281 0.004636279
  0.9857395 0.005434715
  0.9815037 0.006287394
  0.9769954 0.007200308
  0.9721895 0.00817961
  0.9670637 0.009231052
  0.9616036 0.01035898
  0.9558096 0.01156482
  0.9497063 0.01284497
  0.9433546 0.01418725
  0.9370053 0.01553536
  0.9307341 0.01686867
  0.9244722 0.01819733
  0.9181678 0.01952788
  0.9117837 0.0208634
  0.9053835 0.02218572
  0.8990758 0.02346816
  0.8928448 0.02471175
  0.8866694 0.02592195
  0.8805316 0.02710388
  0.8744161 0.02826189
  0.8683097 0.02939968
  0.8622012 0.03052045
  0.8560806 0.031627
  0.8499395 0.03272177
  0.8437711 0.0338069
  0.8375694 0.03488426
  0.8313301 0.03595546
  0.8250505 0.03702186
  0.8187294 0.03808454
  0.8123672 0.03914435
  0.8059665 0.04020185
  0.799532 0.04125728
  0.7930703 0.04231031
  0.7865889 0.04335933
  0.7800943 0.0444026
  0.7735943 0.04543824
  0.7670931 0.04646498
  0.7605928 0.04748187
  0.754099 0.04848745
  0.7476144 0.04948072
  0.741141 0.05046086
  0.73468 0.05142715
  0.7282316 0.05237905
  0.7217953 0.05331612
  0.7153698 0.05423804
  0.7089531 0.05514458
  0.7025425 0.05603563
  0.6961345 0.05691117
  0.6897252 0.05777199
  0.6833112 0.05861947
  0.6768897 0.05945491
  0.6704582 0.06027954
  0.664015 0.0610945
  0.6575587 0.06190085
  0.6510887 0.06269959
  0.6446049 0.06349167
  0.6381075 0.06427797
  0.6315977 0.0650593
  0.6250772 0.06583643
  0.6185481 0.06661005
  0.6120135 0.06738081
  0.6054768 0.06814927
  0.5989424 0.06891594
  0.5924147 0.06968057
  0.585898 0.0704408
  0.5793959 0.07119401
  0.5729111 0.0719377
  0.5664454 0.07266952
  0.5600002 0.07338724
  0.5535758 0.07408877
  0.5471723 0.07477214
  0.5407886 0.07543547
  0.5344235 0.07607701
  0.5280749 0.07669506
  0.5217402 0.07728798
  0.5154163 0.0778542
  0.5090996 0.07839213
  0.5027858 0.07890022
  0.4964701 0.07937693
  0.4901475 0.07982251
  0.4838136 0.08023897
  0.4774646 0.08062831
  0.4710973 0.08099245
  0.4647093 0.08133324
  0.4582989 0.08165249
  0.4518649 0.081952
  0.4454071 0.08223357
  0.4389262 0.08249897
  0.4324234 0.08275001
  0.425901 0.08298851
  0.4193623 0.08321631
  0.4128113 0.08343529
  0.4062532 0.08364731
  0.3996939 0.08385425
  0.3931403 0.08405727
  0.3865989 0.0842544
  0.3800752 0.08444288
  0.3735735 0.08462005
  0.3670971 0.08478338
  0.3606479 0.08493043
  0.3542269 0.08505887
  0.3478342 0.08516645
  0.3414686 0.085251
  0.3351284 0.08531042
  0.3288108 0.08534261
  0.3225125 0.08534547
  0.3162292 0.08531691
  0.3099558 0.08525473
  0.3036866 0.08515666
  0.297415 0.08502028
  0.2911337 0.08484423
  0.2848363 0.0846289
  0.2785177 0.08437475
  0.2721742 0.0840822
  0.2658034 0.0837517
  0.2594045 0.08338373
  0.2529783 0.08297891
  0.2465275 0.082538
  0.2400564 0.08206199
  0.2335712 0.08155213
  0.2270802 0.08100998
  0.2205934 0.08043741
  0.2141225 0.07983667
  0.2076809 0.07921034
  0.2012828 0.07856131
  0.1949432 0.07789223
  0.1886753 0.07720092
  0.1824855 0.07648232
  0.1763732 0.07573102
  0.1703317 0.07494119
  0.1643494 0.07410643
  0.1584101 0.07321949
  0.1524932 0.07227195
  0.1465736 0.07125383
  0.1406232 0.07015752
  0.1346211 0.06897962
  0.1285587 0.06771863
  0.1224418 0.06637601
  0.1162924 0.06495753
  0.1101501 0.06347439
  0.1040704 0.06194353
  0.09811838 0.06038656
  0.09235713 0.05881739
  0.08681562 0.05722675
  0.08147863 0.05559533
  0.07630341 0.05389679
  0.07122916 0.05209691
  0.0661955 0.05016111
  0.06118816 0.04807082
  0.05625123 0.045833
  0.05147818 0.0434868
  0.04698133 0.04109866
  0.04283406 0.03873914
  0.03901588 0.03643285
  0.03545657 0.03416427
  0.03207247 0.03189644
  0.02876963 0.02957204
  0.02542085 0.02709341
  0.02177379 0.02424425
  0.01762533 0.02086686
  0.01401006 0.01788905
  0.0113733 0.01573225
  0.009383424 0.01409325
  0.007806623 0.01275355
  0.006507519 0.01160128
  0.005410081 0.01057708
  0.004468435 0.009646173
  0.003652945 0.008786443
  0.002943425 0.007982883
  0.002325577 0.007224792
  0.001788988 0.006504227
  0.00132594 0.005815088
  0.0009306641 0.005152559
  0.0005988664 0.004512734
  0.000327409 0.003892378
  0.0001141041 0.003288747
  -4.242149e-05 0.002699462
  -0.0001428072 0.002122416
  -0.0001869964 0.001555699
  -0.0001742363 0.0009975319
  -0.0001030384 0.0004462131
  2.889714e-05 -9.99337e-05
  0.0002232286 -0.000642363
  0.0004788622 -0.0011819
  0.0007949894 -0.001719131
  0.001171543 -0.002254486
  0.001609167 -0.002788235
  0.002109229 -0.003320473
  0.002673856 -0.003851087
  0.003306017 -0.004379698
  0.004009634 -0.004905566
  0.004789748 -0.005427446
  0.005652731 -0.005943346
  0.006606548 -0.006450145
  0.007661055 -0.006942945
  0.008828219 -0.007413956
  0.01012197 -0.007850527
  0.01155678 -0.008231589
  0.01314272 -0.008521681
  0.01489265 -0.008679166
  0.01683854 -0.008673631
  0.0190174 -0.008481662
  0.02146628 -0.008103973
  0.02422287 -0.007595811
  0.02734543 -0.007086003
  0.03090373 -0.006648611
  0.03494629 -0.006296275
  0.03948193 -0.00602873
  0.04445592 -0.005820535
  0.04975884 -0.005611955
  0.05528577 -0.00533014
  0.06097986 -0.004977448
  0.06679901 -0.004587727
  0.07271586 -0.004200046
  0.07872609 -0.00385366
  0.08483805 -0.003555159
  0.09105321 -0.003285337
  0.09736365 -0.003022795
  0.1037503 -0.002745549
  0.1101873 -0.002446765
  0.116651 -0.00213263
  0.1231225 -0.001809836
  0.1295877 -0.001484958
  0.1360384 -0.001164293
  0.142472 -0.0008537725
  0.1488912 -0.0005589778
  0.1553037 -0.0002843773
  0.1617192 -2.868e-05
  0.168146 0.0002116304
  0.1745904 0.0004399625
  0.1810569 0.0006596636
  0.1875481 0.0008740573
  0.1940647 0.001086467
  0.2006053 0.001300225
  0.2071664 0.001517795
  0.213741 0.001738921
  0.2203081 0.001962346
  0.2268663 0.002187467
  0.2334189 0.002413847
  0.239969 0.002641044
  0.2465192 0.002868605
  0.2530719 0.003096066
  0.2596291 0.003322951
  0.2661925 0.003548768
  0.2727634 0.003773011
  0.2793391 0.003995033
  0.2859072 0.004213867
  0.2924663 0.004428925
  0.2990163 0.00463968
  0.3055578 0.004845634
  0.3120914 0.005046381
  0.3186179 0.005241552
  0.3251378 0.005430776
  0.3316519 0.005613685
  0.338161 0.005789907
  0.3446657 0.005959075
  0.3511669 0.006120816
  0.3576652 0.006274758
  0.3641615 0.006420527
  0.3706566 0.006557743
  0.3771513 0.006686027
  0.3836464 0.006804993
  0.3901428 0.006914252
  0.3966415 0.007013408
  0.4031433 0.007102084
  0.4096491 0.007180478
  0.4161597 0.007249378
  0.4226758 0.007309599
  0.4291977 0.007361955
  0.4357258 0.007407261
  0.4422602 0.007446333
  0.4488008 0.007479992
  0.4553474 0.007509064
  0.4618996 0.007534377
  0.4684568 0.007556766
  0.4750184 0.007577069
  0.4815832 0.007596128
  0.4881502 0.007614788
  0.4947182 0.007633895
  0.5012855 0.007654292
  0.5078507 0.007676261
  0.5144121 0.007698846
  0.5209685 0.007720929
  0.5275188 0.007741398
  0.534062 0.00775915
  0.5405976 0.007773091
  0.5471252 0.007782133
  0.5536446 0.007785202
  0.5601558 0.007781229
  0.5666591 0.007769154
  0.5731549 0.007747922
  0.5796439 0.007716481
  0.586127 0.007673782
  0.5926052 0.007618771
  0.5990798 0.007550389
  0.6055523 0.007467776
  0.6120242 0.007371312
  0.618497 0.007261834
  0.624972 0.007140169
  0.6314505 0.007007142
  0.6379336 0.006863573
  0.6444223 0.006710278
  0.6509176 0.00654808
  0.6574203 0.0063778
  0.6639312 0.006200267
  0.6704508 0.006016315
  0.6769796 0.005826788
  0.683518 0.005632536
  0.6900663 0.005434423
  0.6966247 0.005233322
  0.7031932 0.005030112
  0.7097697 0.004825593
  0.7163399 0.004620795
  0.7229012 0.004416377
  0.7294547 0.004212878
  0.7360018 0.004010828
  0.7425443 0.00381074
  0.7490841 0.003613122
  0.7556234 0.003418472
  0.7621651 0.003227285
  0.7687118 0.003040051
  0.775267 0.002857264
  0.7818341 0.002679421
  0.7884084 0.002507252
  0.7949649 0.002341974
  0.8014974 0.002184246
  0.8080016 0.002034084
  0.8144745 0.001890314
  0.8209143 0.001751612
  0.8273211 0.001616658
  0.8336963 0.00148414
  0.8400427 0.001352759
  0.8463641 0.001221224
  0.8526657 0.001088243
  0.8589539 0.0009525168
  0.8652361 0.0008127234
  0.871521 0.0006674966
  0.8778187 0.0005154043
  0.8841408 0.0003549176
  0.8905007 0.0001843719
  0.8969139 1.916642e-06
  0.9033987 -0.0001944249
  0.9099513 -0.0004035545
  0.9164433 -0.0006176666
  0.9228649 -0.0008325106
  0.9292509 -0.001045531
  0.9356509 -0.001254756
  0.9421318 -0.001458573
  0.9486261 -0.001650912
  0.9548684 -0.00182131
  0.9607941 -0.001968966
  0.9663769 -0.002095517
  0.9716162 -0.002203191
  0.9765265 -0.002294364
  0.9811308 -0.002371291
  0.985455 -0.002435992
  0.9895252 -0.002490217
  0.993366 -0.002535449
  0.9970001 -0.002572939
  1.0 -0.0026
