GOE 238 (HANSA-BRANDENBURG) AIRFOIL
  1.0 0.0
  0.9965129 0.0006987711
  0.9923162 0.001526867
  0.9879165 0.002379983
  0.983297 0.003259163
  0.9784405 0.004165194
  0.9733301 0.005098433
  0.9679503 0.006058568
  0.962289 0.007044297
  0.9563401 0.008052933
  0.9501068 0.00907997
  0.9436055 0.01011945
  0.9368663 0.01116718
  0.9299279 0.01221992
  0.922834 0.0132752
  0.9156285 0.01433179
  0.9083504 0.01539013
  0.9010299 0.0164525
  0.8936861 0.01752255
  0.8863291 0.01860155
  0.8789671 0.01968947
  0.8716072 0.02078645
  0.8642551 0.02189273
  0.8569157 0.02300872
  0.8495925 0.02413494
  0.8422878 0.02527209
  0.8350031 0.02642101
  0.8277383 0.02758266
  0.8204926 0.02875821
  0.8132641 0.02994895
  0.8060498 0.03115637
  0.798846 0.03238215
  0.7916476 0.03362768
  0.7844496 0.03489304
  0.7772473 0.03617798
  0.7700367 0.03748219
  0.7628143 0.03880527
  0.7555772 0.04014674
  0.7483231 0.04150601
  0.7410503 0.0428824
  0.7337577 0.04427507
  0.7264448 0.04568305
  0.7191118 0.04710524
  0.7117598 0.04854035
  0.7043904 0.04998694
  0.697006 0.05144338
  0.6896097 0.05290787
  0.6822046 0.05437853
  0.674794 0.05585348
  0.6673806 0.05733084
  0.6599672 0.05880878
  0.6525566 0.06028546
  0.6451512 0.06175913
  0.6377532 0.06322804
  0.6303648 0.06469051
  0.6229878 0.06614491
  0.6156239 0.06758968
  0.6082748 0.06902328
  0.6009417 0.07044429
  0.5936258 0.07185129
  0.5863281 0.07324291
  0.5790492 0.07461786
  0.5717896 0.0759749
  0.5645493 0.07731291
  0.5573281 0.07863083
  0.5501254 0.07992767
  0.5429403 0.08120253
  0.5357719 0.08245454
  0.5286187 0.08368291
  0.5214792 0.08488687
  0.5143514 0.0860657
  0.5072334 0.08721872
  0.5001228 0.08834526
  0.493017 0.08944466
  0.4859137 0.09051619
  0.4788114 0.09155897
  0.4717095 0.09257194
  0.464608 0.09355397
  0.4575083 0.09450377
  0.4504122 0.09542
  0.4433226 0.09630126
  0.4362432 0.09714612
  0.4291783 0.09795313
  0.4221333 0.09872091
  0.415114 0.09944811
  0.4081266 0.1001335
  0.4011782 0.100776
  0.3942759 0.1013746
  0.3874268 0.1019275
  0.380636 0.1024327
  0.3739063 0.1028885
  0.3672384 0.1032935
  0.360631 0.1036466
  0.3540813 0.1039468
  0.3475849 0.1041932
  0.3411365 0.1043849
  0.3347293 0.1045207
  0.3283558 0.1045997
  0.3220072 0.1046203
  0.3156737 0.1045809
  0.3093446 0.1044795
  0.3030074 0.1043134
  0.2966483 0.1040795
  0.290252 0.1037758
  0.2838034 0.1034029
  0.2772896 0.1029615
  0.2706996 0.1024519
  0.2640254 0.1018748
  0.2572618 0.1012309
  0.2504076 0.1005216
  0.2434661 0.09974881
  0.2364464 0.09891578
  0.2293639 0.09802697
  0.2222409 0.09708849
  0.2151068 0.0961081
  0.2079968 0.09509516
  0.2009504 0.0940603
  0.1940088 0.09301406
  0.187209 0.09195683
  0.1805728 0.09088173
  0.1741073 0.0897813
  0.1678086 0.08864783
  0.1616648 0.08747335
  0.1556593 0.08624954
  0.1497716 0.08496743
  0.143979 0.08361784
  0.13826 0.08219584
  0.1325987 0.08069878
  0.126984 0.07912445
  0.1214098 0.07747123
  0.1158736 0.07573831
  0.1103771 0.07392594
  0.1049254 0.07203568
  0.09952684 0.07007056
  0.09419258 0.06803576
  0.08893208 0.06593978
  0.08374902 0.06379027
  0.07864157 0.06159245
  0.07360321 0.05934907
  0.06862417 0.05706215
  0.06371246 0.05474573
  0.05891538 0.05243406
  0.05430643 0.05017546
  0.04995965 0.048019
  0.04592805 0.04599908
  0.0422384 0.04411738
  0.03887939 0.04235696
  0.03581939 0.04069767
  0.03302252 0.0391208
  0.03045523 0.03761049
  0.02808835 0.03615371
  0.02589727 0.03473988
  0.02386136 0.03336034
  0.02196033 0.03200596
  0.02017552 0.03066859
  0.01849519 0.02934531
  0.01691169 0.02803675
  0.01541918 0.02674546
  0.01401244 0.02547467
  0.01268621 0.02422748
  0.01143548 0.02300659
  0.01026109 0.02181629
  0.009165547 0.02066009
  0.008147906 0.0195387
  0.007205334 0.0184512
  0.006334196 0.01739586
  0.005530651 0.0163706
  0.004790968 0.01537319
  0.00411168 0.01440145
  0.003489651 0.01345332
  0.002922095 0.01252684
  0.002406572 0.0116202
  0.001940967 0.01073174
  0.001523474 0.009859894
  0.001152569 0.009003253
  0.0008269942 0.008160487
  0.000545739 0.007330365
  0.0003080266 0.006511732
  0.0001133038 0.005703499
  -3.876571e-05 0.004904634
  -0.0001483044 0.004114149
  -0.0002152199 0.003331089
  -0.0002391998 0.002554521
  -0.0002197021 0.00178353
  -0.0001559401 0.001017197
  -4.686137e-05 0.0002546002
  0.0001087227 -0.0005051517
  0.0003104733 -0.001262291
  0.0005571602 -0.00201656
  0.0008478016 -0.002767604
  0.001181654 -0.003514977
  0.001558191 -0.004258127
  0.00197708 -0.004996388
  0.002438175 -0.005728958
  0.002941501 -0.006454885
  0.003487248 -0.007173038
  0.004075761 -0.007882077
  0.00470754 -0.008580413
  0.005383232 -0.009266163
  0.006103621 -0.009937087
  0.00686963 -0.01059052
  0.007682297 -0.01122326
  0.008542766 -0.01183149
  0.009452252 -0.01241059
  0.010412 -0.01295498
  0.01142319 -0.01345786
  0.01248688 -0.01391096
  0.0136041 -0.01430506
  0.01477812 -0.01463629
  0.01601375 -0.01490389
  0.01731645 -0.01510748
  0.01869233 -0.01524726
  0.02014822 -0.0153244
  0.02169161 -0.01534158
  0.02333054 -0.0153038
  0.02507315 -0.01521969
  0.02692766 -0.01510036
  0.02890573 -0.01494635
  0.03102129 -0.01475373
  0.0332892 -0.01451853
  0.0357247 -0.01423713
  0.03834249 -0.01390681
  0.04115543 -0.01352661
  0.04417307 -0.01309838
  0.04740072 -0.01262788
  0.05084002 -0.01212566
  0.05449001 -0.01160479
  0.05834323 -0.01107674
  0.06238577 -0.01055535
  0.06660019 -0.01005697
  0.07097038 -0.009599644
  0.07548802 -0.009202403
  0.08015832 -0.008876653
  0.08499399 -0.008605328
  0.09000719 -0.008361103
  0.09520767 -0.008110121
  0.1006007 -0.007810559
  0.1061853 -0.007424551
  0.1119576 -0.006949584
  0.1179107 -0.006393033
  0.1240345 -0.005765497
  0.1303161 -0.005080902
  0.1367399 -0.004356409
  0.1432887 -0.003612081
  0.149945 -0.002870375
  0.1566913 -0.002151903
  0.1635103 -0.001462885
  0.1703861 -0.000805183
  0.177305 -0.0001800714
  0.1842565 0.0004117335
  0.1912334 0.0009700226
  0.1982325 0.001495018
  0.2052545 0.001987345
  0.2123023 0.0024483
  0.2193792 0.002879406
  0.2264876 0.00328214
  0.2336295 0.003657941
  0.2408062 0.004008234
  0.2480184 0.004334436
  0.255266 0.004637973
  0.2625483 0.00492029
  0.2698635 0.005182861
  0.2772093 0.005427197
  0.2845822 0.005654849
  0.2919779 0.005867414
  0.299391 0.006066533
  0.3068154 0.006253549
  0.314245 0.006428178
  0.3216742 0.006589676
  0.3290986 0.006737352
  0.3365146 0.00687057
  0.3439195 0.006988736
  0.3513116 0.007091296
  0.3586901 0.007177726
  0.366055 0.007247523
  0.3734073 0.007300195
  0.3807486 0.007335249
  0.3880816 0.007352183
  0.3954095 0.007350472
  0.4027366 0.007329572
  0.4100677 0.007289608
  0.4174074 0.007231616
  0.4247596 0.007156669
  0.4321276 0.007065826
  0.4395142 0.006960139
  0.4469217 0.006840667
  0.4543515 0.006708485
  0.4618045 0.006564694
  0.4692808 0.006410425
  0.47678 0.006246848
  0.4843007 0.006075176
  0.491841 0.005896668
  0.4993978 0.005712629
  0.5069675 0.005524324
  0.5145464 0.005332632
  0.5221307 0.005138307
  0.5297176 0.0049421
  0.5373045 0.004744751
  0.5448893 0.004546991
  0.5524705 0.004349534
  0.5600471 0.004153083
  0.5676186 0.003958322
  0.5751849 0.003765921
  0.5827466 0.003576533
  0.5903045 0.0033908
  0.5978602 0.00320935
  0.6054156 0.003032722
  0.6129728 0.002860696
  0.6205334 0.00269264
  0.6280987 0.002527931
  0.6356694 0.002365957
  0.643246 0.002206113
  0.6508281 0.002047802
  0.6584151 0.001890435
  0.6660058 0.00173343
  0.6735985 0.001576214
  0.6811911 0.001418222
  0.6887809 0.001258903
  0.6963647 0.001097716
  0.7039391 0.0009342069
  0.7115001 0.0007693466
  0.7190442 0.0006054178
  0.7265682 0.0004447147
  0.7340696 0.0002894823
  0.741546 0.0001419103
  0.7489957 4.128332e-06
  0.7564173 -0.0001217956
  0.7638097 -0.0002338563
  0.7711723 -0.0003301095
  0.7785048 -0.0004086701
  0.7858074 -0.0004677076
  0.7930803 -0.0005054418
  0.8003242 -0.0005201367
  0.8075401 -0.0005112104
  0.8147291 -0.0004819855
  0.8218929 -0.0004365502
  0.8290333 -0.0003788933
  0.8361524 -0.000312912
  0.8432526 -0.0002424221
  0.8503365 -0.0001711699
  0.8574073 -0.0001028464
  0.8644679 -4.11036e-05
  0.8715221 1.042824e-05
  0.8785735 4.812e-05
  0.8856264 6.832157e-05
  0.892685 6.733685e-05
  0.8997543 4.139565e-05
  0.9068389 -1.15648e-05
  0.9139365 -8.556193e-05
  0.9210305 -0.0001720995
  0.9280892 -0.0002624005
  0.9350686 -0.0003477127
  0.9419161 -0.000419851
  0.9485772 -0.0004718382
  0.9550024 -0.0004989309
  0.9611554 -0.0005018496
  0.9670181 -0.0004836622
  0.9725871 -0.0004474359
  0.9778695 -0.0003960119
  0.9828787 -0.0003319032
  0.9876314 -0.0002572665
  0.9921459 -0.0001739189
  0.9964403 -8.337404e-05
  1.0 0.0
