GOE 284 AIRFOIL
  1.0 0.00295
  0.9957981 0.003871456
  0.9907952 0.004987256
  0.9856141 0.006164231
  0.9802443 0.007407175
  0.9746751 0.008721201
  0.9688959 0.01011169
  0.9628967 0.01158421
  0.9566688 0.01314434
  0.9502053 0.01479753
  0.9435022 0.01654816
  0.9365581 0.0183961
  0.9293746 0.02033792
  0.9219573 0.02236781
  0.9143158 0.02447733
  0.9064637 0.02665533
  0.8984189 0.02888803
  0.8902026 0.03116097
  0.8818403 0.03346439
  0.8733594 0.03578951
  0.8647876 0.03812759
  0.8561511 0.04047031
  0.8474739 0.04281018
  0.8387764 0.04514075
  0.8300746 0.04745684
  0.82138 0.0497546
  0.8126995 0.05203152
  0.8040349 0.05428638
  0.7953838 0.05651915
  0.7867397 0.05873109
  0.7780954 0.06092419
  0.769445 0.06310022
  0.7607834 0.06526062
  0.7521067 0.06740652
  0.743412 0.06953873
  0.7346978 0.07165782
  0.7259633 0.07376404
  0.7172092 0.07585737
  0.7084372 0.07793751
  0.6996503 0.08000391
  0.6908527 0.08205573
  0.6820494 0.08409175
  0.6732449 0.08611073
  0.6644429 0.0881116
  0.6556466 0.09009352
  0.6468581 0.09205582
  0.6380789 0.09399803
  0.6293098 0.09591988
  0.6205507 0.09782122
  0.6118009 0.0997021
  0.6030589 0.1015627
  0.5943226 0.1034033
  0.5855892 0.1052242
  0.5768568 0.1070248
  0.5681258 0.1088039
  0.5593993 0.1105598
  0.5506827 0.1122903
  0.5419843 0.1139928
  0.5333141 0.1156645
  0.5246848 0.1173022
  0.5161102 0.1189026
  0.5076059 0.1204625
  0.4991881 0.1219787
  0.4908731 0.1234481
  0.4826764 0.1248662
  0.4746086 0.1262263
  0.4666747 0.1275232
  0.4588749 0.1287533
  0.4512058 0.1299139
  0.4436611 0.1310032
  0.4362324 0.1320202
  0.4289099 0.132964
  0.4216823 0.1338341
  0.4145376 0.1346299
  0.4074628 0.135351
  0.4004444 0.1359964
  0.3934681 0.1365653
  0.3865186 0.1370569
  0.379582 0.1374741
  0.3726459 0.13782
  0.3656999 0.1380973
  0.3587349 0.1383082
  0.3517432 0.1384545
  0.3447188 0.1385376
  0.3376569 0.1385591
  0.3305543 0.1385199
  0.3234095 0.1384214
  0.3162227 0.1382649
  0.3089962 0.1380515
  0.3017344 0.137783
  0.2944438 0.1374612
  0.2871334 0.1370878
  0.2798145 0.1366612
  0.2725006 0.1361788
  0.2652068 0.1356382
  0.25795 0.1350379
  0.2507481 0.1343771
  0.2436193 0.1336557
  0.2365821 0.1328744
  0.2296538 0.132035
  0.2228507 0.1311397
  0.2161874 0.1301915
  0.2096762 0.1291938
  0.203327 0.1281506
  0.1971474 0.1270658
  0.1911425 0.1259438
  0.1853156 0.1247858
  0.1796646 0.1235897
  0.1741807 0.1223521
  0.1688512 0.1210692
  0.1636604 0.1197365
  0.1585916 0.1183487
  0.1536268 0.1168995
  0.1487474 0.1153816
  0.1439341 0.113786
  0.1391657 0.1121045
  0.1344214 0.1103367
  0.1296868 0.1084856
  0.1249547 0.1065563
  0.1202251 0.1045569
  0.1155057 0.1024994
  0.1108115 0.1003998
  0.1061646 0.09827774
  0.1015921 0.09615612
  0.09712338 0.09405892
  0.09278727 0.09200868
  0.08861007 0.09001514
  0.08460839 0.08807602
  0.08078726 0.08618618
  0.0771439 0.08433918
  0.07367078 0.08252811
  0.07035789 0.08074617
  0.06719433 0.0789877
  0.0641698 0.07724942
  0.06127502 0.07552885
  0.05850164 0.07382382
  0.0558421 0.0721325
  0.05328954 0.07045331
  0.05083773 0.06878488
  0.04848098 0.06712601
  0.0462141 0.06547567
  0.04403202 0.06383375
  0.04192964 0.06220215
  0.03990263 0.06058305
  0.03794734 0.0589786
  0.0360606 0.05739088
  0.0342396 0.05582188
  0.03248179 0.05427341
  0.03078482 0.05274714
  0.02914645 0.05124453
  0.02756456 0.04976686
  0.02603709 0.0483152
  0.02456204 0.04689041
  0.02313744 0.04549318
  0.02176148 0.04412374
  0.02043356 0.04277962
  0.01915364 0.0414571
  0.01792152 0.04015299
  0.01673679 0.03886455
  0.01559889 0.03758945
  0.0145071 0.0363257
  0.01346055 0.0350716
  0.01245827 0.03382574
  0.0114992 0.03258691
  0.01058221 0.03135412
  0.009706705 0.03012762
  0.008872754 0.02890909
  0.008080163 0.02769991
  0.007328476 0.02650102
  0.006617065 0.02531305
  0.005945193 0.02413637
  0.005312065 0.02297113
  0.004716869 0.02181735
  0.004158797 0.0206749
  0.00363707 0.01954358
  0.00315095 0.01842311
  0.002699751 0.01731314
  0.002282846 0.0162133
  0.001899675 0.01512317
  0.001549741 0.01404234
  0.001232622 0.01297033
  0.0009479675 0.0119067
  0.0006955003 0.01085095
  0.0004750208 0.009802618
  0.0002864071 0.0087612
  0.0001296178 0.007726199
  4.694829e-06 0.006697107
  -8.823328e-05 0.005673407
  -0.0001489471 0.004654571
  -0.0001771311 0.003640058
  -0.000172367 0.002629313
  -0.0001341262 0.001621762
  -6.176005e-05 0.0006168075
  4.549689e-05 -0.0003861691
  0.0001879089 -0.00138763
  0.0003650106 -0.002387771
  0.000576403 -0.003386721
  0.0008218049 -0.004384558
  0.001101045 -0.005381312
  0.001414053 -0.006376961
  0.001760859 -0.007371427
  0.002141583 -0.008364578
  0.002556437 -0.009356218
  0.003005719 -0.01034608
  0.00348981 -0.01133384
  0.004009177 -0.01231906
  0.004564365 -0.01330123
  0.005155998 -0.01427974
  0.005784777 -0.01525385
  0.006451475 -0.01622267
  0.007156934 -0.01718518
  0.007902059 -0.01814017
  0.008687809 -0.01908623
  0.009515183 -0.02002169
  0.01038521 -0.02094465
  0.01129892 -0.02185287
  0.01225732 -0.02274377
  0.01326136 -0.02361437
  0.01431187 -0.02446138
  0.01540947 -0.02528376
  0.01655462 -0.02608283
  0.01774763 -0.02686028
  0.01898866 -0.02761807
  0.02027763 -0.02835854
  0.0216142 -0.02908439
  0.02299771 -0.02979881
  0.02442711 -0.03050546
  0.02590088 -0.03120859
  0.02741701 -0.03191291
  0.02897484 -0.0326202
  0.03057528 -0.0333291
  0.03221928 -0.03403797
  0.03390783 -0.03474498
  0.03564194 -0.03544818
  0.03742269 -0.03614543
  0.03925126 -0.03683443
  0.04112899 -0.0375127
  0.04305744 -0.03817759
  0.04503848 -0.0388263
  0.04707437 -0.03945579
  0.04916792 -0.04006283
  0.05132264 -0.04064394
  0.05354293 -0.04119549
  0.05583359 -0.04171559
  0.05819963 -0.04220366
  0.0606466 -0.04265903
  0.06318067 -0.04308097
  0.06580867 -0.04346869
  0.06853823 -0.04382133
  0.07137777 -0.04413797
  0.07433658 -0.04441768
  0.07742485 -0.04465956
  0.08065411 -0.04486298
  0.0840388 -0.04502832
  0.08759535 -0.0451568
  0.09134173 -0.04525076
  0.09529696 -0.04531414
  0.09948013 -0.04535326
  0.1039083 -0.04537759
  0.1085942 -0.04539411
  0.1135457 -0.04540199
  0.1187657 -0.0453995
  0.1242505 -0.04538479
  0.1299905 -0.04535597
  0.1359704 -0.04531115
  0.1421721 -0.04524849
  0.1485792 -0.04516622
  0.1551821 -0.04506252
  0.1619807 -0.04493551
  0.1689778 -0.0447833
  0.1761744 -0.04460396
  0.1835699 -0.04439551
  0.1911609 -0.04415604
  0.1989419 -0.04388368
  0.2069041 -0.04357681
  0.2150361 -0.04323565
  0.2233245 -0.04286222
  0.2317544 -0.04245913
  0.2403103 -0.04202955
  0.248976 -0.04157709
  0.2577361 -0.04110576
  0.2665758 -0.04061985
  0.2754824 -0.04012385
  0.2844449 -0.03962233
  0.2934554 -0.0391199
  0.3025084 -0.03862113
  0.3116019 -0.03812943
  0.3207349 -0.03764457
  0.3299065 -0.03716552
  0.3391153 -0.03669122
  0.3483599 -0.0362206
  0.3576388 -0.03575257
  0.3669499 -0.03528601
  0.3762914 -0.0348198
  0.3856607 -0.03435279
  0.3950553 -0.03388382
  0.4044724 -0.03341175
  0.413909 -0.03293596
  0.4233623 -0.03245685
  0.4328297 -0.0319749
  0.4423087 -0.03149056
  0.4517974 -0.0310043
  0.4612939 -0.03051657
  0.4707965 -0.0300278
  0.4803042 -0.02953841
  0.4898159 -0.02904882
  0.499331 -0.02855942
  0.5088491 -0.02807055
  0.51837 -0.02758226
  0.5278936 -0.02709447
  0.5374197 -0.02660708
  0.5469481 -0.02611999
  0.5564789 -0.02563312
  0.5660118 -0.02514637
  0.5755468 -0.02465964
  0.5850837 -0.02417284
  0.5946226 -0.02368588
  0.6041633 -0.02319864
  0.6137059 -0.02271109
  0.6232501 -0.02222327
  0.6327956 -0.02173521
  0.6423421 -0.02124698
  0.6518891 -0.02075863
  0.6614359 -0.02027024
  0.6709816 -0.01978189
  0.6805255 -0.01929364
  0.6900663 -0.0188056
  0.6996031 -0.01831786
  0.7091344 -0.0178305
  0.718659 -0.01734358
  0.7281758 -0.01685713
  0.7376839 -0.01637114
  0.7471825 -0.01588564
  0.7566711 -0.0154006
  0.7661494 -0.01491602
  0.7756171 -0.01443188
  0.7850744 -0.01394813
  0.7945213 -0.01346473
  0.8039583 -0.01298164
  0.8133854 -0.01249885
  0.8228004 -0.01201652
  0.832198 -0.01153495
  0.8415698 -0.01105463
  0.8509046 -0.01057618
  0.8601885 -0.01010034
  0.8694057 -0.009627976
  0.8785385 -0.009160033
  0.8875681 -0.008697502
  0.8964758 -0.008241387
  0.9052428 -0.00779267
  0.9138485 -0.007352402
  0.9222638 -0.006922025
  0.9304539 -0.00650329
  0.938383 -0.006097995
  0.946019 -0.005707742
  0.9533375 -0.005333764
  0.9603239 -0.004976783
  0.9669763 -0.004636894
  0.9733029 -0.004313671
  0.9793185 -0.004006366
  0.9850409 -0.00371405
  0.9904899 -0.003435722
  0.9956852 -0.003170369
  1.0 -0.00295
