GOE 210 (DAIMLER) AIRFOIL
  1.0 0.0008
  0.9972119 0.001368471
  0.993832 0.002057126
  0.990256 0.002785166
  0.986461 0.003557139
  0.9824214 0.004378137
  0.9781091 0.005253719
  0.9734946 0.006189697
  0.9685495 0.007191645
  0.9632508 0.008263974
  0.9575888 0.009408391
  0.951578 0.01062166
  0.9453002 0.01188684
  0.939102 0.01313172
  0.9329971 0.0143506
  0.9269094 0.01555576
  0.9207812 0.01675546
  0.9145689 0.01795466
  0.9082474 0.01915409
  0.9019594 0.02032297
  0.8957743 0.02144624
  0.8896671 0.02252952
  0.8836149 0.02357939
  0.8775987 0.02460138
  0.8716021 0.02560021
  0.865611 0.02657996
  0.8596135 0.02754423
  0.8535987 0.02849624
  0.8475576 0.02943891
  0.8414823 0.03037489
  0.8353666 0.03130662
  0.8292053 0.03223633
  0.8229952 0.03316606
  0.8167348 0.03409763
  0.8104244 0.03503266
  0.8040667 0.0359725
  0.7976685 0.03691801
  0.7912772 0.03786318
  0.7849123 0.03880473
  0.7785666 0.03974327
  0.7722333 0.04067934
  0.7659066 0.04161334
  0.7595813 0.04254557
  0.7532526 0.04347626
  0.7469168 0.04440551
  0.7405704 0.04533333
  0.7342106 0.04625965
  0.7278354 0.04718427
  0.7214432 0.04810693
  0.7150338 0.04902712
  0.7086284 0.04994131
  0.7022385 0.0508474
  0.6958628 0.05174516
  0.6894992 0.05263425
  0.6831459 0.05351419
  0.6768012 0.05438448
  0.6704636 0.05524461
  0.6641315 0.05609403
  0.6578039 0.05693218
  0.6514794 0.05775847
  0.6451571 0.0585723
  0.6388362 0.05937303
  0.6325158 0.06016003
  0.6261954 0.06093262
  0.6198745 0.06169011
  0.6135527 0.0624318
  0.6072298 0.06315697
  0.6009056 0.06386489
  0.5945802 0.06455484
  0.5882537 0.06522648
  0.5819263 0.06587961
  0.5755982 0.06651402
  0.5692696 0.06712953
  0.5629405 0.06772594
  0.556611 0.06830308
  0.5502812 0.06886076
  0.5439512 0.0693988
  0.537621 0.06991702
  0.5312906 0.07041525
  0.52496 0.07089331
  0.5186291 0.07135102
  0.5122978 0.07178822
  0.5059662 0.07220472
  0.499634 0.07260036
  0.4933013 0.07297503
  0.4869677 0.07332889
  0.4806332 0.07366215
  0.4742977 0.07397505
  0.467961 0.0742678
  0.4616229 0.07454062
  0.4552833 0.07479372
  0.4489419 0.07502732
  0.4425986 0.07524162
  0.4362531 0.07543683
  0.4299052 0.07561315
  0.4235547 0.07577079
  0.4172013 0.07590994
  0.4108448 0.07603079
  0.4044848 0.07613354
  0.3981212 0.07621837
  0.3917535 0.07628543
  0.3853815 0.07633475
  0.3790052 0.07636637
  0.3726246 0.07638031
  0.36624 0.0763766
  0.3598516 0.07635528
  0.3534601 0.07631638
  0.3470661 0.07625994
  0.3406705 0.07618603
  0.3342744 0.0760947
  0.3278789 0.07598605
  0.3214853 0.07586016
  0.3150953 0.07571715
  0.3087103 0.07555716
  0.3023323 0.07538033
  0.2959632 0.07518682
  0.2896049 0.07497619
  0.2832592 0.07474753
  0.2769273 0.07449992
  0.2706099 0.07423247
  0.2643074 0.07394426
  0.2580196 0.07363436
  0.2517459 0.07330187
  0.2454854 0.0729458
  0.2392367 0.07256519
  0.2329979 0.072159
  0.226767 0.07172615
  0.2205414 0.0712655
  0.2143181 0.07077581
  0.2080937 0.07025577
  0.2018645 0.06970394
  0.1956261 0.06911889
  0.1893744 0.06850072
  0.1831065 0.06785074
  0.1768221 0.06717051
  0.1705226 0.06646188
  0.1642123 0.06572702
  0.1578973 0.0649685
  0.1515865 0.06418929
  0.1452911 0.06339175
  0.1390262 0.06256839
  0.1328101 0.06170645
  0.1266621 0.06079436
  0.1206024 0.05982215
  0.1146506 0.05878176
  0.1088252 0.05766715
  0.1031426 0.05647439
  0.09761685 0.05520175
  0.09225319 0.05385292
  0.08702286 0.05242955
  0.08185807 0.05091881
  0.07665044 0.04928864
  0.07122131 0.04747415
  0.06536291 0.04540024
  0.05970309 0.04331145
  0.05415117 0.04121154
  0.04829088 0.03897289
  0.04329579 0.0370361
  0.03921438 0.03538047
  0.03571138 0.03386658
  0.03256824 0.03240193
  0.02963652 0.03091246
  0.02678846 0.02931334
  0.02385409 0.02745444
  0.02041345 0.02494709
  0.01600012 0.02130459
  0.01230136 0.01806398
  0.009830851 0.01586111
  0.008029843 0.01420395
  0.006613495 0.0128464
  0.005448899 0.01167752
  0.004465998 0.01063977
  0.003623378 0.00969939
  0.002894496 0.008834752
  0.002261341 0.008031093
  0.001711183 0.007277836
  0.001234777 0.006567109
  0.0008252923 0.005892872
  0.0004776568 0.005250374
  0.0001881296 0.004635796
  -4.597317e-05 0.004046014
  -0.000226459 0.00347843
  -0.000354372 0.00293085
  -0.0004300557 0.0024014
  -0.0004531734 0.001888456
  -0.0004226898 0.001390589
  -0.0003368107 0.0009065282
  -0.0001928724 0.0004351222
  1.283566e-05 -2.469277e-05
  0.0002841134 -0.0004740386
  0.0006219779 -0.0009143241
  0.001027715 -0.001346852
  0.001503794 -0.001772762
  0.00205402 -0.002193056
  0.002683808 -0.002608614
  0.003400609 -0.003020187
  0.004214577 -0.003428365
  0.005139626 -0.003833492
  0.006195124 -0.004235472
  0.007408704 -0.004633312
  0.008820998 -0.005024019
  0.01049324 -0.005399598
  0.01251464 -0.005737909
  0.01499994 -0.005982649
  0.01812018 -0.006044377
  0.02189743 -0.005850548
  0.02600746 -0.005527222
  0.030319 -0.005265034
  0.03486877 -0.005061862
  0.03969136 -0.004885916
  0.04481222 -0.004696324
  0.05023187 -0.004438074
  0.0559117 -0.004057653
  0.06180725 -0.00356206
  0.06786901 -0.002983933
  0.07404585 -0.00236616
  0.08029295 -0.001753008
  0.08656677 -0.001162935
  0.09283548 -0.0006020508
  0.09908568 -7.437035e-05
  0.105322 0.0004184354
  0.11156 0.0008797684
  0.1178139 0.001314328
  0.1240943 0.001726396
  0.1304085 0.002119967
  0.1367601 0.002498847
  0.1431484 0.002866713
  0.1495689 0.003227142
  0.1560122 0.003582911
  0.1624675 0.003933391
  0.1689252 0.004277039
  0.1753778 0.004612453
  0.1818199 0.004938382
  0.1882482 0.005253714
  0.1946615 0.005557467
  0.2010605 0.005848771
  0.2074478 0.006127197
  0.2138264 0.006393193
  0.2201991 0.006647304
  0.2265685 0.006890038
  0.2329368 0.007121876
  0.2393062 0.007343275
  0.2456784 0.007554668
  0.2520549 0.007756473
  0.258437 0.007949091
  0.2648259 0.008132911
  0.2712223 0.008308312
  0.2776268 0.008475662
  0.2840398 0.008635328
  0.2904613 0.008787667
  0.2968913 0.008933036
  0.3033291 0.009071791
  0.3097743 0.009204334
  0.3162261 0.009331112
  0.3226838 0.009452578
  0.3291468 0.009569193
  0.3356144 0.00968142
  0.3420859 0.009789727
  0.3485607 0.009894584
  0.355038 0.009996465
  0.3615172 0.01009585
  0.3679976 0.01019321
  0.3744786 0.01028903
  0.3809594 0.01038379
  0.3874395 0.01047797
  0.3939182 0.01057205
  0.4003948 0.01066651
  0.4068688 0.01076159
  0.4133395 0.01085675
  0.4198065 0.01095129
  0.4262694 0.01104451
  0.432728 0.01113572
  0.4391821 0.01122422
  0.4456315 0.01130935
  0.4520764 0.01139042
  0.4585167 0.01146675
  0.4649527 0.01153767
  0.4713847 0.01160253
  0.477813 0.01166064
  0.4842381 0.01171134
  0.4906606 0.01175398
  0.497081 0.01178789
  0.5035002 0.01181242
  0.5099188 0.01182744
  0.5163375 0.01183322
  0.5227571 0.01183006
  0.529178 0.01181826
  0.5356007 0.01179809
  0.5420256 0.01176985
  0.548453 0.01173382
  0.554883 0.01169028
  0.5613158 0.01163953
  0.5677514 0.01158185
  0.5741899 0.01151752
  0.580631 0.01144684
  0.5870746 0.01137009
  0.5935203 0.01128759
  0.5999677 0.01119961
  0.6064165 0.01110648
  0.6128662 0.01100852
  0.6193164 0.0109061
  0.6257669 0.01079956
  0.6322176 0.01068924
  0.6386686 0.01057549
  0.6451199 0.01045866
  0.6515718 0.01033908
  0.6580247 0.0102171
  0.664479 0.01009304
  0.6709354 0.009967241
  0.6773944 0.009840038
  0.683857 0.009711758
  0.6903241 0.009582728
  0.6967967 0.009453274
  0.7032752 0.009323724
  0.7097495 0.009194271
  0.7162152 0.00906467
  0.722672 0.008934579
  0.72912 0.008803651
  0.73556 0.008671531
  0.741993 0.008537855
  0.7484208 0.008402254
  0.7548452 0.008264345
  0.761269 0.008123735
  0.7676949 0.007980015
  0.7741266 0.00783276
  0.7805678 0.007681523
  0.7870231 0.007525832
  0.7934958 0.007365231
  0.7999565 0.007200092
  0.8063869 0.007030593
  0.8127824 0.006856637
  0.8191404 0.006678099
  0.8254601 0.00649482
  0.8317427 0.006306598
  0.8379908 0.006113184
  0.8442085 0.005914282
  0.8504013 0.005709538
  0.856576 0.005498533
  0.8627408 0.005280778
  0.8689052 0.005055693
  0.8750804 0.004822596
  0.881279 0.004580679
  0.887516 0.004328977
  0.8938088 0.004066325
  0.9001781 0.003791306
  0.9066226 0.003503721
  0.9129901 0.003211789
  0.9192568 0.002918578
  0.92545 0.002624649
  0.9316104 0.002329731
  0.9377931 0.002032755
  0.9440715 0.001731757
  0.9504743 0.001427075
  0.9566369 0.001137275
  0.9624401 0.0008676762
  0.9678675 0.0006184224
  0.9729293 0.0003884843
  0.9776492 0.0001762623
  0.9820571 -2.002375e-05
  0.9861839 -0.0002021183
  0.9900588 -0.0003716271
  0.9937084 -0.0005299804
  0.9971565 -0.00067843
  1.0 -0.0008
