GOE 282 (DAIMLER XIII) AIRFOIL
  1.0 0.0032
  0.9970282 0.004044537
  0.9934375 0.005055772
  0.9896543 0.006110336
  0.9856593 0.007211851
  0.9814316 0.00836404
  0.9769492 0.009570522
  0.9721901 0.01083446
  0.9671347 0.012158
  0.9617686 0.0135414
  0.9560878 0.01498187
  0.9501052 0.0164722
  0.9438571 0.018
  0.9374018 0.01955021
  0.9308828 0.02108984
  0.9244158 0.0225947
  0.917952 0.02407965
  0.9114533 0.02555648
  0.9048997 0.02703264
  0.8983702 0.02849346
  0.8918998 0.02993321
  0.8854779 0.03135347
  0.879095 0.03275523
  0.8727424 0.03413925
  0.8664125 0.03550606
  0.8600984 0.03685599
  0.8537941 0.03818921
  0.8474939 0.03950568
  0.8411932 0.04080521
  0.8348873 0.04208747
  0.8285726 0.04335195
  0.8222455 0.04459803
  0.8159033 0.0458249
  0.8095435 0.04703165
  0.8031642 0.0482172
  0.7967639 0.04938039
  0.790342 0.05052103
  0.7838983 0.05164035
  0.7774327 0.05273963
  0.7709456 0.05382013
  0.7644374 0.05488311
  0.7579088 0.05592981
  0.751361 0.05696146
  0.7447951 0.05797929
  0.7382126 0.0589845
  0.7316154 0.05997831
  0.7250056 0.0609619
  0.7183855 0.06193645
  0.7117578 0.06290312
  0.7051254 0.06386306
  0.6984915 0.06481739
  0.6918594 0.06576662
  0.685232 0.06670949
  0.6786117 0.06764452
  0.6720003 0.06857031
  0.6653994 0.06948552
  0.6588098 0.07038893
  0.6522321 0.07127938
  0.6456663 0.07215578
  0.6391121 0.07301712
  0.6325688 0.07386247
  0.6260351 0.07469093
  0.6195094 0.07550166
  0.6129899 0.07629388
  0.6064741 0.07706681
  0.5999594 0.07781973
  0.5934425 0.07855213
  0.5869206 0.07926484
  0.5803909 0.07995917
  0.5738514 0.08063633
  0.5673002 0.08129751
  0.560736 0.08194381
  0.5541578 0.08257632
  0.5475652 0.08319607
  0.540958 0.08380406
  0.5343367 0.08440128
  0.527702 0.08498866
  0.5210554 0.08556713
  0.5143988 0.08613759
  0.5077343 0.08670092
  0.501065 0.08725795
  0.4943941 0.08780938
  0.487725 0.08835421
  0.4810609 0.08889045
  0.4744046 0.08941611
  0.4677586 0.0899293
  0.4611247 0.09042816
  0.4545049 0.09091091
  0.4479004 0.09137581
  0.4413122 0.09182122
  0.434741 0.09224552
  0.4281871 0.09264717
  0.4216507 0.09302469
  0.4151314 0.09337662
  0.4086287 0.09370155
  0.4021418 0.0939981
  0.3956696 0.09426494
  0.3892109 0.09450148
  0.3827645 0.09470783
  0.3763292 0.09488415
  0.3699035 0.09503055
  0.3634858 0.09514712
  0.3570744 0.09523392
  0.3506675 0.09529099
  0.3442633 0.0953183
  0.3378596 0.09531583
  0.3314543 0.09528346
  0.3250451 0.09522108
  0.3186293 0.09512848
  0.3122044 0.09500544
  0.3057675 0.09485165
  0.2993155 0.09466673
  0.2928452 0.09445028
  0.2863537 0.09420183
  0.279839 0.09392094
  0.2733003 0.0936072
  0.2667382 0.09326022
  0.2601545 0.09287971
  0.2535524 0.0924655
  0.2469365 0.09201758
  0.240313 0.09153615
  0.2336894 0.09102162
  0.2270745 0.09047469
  0.2204786 0.08989634
  0.2139128 0.08928784
  0.207389 0.08865077
  0.2009199 0.087987
  0.194518 0.08729816
  0.1881953 0.08658065
  0.1819594 0.0858277
  0.1758127 0.08503264
  0.1697536 0.08418888
  0.1637767 0.08328978
  0.1578741 0.08232848
  0.1520353 0.08129766
  0.1462476 0.08018946
  0.1404971 0.07899889
  0.1347718 0.07772457
  0.1290626 0.07636528
  0.1233632 0.07491991
  0.1176704 0.07338773
  0.1119836 0.07176851
  0.1063051 0.07006284
  0.10064 0.06827231
  0.09499629 0.06640026
  0.08937959 0.06445463
  0.0837827 0.06244153
  0.07818284 0.06036078
  0.07254001 0.05820445
  0.06680887 0.05594706
  0.06104295 0.05357666
  0.05546028 0.05115497
  0.05033415 0.04879546
  0.04583028 0.04659366
  0.04194786 0.044567
  0.03855868 0.04266794
  0.03554348 0.04084798
  0.0328121 0.03906585
  0.0302965 0.037284
  0.02794384 0.03546438
  0.02570928 0.03356174
  0.02354708 0.03151208
  0.02137443 0.02923099
  0.01910929 0.02668039
  0.01678392 0.02399115
  0.01456009 0.0214599
  0.01256937 0.01928761
  0.01084501 0.01749141
  0.009354698 0.01597042
  0.008065128 0.01465045
  0.006939739 0.01347858
  0.005948655 0.01241813
  0.005069886 0.01144418
  0.004287145 0.01053913
  0.003588261 0.00969021
  0.002963989 0.008887813
  0.002407206 0.008124534
  0.001912395 0.007394521
  0.001475267 0.00669305
  0.001092507 0.006016232
  0.0007615896 0.005360805
  0.000480659 0.004723986
  0.0002484367 0.004103357
  6.416783e-05 0.003496779
  -7.240995e-05 0.00290233
  -0.0001610761 0.002318239
  -0.000201115 0.001742847
  -0.0001912802 0.001174561
  -0.0001297334 0.0006118065
  -1.39476e-05 5.298967e-05
  0.000158812 -0.0005035211
  0.0003888665 -0.001059211
  0.0006761995 -0.00161545
  0.001021511 -0.002173566
  0.00142624 -0.002734884
  0.001892618 -0.003300757
  0.00242378 -0.003872595
  0.003023919 -0.004451902
  0.003698515 -0.005040303
  0.004454676 -0.005639582
  0.005301598 -0.006251703
  0.00625124 -0.006878807
  0.007319264 -0.007523147
  0.008526285 -0.008186819
  0.009899239 -0.008870954
  0.0114717 -0.009573458
  0.013278 -0.0102828
  0.01535576 -0.01097613
  0.01776103 -0.01162756
  0.02052884 -0.01220453
  0.02364962 -0.01268757
  0.02711661 -0.01310183
  0.03098875 -0.01347635
  0.03534195 -0.01381044
  0.04025125 -0.01410469
  0.04573972 -0.0143655
  0.05169458 -0.01461063
  0.05783473 -0.01484465
  0.06388523 -0.01502853
  0.06972627 -0.01513002
  0.07538492 -0.01512809
  0.08097556 -0.01501035
  0.08661817 -0.01478534
  0.09240048 -0.01446189
  0.09837896 -0.01404772
  0.1045661 -0.01355379
  0.1109315 -0.01298927
  0.1174333 -0.01236227
  0.124028 -0.01168346
  0.1306753 -0.0109651
  0.1373419 -0.01022
  0.144004 -0.00946058
  0.1506492 -0.008698193
  0.1572747 -0.007941394
  0.163882 -0.007193307
  0.1704726 -0.006456046
  0.1770478 -0.005731707
  0.183609 -0.005022365
  0.1901575 -0.004330083
  0.1966943 -0.00365691
  0.2032205 -0.00300485
  0.2097371 -0.002375021
  0.2162448 -0.001767639
  0.2227445 -0.001182877
  0.2292372 -0.0006209122
  0.235724 -8.192934e-05
  0.2422058 0.0004338809
  0.248684 0.0009263183
  0.2551596 0.001395172
  0.2616341 0.001840217
  0.2681088 0.002261216
  0.2745853 0.002657913
  0.2810649 0.003030033
  0.2875495 0.003377282
  0.2940408 0.003699338
  0.3005405 0.003995858
  0.3070507 0.004266925
  0.3135731 0.004513988
  0.3201094 0.004738746
  0.3266609 0.004942885
  0.3332287 0.005128091
  0.3398136 0.005296053
  0.3464163 0.005448474
  0.3530369 0.005587072
  0.3596755 0.005713585
  0.3663317 0.005829775
  0.3730049 0.005937429
  0.379694 0.006038362
  0.3863978 0.006134414
  0.3931146 0.006227448
  0.3998423 0.006319348
  0.4065785 0.006411634
  0.4133163 0.006504223
  0.42005 0.006596654
  0.4267816 0.006688569
  0.4335128 0.006779612
  0.4402451 0.006869421
  0.4469802 0.00695763
  0.4537185 0.007043864
  0.4604544 0.007127662
  0.4671848 0.00720861
  0.4739092 0.007286325
  0.4806272 0.007360432
  0.4873389 0.007430562
  0.4940443 0.007496346
  0.5007437 0.007557424
  0.5074378 0.007613463
  0.5141271 0.007664215
  0.520812 0.007709444
  0.5274931 0.007748911
  0.534171 0.007782379
  0.540846 0.007809607
  0.5475185 0.007830355
  0.5541891 0.007844381
  0.5608581 0.007851441
  0.5675258 0.007851292
  0.5741926 0.007843686
  0.5808588 0.007828378
  0.5875247 0.007805118
  0.5941906 0.007773657
  0.6008566 0.007733744
  0.6075231 0.007685281
  0.6141902 0.007628573
  0.6208583 0.007563989
  0.6275275 0.007491894
  0.6341984 0.007412656
  0.6408711 0.007326639
  0.6475461 0.007234207
  0.6542237 0.007135722
  0.6609045 0.007031545
  0.6675888 0.006922038
  0.6742771 0.006807561
  0.6809699 0.006688474
  0.6876679 0.006565134
  0.6943715 0.006437902
  0.7010814 0.006307135
  0.7077982 0.006173044
  0.7145222 0.006035481
  0.7212536 0.005894251
  0.7279906 0.005749194
  0.7347235 0.005600338
  0.741451 0.005447537
  0.7481744 0.005290585
  0.7548953 0.005129267
  0.761616 0.004963353
  0.7683388 0.004792597
  0.7750665 0.004616738
  0.7818012 0.004435524
  0.7885294 0.004249139
  0.7952418 0.004057677
  0.8019344 0.00386112
  0.8086033 0.003659645
  0.8152453 0.003453711
  0.8218593 0.003243759
  0.8284454 0.003030172
  0.8350053 0.002813276
  0.8415422 0.002593341
  0.8480602 0.002370575
  0.8545652 0.002145127
  0.8610639 0.001917088
  0.8675645 0.001686489
  0.8740768 0.001453295
  0.8806118 0.001217409
  0.8871826 0.0009786582
  0.8938044 0.0007367896
  0.9004943 0.0004914806
  0.9071853 0.0002454614
  0.9137851 2.241888e-06
  0.9203067 -0.0002385727
  0.92678 -0.0004780118
  0.9332498 -0.0007176617
  0.9397776 -0.000959745
  0.9464369 -0.00120693
  0.9529819 -0.001450031
  0.959201 -0.001681142
  0.965056 -0.00189882
  0.9705408 -0.002102825
  0.9756695 -0.00229366
  0.9804665 -0.002472223
  0.9849607 -0.002639569
  0.9891809 -0.00279677
  0.9931548 -0.002944838
  0.9969073 -0.003084701
  1.0 -0.0032
