GOE 369 AIRFOIL
  1.0 0.0
  0.997242 0.0005506039
  0.9938987 0.00121391
  0.990361 0.001910782
  0.9866059 0.002644874
  0.9826073 0.003420238
  0.9783362 0.00424125
  0.9737612 0.005112408
  0.968851 0.006037912
  0.963578 0.00702087
  0.9579258 0.008061969
  0.9519002 0.009157555
  0.945546 0.01029696
  0.939164 0.011425
  0.9329049 0.0125156
  0.926685 0.01358411
  0.9204422 0.01464147
  0.91413 0.01569536
  0.9077169 0.01675062
  0.9012418 0.01780044
  0.894854 0.018821
  0.8885433 0.01981543
  0.8822883 0.02078874
  0.876071 0.02174518
  0.869876 0.02268842
  0.8636899 0.0236217
  0.8575015 0.02454788
  0.8513009 0.02546953
  0.8450797 0.02638901
  0.8388309 0.02730842
  0.8325489 0.02822972
  0.8262296 0.02915463
  0.8198703 0.03008472
  0.8134703 0.03102133
  0.8070305 0.03196558
  0.800554 0.03291832
  0.7940462 0.03387989
  0.7875326 0.03484645
  0.7810387 0.03581375
  0.7745591 0.03678208
  0.7680889 0.03775169
  0.7616236 0.03872279
  0.7551593 0.03969549
  0.7486927 0.04066981
  0.742221 0.04164572
  0.735742 0.04262308
  0.7292539 0.04360169
  0.7227557 0.04458125
  0.7162466 0.04556138
  0.7097279 0.0465414
  0.7032141 0.04751868
  0.6967087 0.0484922
  0.69021 0.04946188
  0.6837165 0.05042771
  0.6772267 0.05138969
  0.6707393 0.05234778
  0.6642533 0.05330189
  0.6577678 0.05425193
  0.651282 0.05519777
  0.6447954 0.05613926
  0.6383076 0.0570762
  0.6318185 0.05800841
  0.6253279 0.05893564
  0.6188361 0.05985764
  0.6123433 0.06077412
  0.60585 0.06168478
  0.599357 0.06258929
  0.5928651 0.06348713
  0.5863749 0.06437723
  0.5798873 0.06525844
  0.5734029 0.06612963
  0.5669223 0.06698969
  0.5604461 0.06783753
  0.5539746 0.06867206
  0.5475082 0.06949223
  0.5410474 0.070297
  0.5345922 0.07108536
  0.528143 0.07185629
  0.5216998 0.07260882
  0.5152627 0.07334199
  0.5088317 0.07405484
  0.5024067 0.07474644
  0.4959876 0.07541589
  0.4895743 0.07606256
  0.4831667 0.07668602
  0.4767647 0.07728586
  0.4703678 0.07786166
  0.4639756 0.07841303
  0.4575877 0.07893957
  0.4512033 0.07944089
  0.4448216 0.07991658
  0.4384418 0.08036626
  0.432063 0.0807895
  0.4256839 0.08118589
  0.4193035 0.08155501
  0.4129203 0.08189639
  0.4065331 0.08220959
  0.4001401 0.08249409
  0.3937398 0.08274957
  0.3873306 0.0829764
  0.3809113 0.08317513
  0.3744811 0.08334627
  0.3680396 0.08349033
  0.3615868 0.0836078
  0.3551232 0.08369917
  0.3486497 0.08376495
  0.3421677 0.08380564
  0.335679 0.08382181
  0.3291859 0.08381401
  0.322691 0.08378286
  0.3161976 0.08372903
  0.3097093 0.0836532
  0.3032301 0.08355615
  0.2967645 0.08343862
  0.2903169 0.08330017
  0.2838912 0.08313914
  0.2774904 0.08295388
  0.2711161 0.08274279
  0.264769 0.08250429
  0.258449 0.08223682
  0.252155 0.0819388
  0.245885 0.08160862
  0.2396364 0.08124462
  0.2334055 0.08084505
  0.2271883 0.08040804
  0.2209796 0.07993155
  0.2147737 0.07941337
  0.208564 0.07885104
  0.202343 0.07824177
  0.196102 0.07758266
  0.1898325 0.07687351
  0.1835287 0.07611652
  0.1771891 0.07531448
  0.170817 0.07447086
  0.1644204 0.0735901
  0.1580128 0.07267762
  0.1516127 0.07173995
  0.1452433 0.0707836
  0.1389288 0.06980665
  0.1326866 0.06880225
  0.1265257 0.06776312
  0.1204482 0.0666816
  0.1144499 0.06554956
  0.1085217 0.06435819
  0.1026504 0.06309775
  0.0968186 0.06175756
  0.09100834 0.06033371
  0.08520454 0.0588288
  0.07939463 0.05724536
  0.07356825 0.05558576
  0.06772225 0.05383937
  0.0619077 0.0519838
  0.05625813 0.05002819
  0.05094211 0.04801634
  0.04608851 0.04600887
  0.04172317 0.04405457
  0.03775781 0.04214975
  0.03407592 0.04026051
  0.03056088 0.03833546
  0.02707907 0.03629367
  0.0234049 0.03396244
  0.01903997 0.03082388
  0.01460141 0.0270275
  0.01152035 0.02400703
  0.009365508 0.02171731
  0.007722379 0.01986666
  0.00639218 0.01829177
  0.005275978 0.01690722
  0.004318177 0.01566371
  0.003484414 0.01453014
  0.002751919 0.01348559
  0.00210482 0.01251525
  0.001531624 0.01160821
  0.001023774 0.0107562
  0.0005747652 0.009952793
  0.0001795875 0.009192909
  -0.0001656448 0.008472454
  -0.000463944 0.007788104
  -0.0007176225 0.007137135
  -0.0009284131 0.006517306
  -0.001097553 0.00592677
  -0.001225839 0.00536401
  -0.001313665 0.004827798
  -0.001361036 0.004317157
  -0.001367567 0.003831338
  -0.001332471 0.003369811
  -0.001254525 0.002932256
  -0.001132009 0.00251857
  -0.0009626258 0.002128881
  -0.0007433821 0.001763574
  -0.0004704101 0.001423333
  -0.0001387138 0.001109211
  0.0002579554 0.0008226131
  0.0007242887 0.0005638906
  0.001264152 0.0003327687
  0.001883037 0.000129468
  0.002588576 -4.519058e-05
  0.003391285 -0.0001896315
  0.004305773 -0.0003012533
  0.005352752 -0.0003759444
  0.00656258 -0.0004071902
  0.007981802 -0.0003843099
  0.009685801 -0.0002886926
  0.01180128 -8.53263e-05
  0.01451872 0.0002934812
  0.01807407 0.0009615277
  0.02219115 0.001881244
  0.02612869 0.00272805
  0.02994567 0.003407998
  0.03384178 0.003991008
  0.03796436 0.004529105
  0.0424609 0.005070283
  0.04748478 0.005676247
  0.05310923 0.006431964
  0.05918167 0.007362336
  0.06541803 0.008393851
  0.07158893 0.009435621
  0.07763411 0.01042325
  0.08361052 0.0113379
  0.08957464 0.01218518
  0.09556427 0.01296721
  0.1016018 0.01368244
  0.1076969 0.01433125
  0.1138553 0.01492185
  0.1200807 0.0154635
  0.1263739 0.01596579
  0.1327329 0.0164387
  0.1391524 0.01689269
  0.1456229 0.01733869
  0.1521308 0.01778783
  0.1586596 0.01824525
  0.1651939 0.01870643
  0.1717217 0.01916614
  0.1782342 0.01961944
  0.1847261 0.02006171
  0.1911953 0.02048865
  0.197643 0.02089628
  0.2040735 0.02128108
  0.2104926 0.02164262
  0.2169058 0.02198249
  0.2233182 0.02230219
  0.229734 0.02260313
  0.2361568 0.02288665
  0.2425898 0.02315402
  0.2490353 0.02340647
  0.2554954 0.02364521
  0.2619711 0.02387141
  0.2684633 0.02408624
  0.2749718 0.02429085
  0.281496 0.0244864
  0.2880345 0.02467404
  0.2945853 0.02485494
  0.3011454 0.02503024
  0.3077114 0.02520051
  0.3142798 0.02536486
  0.3208476 0.02552221
  0.3274121 0.0256715
  0.3339711 0.02581169
  0.3405226 0.02594178
  0.3470654 0.02606078
  0.3535985 0.02616773
  0.3601213 0.02626171
  0.3666336 0.02634177
  0.3731358 0.02640703
  0.3796285 0.02645657
  0.3861126 0.02648952
  0.3925896 0.02650497
  0.3990612 0.02650201
  0.4055295 0.02647993
  0.4119968 0.02643917
  0.4184651 0.02638064
  0.4249362 0.02630522
  0.4314115 0.02621377
  0.4378925 0.02610717
  0.4443802 0.02598626
  0.4508755 0.0258519
  0.4573789 0.02570496
  0.4638909 0.02554632
  0.4704115 0.02537685
  0.4769406 0.02519746
  0.4834779 0.02500905
  0.4900226 0.02481256
  0.496574 0.02460893
  0.5031307 0.02439912
  0.5096915 0.02418351
  0.5162549 0.0239619
  0.5228198 0.02373406
  0.5293849 0.02349976
  0.5359494 0.02325877
  0.5425123 0.02301087
  0.5490728 0.0227558
  0.5556303 0.02249336
  0.5621842 0.0222233
  0.5687341 0.02194538
  0.5752797 0.02165937
  0.5818208 0.02136503
  0.5883573 0.02106212
  0.5948893 0.02075038
  0.6014169 0.02042956
  0.6079404 0.02009977
  0.6144602 0.01976185
  0.6209767 0.01941672
  0.6274906 0.01906533
  0.6340024 0.01870857
  0.6405131 0.01834737
  0.6470232 0.01798261
  0.6535338 0.01761519
  0.6600459 0.01724601
  0.6665605 0.01687594
  0.6730787 0.01650586
  0.6796018 0.01613665
  0.6861312 0.01576919
  0.6926683 0.01540436
  0.6992146 0.01504304
  0.7057717 0.01468599
  0.7123411 0.01433322
  0.7189226 0.01398457
  0.7254987 0.01364077
  0.7320622 0.01330196
  0.738614 0.01296787
  0.7451555 0.01263821
  0.7516888 0.01231265
  0.7582163 0.01199086
  0.7647412 0.01167247
  0.771267 0.0113571
  0.7777978 0.01104437
  0.7843385 0.01073385
  0.7908944 0.01042509
  0.797471 0.01011766
  0.8040418 0.009812552
  0.8105791 0.009510389
  0.8170785 0.009210377
  0.823538 0.008911644
  0.8299576 0.008613259
  0.8363392 0.00831424
  0.8426863 0.008013556
  0.8490039 0.007710123
  0.8552986 0.007402795
  0.8615782 0.007090355
  0.8678522 0.006771493
  0.8741314 0.006444779
  0.8804286 0.006108632
  0.8867586 0.005761274
  0.8931385 0.005400661
  0.8995888 0.005024408
  0.9061291 0.004630745
  0.9126389 0.004230318
  0.91905 0.003832147
  0.9253914 0.003438974
  0.9317082 0.003052299
  0.9380625 0.002672673
  0.9445378 0.002299951
  0.9509874 0.001947417
  0.9571144 0.001632945
  0.9628688 0.001356092
  0.9682413 0.001113786
  0.9732463 0.0009020946
  0.9779106 0.0007170007
  0.9822656 0.0005547925
  0.9863428 0.0004122158
  0.9901717 0.0002864943
  0.9937789 0.0001752911
  0.9971879 7.664985e-05
  1.0 0.0
