GOE 370 AIRFOIL
  1.0 0.0
  0.99731 0.0006456281
  0.9940555 0.001420228
  0.9906203 0.0022301
  0.9869841 0.003078689
  0.9831244 0.003969733
  0.9790163 0.004907162
  0.9746331 0.005894889
  0.9699482 0.006936401
  0.9649378 0.008034055
  0.9595865 0.009187959
  0.9538948 0.01039439
  0.9478909 0.01164372
  0.9418149 0.01288449
  0.9358747 0.01407635
  0.9299966 0.01523684
  0.9241235 0.01637923
  0.9182123 0.01751348
  0.9122307 0.01864707
  0.9061575 0.01978521
  0.8999959 0.02092859
  0.8938758 0.02205459
  0.8878235 0.02315921
  0.8818213 0.02424619
  0.8758542 0.02531871
  0.8699094 0.02637948
  0.8639755 0.02743084
  0.858043 0.0284748
  0.8521034 0.02951308
  0.8461493 0.03054721
  0.8401747 0.03157844
  0.8341745 0.03260785
  0.8281448 0.03363631
  0.8220829 0.03466446
  0.8159873 0.03569273
  0.8098579 0.03672135
  0.8036961 0.03775028
  0.797505 0.03877921
  0.7913 0.03980568
  0.7851112 0.04082465
  0.7789362 0.04183646
  0.7727709 0.04284172
  0.7666116 0.043841
  0.7604547 0.04483476
  0.7542972 0.04582344
  0.7481365 0.04680736
  0.7419702 0.04778682
  0.7357962 0.04876203
  0.7296129 0.04973316
  0.7234189 0.05070031
  0.7172132 0.05166353
  0.7109952 0.05262278
  0.7047767 0.05357616
  0.6985683 0.05452195
  0.6923696 0.05545981
  0.6861799 0.05638861
  0.6799982 0.05730712
  0.673824 0.05821411
  0.6676561 0.05910838
  0.6614939 0.05998872
  0.6553365 0.06085393
  0.6491828 0.06170282
  0.6430321 0.06253419
  0.6368833 0.06334686
  0.6307355 0.06413963
  0.6245878 0.06491131
  0.6184389 0.0656607
  0.612288 0.06638658
  0.606134 0.06708773
  0.5999757 0.06776291
  0.593812 0.06841125
  0.587642 0.06903352
  0.5814651 0.069631
  0.5752808 0.07020494
  0.5690885 0.07075655
  0.5628881 0.07128707
  0.5566795 0.07179768
  0.5504628 0.0722896
  0.5442381 0.072764
  0.5380059 0.07322208
  0.5317668 0.07366503
  0.5255215 0.07409402
  0.5192708 0.07451025
  0.5130158 0.0749149
  0.5067578 0.07530916
  0.5004982 0.07569422
  0.4942385 0.07607096
  0.4879802 0.07643838
  0.4817246 0.07679477
  0.4754729 0.07713844
  0.4692259 0.07746775
  0.4629845 0.07778104
  0.4567493 0.0780767
  0.4505208 0.07835317
  0.4442991 0.07860886
  0.4380844 0.07884223
  0.4318767 0.07905177
  0.4256758 0.07923596
  0.4194812 0.07939331
  0.4132925 0.07952231
  0.4071089 0.07962149
  0.4009297 0.07968935
  0.3947539 0.07972457
  0.3885804 0.0797273
  0.3824085 0.0796984
  0.3762372 0.07963868
  0.3700658 0.07954895
  0.3638934 0.07943
  0.3577196 0.0792826
  0.3515435 0.07910752
  0.3453647 0.0789055
  0.3391826 0.07867731
  0.3329967 0.07842367
  0.3268067 0.07814533
  0.3206122 0.07784302
  0.3144128 0.07751748
  0.3082083 0.07716945
  0.3019985 0.07679966
  0.2957834 0.07640879
  0.2895627 0.07599658
  0.2833369 0.07556205
  0.2771064 0.07510423
  0.2708721 0.07462218
  0.264635 0.07411496
  0.2583966 0.07358169
  0.2521584 0.07302154
  0.2459225 0.0724337
  0.2396911 0.07181744
  0.2334665 0.0711721
  0.2272517 0.07049708
  0.2210496 0.06979189
  0.2148634 0.0690561
  0.2086965 0.06828942
  0.2025524 0.06749164
  0.196435 0.0666626
  0.1903479 0.0658009
  0.1842934 0.06490376
  0.1782711 0.06396808
  0.1722786 0.06299044
  0.1663111 0.06196699
  0.1603618 0.06089336
  0.1544218 0.05976452
  0.14848 0.0585746
  0.1425233 0.05731829
  0.1365406 0.0559936
  0.1305277 0.05460016
  0.1244875 0.05313938
  0.1184314 0.0516149
  0.112379 0.05003317
  0.1063583 0.04840368
  0.1004035 0.04673873
  0.09455203 0.04505176
  0.08882224 0.04334678
  0.08318639 0.04161254
  0.07757347 0.03982277
  0.07186388 0.03793108
  0.06604429 0.035919
  0.06044739 0.03389249
  0.05487213 0.03177439
  0.04915049 0.02948818
  0.04411518 0.02737963
  0.03977834 0.0254978
  0.03587341 0.02375579
  0.0321587 0.02205941
  0.02835831 0.02028608
  0.02387525 0.01814609
  0.01996527 0.01620837
  0.01651458 0.01438708
  0.01195032 0.0117868
  0.009069708 0.01002361
  0.007202516 0.008799611
  0.00579174 0.007811325
  0.004657829 0.006961122
  0.003717951 0.006203883
  0.002926397 0.00551452
  0.002255155 0.004877417
  0.001685902 0.004282078
  0.001206175 0.003721042
  0.0008073443 0.003188766
  0.0004834764 0.002680989
  0.000230659 0.002194332
  4.661193e-05 0.001726047
  -6.952198e-05 0.001273836
  -0.0001172511 0.0008357295
  -9.468831e-05 0.0004099904
  1.626457e-06 -4.966084e-06
  0.0001756316 -0.0004107652
  0.0004278309 -0.0008093874
  0.000759267 -0.001202728
  0.0011729 -0.001592558
  0.001673898 -0.001980621
  0.002270215 -0.002368717
  0.002973611 -0.002758826
  0.003801454 -0.003153247
  0.004780068 -0.003554831
  0.005951457 -0.003967353
  0.007388537 -0.004396146
  0.009236538 -0.004849062
  0.01186124 -0.005334234
  0.01649176 -0.005759041
  0.02142123 -0.005649906
  0.02670947 -0.005219434
  0.03131374 -0.004854482
  0.03567135 -0.004517776
  0.04016731 -0.004157424
  0.04507116 -0.003725089
  0.05061101 -0.003153661
  0.05672836 -0.00239085
  0.0627408 -0.001530014
  0.06871859 -0.0006015044
  0.07483732 0.0003837095
  0.08093726 0.001368054
  0.08696759 0.002347749
  0.09298058 0.003345408
  0.09900069 0.004379286
  0.1050275 0.005461097
  0.1110517 0.006582606
  0.1170667 0.00772841
  0.1230689 0.008883508
  0.1290574 0.01003351
  0.135034 0.01116474
  0.1410033 0.01226418
  0.1469724 0.0133194
  0.1529508 0.01431878
  0.158948 0.01526042
  0.1649709 0.01615149
  0.1710244 0.01699918
  0.1771122 0.01781043
  0.183236 0.01859198
  0.1893955 0.01935053
  0.1955887 0.02009272
  0.201811 0.02082512
  0.2080567 0.02155134
  0.2143079 0.02226879
  0.2205482 0.02297467
  0.2267821 0.0236686
  0.2330139 0.02435014
  0.2392474 0.0250188
  0.245486 0.025674
  0.2517325 0.02631507
  0.2579894 0.02694125
  0.264252 0.02755111
  0.270505 0.02814223
  0.2767467 0.02871364
  0.2829769 0.02926452
  0.2891961 0.0297941
  0.295405 0.03030166
  0.3016049 0.03078651
  0.3077972 0.03124817
  0.3139835 0.03168641
  0.3201651 0.03210105
  0.3263432 0.03249184
  0.3325189 0.03285853
  0.3386932 0.03320084
  0.3448671 0.03351847
  0.3510413 0.03381108
  0.3572166 0.03407835
  0.3633935 0.0343199
  0.3695725 0.03453538
  0.375754 0.03472437
  0.3819383 0.0348865
  0.3881257 0.03502135
  0.3943162 0.03512849
  0.4005098 0.0352075
  0.4067064 0.03525827
  0.4129059 0.03528156
  0.4191083 0.03527829
  0.4253136 0.03524938
  0.4315218 0.03519576
  0.4377327 0.03511837
  0.4439465 0.03501812
  0.4501631 0.03489596
  0.4563826 0.03475281
  0.4626051 0.03458962
  0.4688306 0.03440731
  0.4750592 0.03420682
  0.4812911 0.0339891
  0.4875264 0.03375507
  0.4937651 0.03350568
  0.5000076 0.03324187
  0.5062539 0.03296457
  0.5125043 0.0326746
  0.518759 0.03237281
  0.5250181 0.03206003
  0.5312815 0.03173712
  0.5375493 0.03140493
  0.5438211 0.03106433
  0.5500967 0.03071619
  0.5563757 0.03036142
  0.5626577 0.0300009
  0.5689421 0.02963555
  0.5752273 0.02926633
  0.5815114 0.02889425
  0.5877953 0.02852015
  0.5940798 0.02814484
  0.6003644 0.02776927
  0.6066461 0.02739413
  0.6129237 0.0270189
  0.6191963 0.02664283
  0.6254634 0.02626517
  0.6317244 0.02588515
  0.6379792 0.02550199
  0.6442279 0.0251149
  0.6504707 0.02472308
  0.6567082 0.02432572
  0.6629411 0.023922
  0.6691704 0.02351108
  0.6753973 0.02309211
  0.6816231 0.0226642
  0.6878495 0.02222646
  0.6940784 0.02177796
  0.7003119 0.02131773
  0.7065523 0.0208451
  0.7128019 0.02036049
  0.7190623 0.01986458
  0.7253337 0.01935813
  0.7315993 0.01884337
  0.7378514 0.01832181
  0.7440912 0.01779428
  0.75032 0.01726153
  0.75654 0.01672426
  0.7627539 0.0161831
  0.7689648 0.01563862
  0.7751765 0.01509134
  0.7813935 0.01454171
  0.7876207 0.01399012
  0.7938637 0.01343692
  0.8001272 0.01288256
  0.8063779 0.01233088
  0.8125944 0.01178475
  0.8187732 0.01124543
  0.8249129 0.01071398
  0.831014 0.01019122
  0.8370787 0.009677848
  0.8431105 0.009174366
  0.8491146 0.008681168
  0.8550972 0.00819854
  0.8610663 0.007726682
  0.8670307 0.007265728
  0.8730009 0.006815765
  0.8789892 0.006376845
  0.8850095 0.005949004
  0.8910782 0.00553227
  0.8972146 0.005126688
  0.903441 0.004732323
  0.9096683 0.004354827
  0.9157867 0.003999027
  0.9218122 0.00366187
  0.9277751 0.00333984
  0.9337168 0.00302915
  0.939692 0.002725681
  0.9457736 0.002424707
  0.9519886 0.002123953
  0.9579624 0.001840503
  0.9635805 0.001578905
  0.9688327 0.001338705
  0.9737318 0.001118452
  0.9783025 0.0009162682
  0.9825741 0.000730199
  0.9865764 0.0005583905
  0.9903373 0.0003991698
  0.9938824 0.0002510653
  0.9972342 0.0001128003
  1.0 0.0
