GOE 450 AIRFOIL
  1.0 0.00105
  0.9969098 0.001868821
  0.9931689 0.0028578
  0.9892187 0.003899422
  0.9850374 0.004998977
  0.9806015 0.006162104
  0.9758867 0.007394562
  0.9708694 0.008701775
  0.96553 0.01008804
  0.9598574 0.01155532
  0.9538561 0.01310144
  0.9475542 0.01471816
  0.9410085 0.01638972
  0.9343023 0.01809328
  0.9276072 0.01978404
  0.920925 0.02146075
  0.9142056 0.02313501
  0.9074828 0.02479741
  0.900836 0.02642764
  0.8942602 0.02802659
  0.88774 0.02959782
  0.8812612 0.03114465
  0.8748114 0.0326698
  0.8683802 0.03417552
  0.8619584 0.03566361
  0.855538 0.03713554
  0.8491124 0.03859241
  0.8426757 0.04003504
  0.8362234 0.04146396
  0.8297518 0.04287941
  0.8232583 0.04428138
  0.8167413 0.04566957
  0.8102004 0.04704344
  0.8036363 0.0484022
  0.7970512 0.04974481
  0.790448 0.05107025
  0.7838302 0.05237782
  0.7772006 0.05366696
  0.7705621 0.05493719
  0.7639171 0.05618812
  0.7572676 0.05741947
  0.7506153 0.05863104
  0.7439614 0.05982272
  0.7373071 0.06099446
  0.7306528 0.0621463
  0.7239988 0.06327834
  0.717345 0.06439075
  0.7106908 0.06548375
  0.7040356 0.0665576
  0.6973779 0.06761262
  0.6907164 0.06864924
  0.6840496 0.06966799
  0.6773764 0.07066936
  0.6706957 0.07165381
  0.6640069 0.07262172
  0.6573097 0.07357346
  0.6506038 0.07450933
  0.6438895 0.07542963
  0.6371671 0.07633458
  0.6304374 0.0772244
  0.6237013 0.07809928
  0.61696 0.07895938
  0.6102152 0.07980481
  0.6034687 0.0806357
  0.5967225 0.08145213
  0.589979 0.08225364
  0.5832402 0.08303902
  0.576508 0.08380708
  0.5697838 0.08455665
  0.5630688 0.08528665
  0.5563641 0.08599603
  0.5496704 0.08668381
  0.5429879 0.08734903
  0.536317 0.08799081
  0.5296574 0.08860826
  0.523009 0.08920057
  0.516371 0.08976692
  0.5097428 0.09030652
  0.5031232 0.09081862
  0.496511 0.09130246
  0.4899049 0.09175775
  0.4833035 0.09218481
  0.4767056 0.09258398
  0.47011 0.09295556
  0.4635153 0.09329985
  0.4569204 0.0936171
  0.4503241 0.09390755
  0.4437251 0.09417142
  0.4371223 0.09440889
  0.4305145 0.09462016
  0.4239004 0.09480536
  0.417279 0.09496463
  0.410649 0.09509807
  0.4040092 0.0952058
  0.3973585 0.09528786
  0.3906956 0.09534411
  0.3840198 0.09537396
  0.3773311 0.09537676
  0.37063 0.09535185
  0.3639182 0.09529858
  0.3571978 0.09521634
  0.3504719 0.09510457
  0.3437443 0.09496276
  0.3370195 0.09479052
  0.3303031 0.09458753
  0.3236008 0.09435363
  0.3169196 0.09408878
  0.3102665 0.09379311
  0.3036491 0.09346693
  0.2970753 0.09311068
  0.290553 0.09272447
  0.2840885 0.09230752
  0.2776852 0.09185899
  0.2713443 0.09137801
  0.2650644 0.09086362
  0.2588425 0.09031477
  0.252674 0.08973021
  0.2465526 0.08910849
  0.2404709 0.08844791
  0.2344201 0.08774643
  0.2283902 0.08700164
  0.2223697 0.08621061
  0.2163457 0.08536985
  0.2103033 0.08447511
  0.2042254 0.08352118
  0.1980919 0.08250165
  0.1918793 0.08141057
  0.1855671 0.08024669
  0.1791456 0.07901136
  0.1726189 0.0777092
  0.1660097 0.07634937
  0.1593614 0.07494664
  0.1527382 0.07352148
  0.1462187 0.0720981
  0.139879 0.07069007
  0.1337593 0.06929371
  0.1278617 0.06789943
  0.122164 0.06649421
  0.1166304 0.06506262
  0.1112164 0.06358666
  0.1058701 0.06204473
  0.1005304 0.06040921
  0.09511996 0.05864537
  0.08955852 0.05673529
  0.08381702 0.05468992
  0.07796175 0.05256032
  0.0721783 0.05044656
  0.06669507 0.04842737
  0.06160628 0.04649407
  0.05687848 0.04460575
  0.05243148 0.04271337
  0.04817466 0.04076466
  0.04402316 0.0387239
  0.03993706 0.03659937
  0.03593246 0.03442717
  0.03207109 0.032269
  0.02843746 0.03020015
  0.0251047 0.02828683
  0.02210688 0.02655658
  0.01944073 0.02496475
  0.01709242 0.02347557
  0.01503 0.02207134
  0.01321023 0.02074014
  0.01159091 0.01947277
  0.01014564 0.01826853
  0.008856579 0.01712827
  0.007704007 0.01604717
  0.006670247 0.01501892
  0.005740538 0.01403729
  0.004902911 0.01309674
  0.004147728 0.01219248
  0.003467223 0.01132041
  0.002855122 0.01047705
  0.002306343 0.009659398
  0.00181677 0.008864882
  0.001383077 0.008091258
  0.001002597 0.007336562
  0.0006732268 0.006599057
  0.0003933497 0.005877194
  0.0001617839 0.00516958
  -2.225507e-05 0.004474948
  -0.0001591783 0.003792132
  -0.0002490341 0.003120051
  -0.0002915075 0.002457685
  -0.0002859079 0.001804063
  -0.000231143 0.00115824
  -0.0001256775 0.0005192899
  3.252248e-05 -0.0001137215
  0.0002448828 -0.0007416485
  0.0005105941 -0.001365068
  0.000828917 -0.001984396
  0.001199542 -0.00259992
  0.001622563 -0.003211791
  0.002098469 -0.003820022
  0.002628141 -0.004424461
  0.003212863 -0.005024763
  0.00385434 -0.005620351
  0.004554724 -0.006210347
  0.005316644 -0.006793481
  0.006143241 -0.007367964
  0.007038188 -0.007931295
  0.00800569 -0.008479983
  0.009050412 -0.009009137
  0.01017727 -0.009511857
  0.01139095 -0.009978308
  0.01269481 -0.01039437
  0.01409255 -0.01074359
  0.01559815 -0.01101749
  0.01723155 -0.01121041
  0.01901811 -0.01131894
  0.02099029 -0.01134493
  0.02318903 -0.01130144
  0.0256658 -0.01122374
  0.02847986 -0.01115753
  0.0316841 -0.01111158
  0.03530835 -0.01108554
  0.03933296 -0.0110726
  0.04367879 -0.01105656
  0.04824492 -0.01101232
  0.05298261 -0.01090944
  0.05793002 -0.01073261
  0.06314928 -0.01048063
  0.0686941 -0.0101536
  0.07458653 -0.009756422
  0.0807767 -0.009303902
  0.08714921 -0.008818866
  0.09359353 -0.008327118
  0.1000414 -0.007852749
  0.1064773 -0.007411272
  0.1129124 -0.006997935
  0.1193574 -0.006603548
  0.1258207 -0.006219137
  0.1323081 -0.005835795
  0.1388228 -0.005444586
  0.1453655 -0.005036508
  0.1519338 -0.004602569
  0.1585232 -0.004139269
  0.1651294 -0.003652841
  0.1717489 -0.00315061
  0.1783793 -0.002639955
  0.1850189 -0.002128267
  0.1916672 -0.001622926
  0.1983248 -0.001131286
  0.204993 -0.000660081
  0.2116738 -0.0002107415
  0.2183685 0.0002180374
  0.2250784 0.0006275664
  0.2318047 0.001019145
  0.2385481 0.001394064
  0.2453095 0.001753615
  0.2520891 0.00209909
  0.2588872 0.002431785
  0.2657039 0.002753006
  0.2725387 0.003064069
  0.2793911 0.0033663
  0.2862604 0.003661038
  0.2931454 0.003949637
  0.3000447 0.004233459
  0.3069567 0.004513789
  0.3138796 0.004791577
  0.3208115 0.005067694
  0.3277501 0.005343015
  0.3346934 0.005618417
  0.3416388 0.005894774
  0.3485838 0.006172954
  0.3555257 0.006453819
  0.3624618 0.006738217
  0.3693891 0.007026981
  0.3763045 0.007320924
  0.3832051 0.007620839
  0.3900876 0.007927488
  0.3969488 0.008241604
  0.4037856 0.008563748
  0.4105949 0.008892105
  0.4173744 0.009222956
  0.4241227 0.009552651
  0.430839 0.009877674
  0.4375234 0.01019464
  0.4441764 0.0105003
  0.4507994 0.01079152
  0.4573942 0.01106526
  0.4639632 0.01131857
  0.4705094 0.01154858
  0.4770361 0.01175245
  0.4835474 0.01192734
  0.4900475 0.01207043
  0.4965414 0.01217883
  0.5030344 0.0122497
  0.5095324 0.01228295
  0.5160405 0.01228135
  0.5225637 0.01224771
  0.5291062 0.0121848
  0.5356716 0.01209537
  0.5422633 0.01198219
  0.5488838 0.01184805
  0.5555352 0.01169584
  0.5622189 0.01152848
  0.5689357 0.01134904
  0.5756856 0.01116066
  0.5824679 0.01096661
  0.589281 0.01077031
  0.5961225 0.01057526
  0.602989 0.01038503
  0.6098765 0.01020161
  0.6167807 0.01002509
  0.6236981 0.009855425
  0.6306249 0.009692559
  0.637558 0.009536405
  0.6444944 0.009386859
  0.6514318 0.009243794
  0.6583679 0.00910707
  0.665301 0.008976531
  0.6722296 0.008852007
  0.6791527 0.00873332
  0.6860697 0.008620282
  0.6929802 0.008512698
  0.6998845 0.008410369
  0.7067828 0.008312886
  0.7136756 0.008219015
  0.7205633 0.008127318
  0.7274459 0.008036371
  0.7343233 0.007944754
  0.7411954 0.00785106
  0.7480617 0.007753889
  0.7549217 0.007651851
  0.7617747 0.007543568
  0.7686197 0.007427676
  0.7754558 0.007302829
  0.7822817 0.007167697
  0.7890962 0.007020974
  0.7958977 0.00686138
  0.8026847 0.00668769
  0.8094556 0.006499728
  0.8162097 0.006298605
  0.8229475 0.006085475
  0.8296702 0.005861441
  0.8363801 0.005627546
  0.8430805 0.005384773
  0.8497756 0.005134045
  0.8564706 0.004876219
  0.8631717 0.004612093
  0.869886 0.004342405
  0.8766219 0.004067839
  0.883389 0.003789024
  0.8901985 0.003506539
  0.8970632 0.003220921
  0.903992 0.002932884
  0.9108863 0.002646928
  0.9177097 0.002364419
  0.9244893 0.002084063
  0.9312696 0.001803868
  0.9381139 0.001521071
  0.9450063 0.001236169
  0.9516711 0.0009604143
  0.9580185 0.0006974636
  0.9640088 0.0004489998
  0.9696332 0.0002154521
  0.9749025 -3.591095e-06
  0.9798391 -0.0002090101
  0.9844701 -0.0004018929
  0.9888236 -0.0005833743
  0.9929263 -0.0007545486
  0.9968032 -0.0009164269
  1.0 -0.00105
