GOE 483 AIRFOIL
  1.0 0.0
  0.9972795 0.0005007258
  0.9939838 0.001107726
  0.9904994 0.001749959
  0.9868041 0.002431585
  0.9828728 0.003157318
  0.978678 0.003932402
  0.9741897 0.004762482
  0.9693779 0.005653271
  0.9642163 0.00660986
  0.9586886 0.007635466
  0.9527995 0.008729463
  0.9466381 0.009875494
  0.9405967 0.01100007
  0.9346761 0.01210198
  0.928801 0.01319428
  0.9229149 0.01428648
  0.9169748 0.01538556
  0.9109486 0.01649631
  0.9048161 0.01762118
  0.8985988 0.01875485
  0.8924459 0.01986943
  0.8863644 0.02096417
  0.8803348 0.0220432
  0.8743404 0.02311001
  0.8683669 0.0241676
  0.8624022 0.02521854
  0.8564357 0.02626507
  0.8504582 0.02730916
  0.844462 0.02835251
  0.8384405 0.02939658
  0.8323885 0.03044262
  0.826302 0.03149163
  0.8201787 0.03254438
  0.8140176 0.03360138
  0.8078196 0.03466286
  0.8015873 0.03572872
  0.7953356 0.03679678
  0.7891023 0.03786022
  0.7828859 0.03891864
  0.7766811 0.0399723
  0.770483 0.04102138
  0.7642871 0.04206597
  0.7580896 0.04310604
  0.7518871 0.04414149
  0.7456767 0.04517213
  0.7394558 0.04619768
  0.7332225 0.04721775
  0.7269753 0.04823189
  0.720713 0.04923951
  0.7144491 0.05023777
  0.7081972 0.05122382
  0.7019567 0.05219716
  0.6957264 0.05315737
  0.6895047 0.0541041
  0.6832902 0.05503698
  0.6770814 0.05595564
  0.6708771 0.05685966
  0.6646761 0.05774865
  0.6584772 0.05862215
  0.6522793 0.05947973
  0.6460813 0.0603209
  0.6398823 0.06114518
  0.6336813 0.06195207
  0.6274777 0.06274104
  0.6212704 0.06351155
  0.6150589 0.06426303
  0.6088425 0.06499493
  0.6026205 0.06570664
  0.5963923 0.06639761
  0.5901577 0.06706812
  0.5839163 0.0677191
  0.5776679 0.0683515
  0.5714124 0.06896629
  0.56515 0.06956439
  0.5588807 0.07014675
  0.5526047 0.07071429
  0.5463223 0.07126794
  0.540034 0.07180862
  0.5337402 0.07233727
  0.5274417 0.0728548
  0.5211391 0.07336215
  0.5148333 0.07386022
  0.5085252 0.07434994
  0.5022158 0.07483223
  0.4959062 0.0753079
  0.4895977 0.07577655
  0.483291 0.07623695
  0.476987 0.07668788
  0.4706864 0.07712813
  0.4643898 0.07755651
  0.4580975 0.07797186
  0.4518099 0.07837302
  0.4455272 0.07875885
  0.4392494 0.07912822
  0.4329766 0.07948004
  0.4267084 0.0798132
  0.4204447 0.08012661
  0.4141851 0.08041921
  0.4079289 0.08068991
  0.4016757 0.08093764
  0.3954246 0.0811614
  0.389175 0.08136081
  0.3829263 0.08153579
  0.3766779 0.08168627
  0.3704294 0.08181216
  0.3641806 0.08191338
  0.3579311 0.08198982
  0.3516808 0.08204138
  0.3454296 0.08206794
  0.3391776 0.08206939
  0.3329248 0.08204561
  0.3266715 0.0819965
  0.3204179 0.08192194
  0.3141644 0.08182182
  0.3079115 0.08169606
  0.3016597 0.08154456
  0.2954096 0.08136716
  0.2891622 0.08116296
  0.2829182 0.08093068
  0.2766787 0.08066904
  0.2704443 0.08037677
  0.2642159 0.08005262
  0.2579943 0.07969535
  0.2517801 0.07930374
  0.2455741 0.07887656
  0.2393768 0.07841262
  0.2331889 0.07791073
  0.227011 0.0773697
  0.2208435 0.07678838
  0.214687 0.0761656
  0.2085419 0.07550022
  0.2024086 0.0747911
  0.1962876 0.07403713
  0.1901792 0.07323761
  0.1840834 0.07239208
  0.178 0.07150003
  0.1719282 0.07056084
  0.1658667 0.0695738
  0.1598141 0.06853806
  0.1537683 0.06745263
  0.147727 0.06631634
  0.1416881 0.06512628
  0.1356526 0.0638777
  0.1296249 0.06256635
  0.1236126 0.0611889
  0.1176267 0.05974309
  0.1116811 0.05822799
  0.1057922 0.05664416
  0.09997848 0.05499373
  0.09425796 0.05328127
  0.08863216 0.05151187
  0.08306972 0.04968036
  0.07750684 0.047768
  0.07183999 0.04573672
  0.0660106 0.04354425
  0.060336 0.04128231
  0.05463625 0.03885604
  0.04913475 0.03634258
  0.0444097 0.03403733
  0.04034625 0.03194829
  0.03671232 0.02999676
  0.03331094 0.02809705
  0.02995292 0.02614872
  0.02634177 0.02396613
  0.02208029 0.02125688
  0.01878777 0.01904538
  0.01546116 0.01670874
  0.0110973 0.01352309
  0.008643978 0.0116563
  0.00694561 0.01029944
  0.00563093 0.009193858
  0.004558766 0.008241788
  0.003660325 0.007395741
  0.002896379 0.006628566
  0.002242332 0.00592307
  0.001681804 0.005267592
  0.001203455 0.004653795
  0.0007992834 0.004075494
  0.0004636358 0.003527956
  0.0001926121 0.003007469
  -1.629205e-05 0.002511069
  -0.000164398 0.00203635
  -0.0002519476 0.001581332
  -0.00027812 0.001144377
  -0.0002409668 0.0007241164
  -0.0001372495 0.0003194052
  3.784425e-05 -7.071498e-05
  0.0002890192 -0.0004474541
  0.000618104 -0.0008127873
  0.001028154 -0.001168614
  0.001524439 -0.001516712
  0.002115035 -0.00185884
  0.002811882 -0.002196849
  0.003632649 -0.002532846
  0.004604249 -0.002869456
  0.005769937 -0.003210297
  0.007205752 -0.003561029
  0.009066685 -0.003932051
  0.01174118 -0.004344078
  0.01669612 -0.004818939
  0.02142968 -0.00494356
  0.02669137 -0.004826697
  0.03113987 -0.004641039
  0.03535928 -0.004409777
  0.03974722 -0.00411781
  0.04460945 -0.003737564
  0.05024836 -0.003225901
  0.05643647 -0.002579421
  0.0623955 -0.001874425
  0.06844771 -0.001078315
  0.07458083 -0.000193244
  0.08050005 0.0007287617
  0.08637126 0.001691634
  0.09231236 0.002694257
  0.0983881 0.003727382
  0.1046037 0.004771406
  0.1108261 0.005799788
  0.1169997 0.006809071
  0.1231619 0.007811108
  0.1293411 0.008816083
  0.135557 0.009832883
  0.1418039 0.01086644
  0.1480074 0.01191014
  0.1541643 0.0129681
  0.1602889 0.01404013
  0.1663947 0.01512163
  0.1724927 0.01620774
  0.1785916 0.01729324
  0.184698 0.01837259
  0.1908163 0.01943976
  0.196949 0.02048832
  0.2030963 0.0215115
  0.209256 0.02250505
  0.2154251 0.02346751
  0.2216011 0.02439762
  0.2277815 0.02529423
  0.2339643 0.02615629
  0.2401477 0.02698283
  0.2463303 0.02777296
  0.2525111 0.02852585
  0.2586893 0.02924075
  0.2648646 0.02991697
  0.2710368 0.03055382
  0.2772061 0.03115069
  0.2833733 0.03170696
  0.289539 0.03222204
  0.2957044 0.03269533
  0.3018711 0.03312621
  0.3080408 0.03351497
  0.3142151 0.03386336
  0.3203955 0.0341732
  0.3265833 0.0344463
  0.3327795 0.03468442
  0.3389851 0.03488929
  0.3452005 0.03506264
  0.3514264 0.0352062
  0.3576628 0.03532167
  0.3639097 0.03541078
  0.3701669 0.03547528
  0.376434 0.03551691
  0.3827101 0.03553745
  0.3889944 0.03553869
  0.3952856 0.03552247
  0.4015822 0.03549063
  0.4078827 0.03544436
  0.4141855 0.03538358
  0.4204893 0.03530807
  0.4267931 0.03521762
  0.4330957 0.03511204
  0.4393965 0.03499113
  0.4456947 0.03485469
  0.4519899 0.03470254
  0.4582819 0.03453449
  0.4645705 0.03435034
  0.4708557 0.0341499
  0.4771378 0.03393298
  0.4834171 0.03369935
  0.4896943 0.0334488
  0.49597 0.03318109
  0.5022451 0.03289599
  0.5085206 0.03259379
  0.5147976 0.03227558
  0.5210769 0.0319425
  0.5273594 0.0315957
  0.5336456 0.03123634
  0.5399361 0.03086558
  0.5462311 0.03048461
  0.552531 0.03009459
  0.5588358 0.02969675
  0.5651455 0.02929229
  0.5714599 0.02888244
  0.5777786 0.02846845
  0.5841011 0.02805159
  0.590427 0.02763313
  0.5967553 0.02721436
  0.6030853 0.02679657
  0.6094158 0.02638036
  0.6157459 0.02596566
  0.622075 0.02555232
  0.6284024 0.02514022
  0.6347279 0.02472918
  0.6410512 0.02431905
  0.6473724 0.02390964
  0.6536917 0.02350076
  0.6600094 0.02309221
  0.6663262 0.02268377
  0.6726428 0.02227522
  0.6789601 0.02186631
  0.6852794 0.02145681
  0.6916018 0.02104643
  0.697929 0.02063491
  0.7042624 0.02022199
  0.7105933 0.01980831
  0.7169149 0.01939455
  0.7232263 0.018981
  0.7295276 0.01856788
  0.735819 0.01815541
  0.7421016 0.01774373
  0.7483767 0.017333
  0.7546464 0.01692329
  0.7609129 0.01651468
  0.7671792 0.01610721
  0.7734487 0.01570086
  0.7797253 0.01529562
  0.7860136 0.01489143
  0.7923186 0.01448819
  0.7986451 0.01408584
  0.8049635 0.01368645
  0.8112482 0.01329114
  0.8174956 0.01289938
  0.8237044 0.01251054
  0.8298749 0.01212389
  0.8360092 0.01173863
  0.8421108 0.01135387
  0.8481849 0.01096865
  0.8542376 0.01058196
  0.8602769 0.01019268
  0.8663115 0.009799585
  0.8723522 0.009401359
  0.878411 0.008996517
  0.884502 0.008583391
  0.8906418 0.00816007
  0.8968497 0.007724323
  0.9031434 0.007273947
  0.9093962 0.006818234
  0.9155366 0.006363944
  0.9215822 0.005911371
  0.9275637 0.00545962
  0.9335235 0.005006747
  0.9395171 0.004549694
  0.945619 0.004083957
  0.9518724 0.003607501
  0.9578944 0.003150301
  0.9635483 0.002722554
  0.9688253 0.002324648
  0.9737402 0.001955197
  0.9783197 0.001611953
  0.9825948 0.001292384
  0.9865969 0.0009939916
  0.9903549 0.0007144643
  0.993895 0.0004517325
  0.9972405 0.0002039762
  1.0 0.0
