GOE 416A AIRFOIL
  1.0 0.00135
  0.9971411 0.001736099
  0.993679 0.00220368
  0.990021 0.002697777
  0.9861449 0.003221373
  0.9820261 0.003777797
  0.9776381 0.004370663
  0.9729529 0.005003738
  0.9679439 0.005680637
  0.9625899 0.006404258
  0.9568815 0.007175863
  0.9508317 0.007993735
  0.9445334 0.00884534
  0.9383446 0.009682477
  0.9322621 0.01050584
  0.9262165 0.01132508
  0.9201557 0.01214749
  0.9140406 0.01297869
  0.9078434 0.01382276
  0.9015491 0.01468215
  0.8952105 0.01554994
  0.8889451 0.01640982
  0.8827409 0.01726274
  0.8765812 0.01811033
  0.8704519 0.01895391
  0.8643407 0.01979453
  0.8582374 0.02063305
  0.8521326 0.02147011
  0.8460187 0.02230616
  0.8398891 0.0231415
  0.8337385 0.0239762
  0.8275627 0.02481018
  0.8213587 0.02564315
  0.8151249 0.02647464
  0.8088611 0.02730395
  0.8025686 0.02813017
  0.7962502 0.02895219
  0.7899103 0.02976886
  0.7835538 0.0305794
  0.7771852 0.03138312
  0.7708085 0.03217939
  0.764428 0.03296758
  0.7580466 0.03374729
  0.7516654 0.03451831
  0.7452875 0.0352802
  0.7389147 0.03603272
  0.732548 0.03677569
  0.7261881 0.03750901
  0.719835 0.03823265
  0.7134884 0.03894659
  0.7071474 0.03965092
  0.7008107 0.04034573
  0.6944764 0.04103119
  0.6881425 0.04170773
  0.6818068 0.04237613
  0.6754677 0.04303713
  0.6691238 0.04369145
  0.6627739 0.04433976
  0.6564172 0.04498271
  0.6500533 0.04562091
  0.6436819 0.04625494
  0.6373032 0.04688537
  0.6309176 0.04751272
  0.6245259 0.04813749
  0.6181292 0.04876016
  0.6117305 0.04938103
  0.6053327 0.05000038
  0.5989343 0.05061899
  0.5925355 0.05123734
  0.5861418 0.05185442
  0.5797555 0.05246868
  0.5733783 0.05307859
  0.5670116 0.05368268
  0.5606561 0.05427954
  0.5543125 0.05486781
  0.5479809 0.05544619
  0.5416608 0.05601343
  0.5353518 0.05656832
  0.5290528 0.0571097
  0.5227624 0.05763644
  0.516479 0.05814745
  0.5102005 0.05864163
  0.5039244 0.05911792
  0.4976481 0.05957525
  0.4913685 0.06001268
  0.4850824 0.06043054
  0.4787871 0.06083005
  0.4724804 0.06121239
  0.4661607 0.06157867
  0.4598268 0.06192998
  0.453478 0.0622674
  0.4471145 0.06259196
  0.4407366 0.0629047
  0.4343456 0.06320663
  0.4279431 0.06349878
  0.4215315 0.06378215
  0.4151137 0.06405776
  0.4086935 0.06432659
  0.4022751 0.06458965
  0.3958632 0.06484791
  0.3894632 0.06510193
  0.3830802 0.06534987
  0.3767183 0.0655891
  0.3703807 0.06581712
  0.3640692 0.06603152
  0.3577847 0.06623
  0.3515274 0.06641036
  0.3452961 0.06657048
  0.3390893 0.06670831
  0.3329043 0.06682182
  0.3267378 0.06690903
  0.3205858 0.06696792
  0.3144433 0.06699643
  0.308305 0.06699244
  0.3021644 0.06695368
  0.2960143 0.06687774
  0.2898466 0.0667624
  0.2836531 0.06660801
  0.2774268 0.06641602
  0.2711622 0.06618781
  0.2648554 0.06592483
  0.2585046 0.0656286
  0.25211 0.06530084
  0.2457083 0.06494543
  0.2393429 0.06456734
  0.2330066 0.06416885
  0.2266902 0.06375192
  0.2203821 0.06331823
  0.2140693 0.06286919
  0.2077365 0.06240592
  0.2013659 0.06192928
  0.1949709 0.06144248
  0.1886485 0.06095274
  0.1824207 0.06045317
  0.1762921 0.05993465
  0.1702583 0.05938817
  0.1643082 0.05880477
  0.1584249 0.05817519
  0.1525865 0.05748944
  0.1467661 0.05673623
  0.1409313 0.05590345
  0.1350478 0.05498644
  0.1290913 0.0539847
  0.1230499 0.05289941
  0.1169276 0.05173487
  0.1107477 0.05050005
  0.1045551 0.0492099
  0.09841487 0.04788545
  0.09240399 0.0465506
  0.08658245 0.04521092
  0.08094855 0.04385066
  0.07544807 0.04244289
  0.06998729 0.04094802
  0.06444023 0.0393171
  0.05873822 0.03752081
  0.05296863 0.03558017
  0.04739431 0.03358956
  0.04230854 0.03167264
  0.03778836 0.02987255
  0.03371243 0.02815423
  0.02992784 0.02646071
  0.02628257 0.02472107
  0.02258598 0.02282288
  0.01851566 0.02051206
  0.01444334 0.01785907
  0.01142575 0.01564156
  0.009269711 0.01392492
  0.007628449 0.01252893
  0.006313463 0.01133812
  0.005222784 0.01028697
  0.00429856 0.009337479
  0.003505159 0.008465817
  0.00281917 0.007656033
  0.002224471 0.006896879
  0.001709583 0.006180099
  0.001266152 0.005499422
  0.00088804 0.004849957
  0.0005707509 0.004227797
  0.0003110643 0.003629758
  0.0001068 0.0030532
  -4.332811e-05 0.002495895
  -0.0001397926 0.001955933
  -0.0001822784 0.001431649
  -0.0001696579 0.0009215688
  -9.991108e-05 0.0004243583
  3.002069e-05 -6.121717e-05
  0.0002230612 -0.0005366763
  0.0004795997 -0.001004389
  0.0008005373 -0.001466772
  0.001187976 -0.001926231
  0.001645373 -0.002385276
  0.002177816 -0.00284667
  0.002792493 -0.003313607
  0.003499441 -0.003789995
  0.004312805 -0.004280882
  0.005253 -0.004793204
  0.006350719 -0.005337176
  0.007654995 -0.005929179
  0.009251439 -0.006598597
  0.0113104 -0.007407376
  0.01414672 -0.008487513
  0.01889449 -0.01031706
  0.02440675 -0.0124273
  0.02883713 -0.01404663
  0.03288376 -0.01545212
  0.03693534 -0.0167985
  0.04121476 -0.01816255
  0.04592565 -0.01960284
  0.0512569 -0.02116336
  0.05719879 -0.02282335
  0.0633823 -0.02446612
  0.06954411 -0.02602106
  0.07551577 -0.02745436
  0.0813332 -0.02878584
  0.0871167 -0.03005187
  0.09295117 -0.03127666
  0.09888325 -0.03247378
  0.1049198 -0.03364789
  0.1110301 -0.03479349
  0.1171761 -0.03590024
  0.1233263 -0.03695964
  0.1294574 -0.03796557
  0.1355554 -0.03891409
  0.1416152 -0.0398031
  0.14764 -0.04063189
  0.15364 -0.04140061
  0.159632 -0.04211126
  0.1656329 -0.04276979
  0.1716569 -0.04338213
  0.1777151 -0.04395355
  0.1838159 -0.04448888
  0.1899646 -0.04499262
  0.1961631 -0.0454691
  0.2024099 -0.04592254
  0.2086992 -0.04635662
  0.2150232 -0.04677147
  0.2213744 -0.04716584
  0.2277452 -0.04753857
  0.2341288 -0.04788864
  0.240519 -0.04821514
  0.2469099 -0.04851729
  0.2532965 -0.04879442
  0.2596745 -0.04904597
  0.2660404 -0.04927148
  0.2723914 -0.04947056
  0.2787253 -0.04964291
  0.2850408 -0.04978827
  0.2913373 -0.04990643
  0.2976146 -0.04999721
  0.3038734 -0.05006042
  0.3101148 -0.05009583
  0.3163401 -0.05010293
  0.3225505 -0.0500811
  0.3287472 -0.05002974
  0.3349316 -0.04994821
  0.341105 -0.04983586
  0.3472686 -0.04969201
  0.3534239 -0.04951594
  0.3595721 -0.04930693
  0.3657148 -0.0490642
  0.3718534 -0.04878695
  0.3779892 -0.04847434
  0.384124 -0.04812548
  0.3902592 -0.04773943
  0.3963965 -0.04731522
  0.4025376 -0.0468518
  0.4086842 -0.0463484
  0.4148384 -0.04580645
  0.4210022 -0.04522827
  0.4271773 -0.0446162
  0.4333652 -0.04397262
  0.4395671 -0.04329994
  0.4457841 -0.04260064
  0.4520168 -0.04187727
  0.4582657 -0.04113243
  0.4645309 -0.04036881
  0.4708123 -0.03958921
  0.4771095 -0.0387965
  0.4834216 -0.03799365
  0.4897475 -0.03718371
  0.4960858 -0.03636984
  0.5024346 -0.03555527
  0.5087918 -0.03474296
  0.5151549 -0.03393429
  0.5215218 -0.03313014
  0.5278903 -0.0323314
  0.5342588 -0.03153888
  0.5406254 -0.03075339
  0.546989 -0.0299757
  0.5533483 -0.02920651
  0.5597024 -0.02844653
  0.5660507 -0.02769641
  0.5723926 -0.02695677
  0.5787279 -0.02622818
  0.5850566 -0.02551121
  0.5913789 -0.02480639
  0.5976952 -0.02411422
  0.604006 -0.02343516
  0.6103121 -0.0227694
  0.6166143 -0.0221167
  0.6229132 -0.02147682
  0.6292098 -0.0208495
  0.6355047 -0.02023449
  0.641799 -0.01963153
  0.6480934 -0.0190404
  0.6543889 -0.01846084
  0.6606866 -0.01789263
  0.6669874 -0.01733554
  0.6732924 -0.01678933
  0.6796026 -0.01625379
  0.6859193 -0.01572869
  0.6922436 -0.01521381
  0.6985769 -0.01470895
  0.7049203 -0.0142139
  0.7112752 -0.01372846
  0.7176424 -0.01325246
  0.7240224 -0.01278579
  0.730415 -0.01232835
  0.7368197 -0.01188009
  0.7432311 -0.01144126
  0.7496361 -0.01101263
  0.7560353 -0.01059394
  0.7624313 -0.01018487
  0.7688273 -0.009785045
  0.7752268 -0.009394091
  0.7816341 -0.009011626
  0.7880486 -0.008637555
  0.7944492 -0.008272938
  0.8008278 -0.007918012
  0.8071787 -0.007572924
  0.8134972 -0.007238031
  0.8197805 -0.006913629
  0.8260277 -0.006599894
  0.8322396 -0.006296908
  0.8384184 -0.006004675
  0.8445681 -0.005723138
  0.8506938 -0.0054522
  0.8568021 -0.005191734
  0.8629007 -0.004941596
  0.8689988 -0.004701641
  0.875107 -0.00447173
  0.8812377 -0.004251738
  0.8874051 -0.004041569
  0.8936261 -0.003841164
  0.8999205 -0.003650516
  0.9063059 -0.003469573
  0.9126552 -0.003300801
  0.9189024 -0.003143968
  0.9250717 -0.002996501
  0.9312006 -0.002855769
  0.9373399 -0.002719052
  0.943557 -0.002583393
  0.9499136 -0.002445969
  0.9560972 -0.002312166
  0.9619404 -0.002185339
  0.9674201 -0.002066057
  0.9725405 -0.001954295
  0.9773218 -0.001849674
  0.9817911 -0.001751652
  0.9859776 -0.00165963
  0.9899099 -0.001573021
  0.9936141 -0.001491277
  0.997114 -0.001413905
  1.0 -0.00135
