GOE 476 AIRFOIL
  1.0 0.0
  0.99588 0.001261002
  0.9909395 0.00276447
  0.9857836 0.004323373
  0.9803999 0.005940208
  0.9747768 0.007616986
  0.9689049 0.009354933
  0.9627784 0.0111541
  0.9563968 0.01301286
  0.9497668 0.01492743
  0.9429046 0.01689135
  0.9358342 0.01889595
  0.9285834 0.02093163
  0.9211815 0.02298877
  0.9136552 0.02505856
  0.9060267 0.02713385
  0.8983107 0.02920967
  0.890513 0.03128392
  0.8826353 0.03335669
  0.8746798 0.03542829
  0.8666494 0.03749891
  0.8585482 0.03956858
  0.8503811 0.04163721
  0.8421541 0.04370454
  0.8338743 0.04577016
  0.8255501 0.04783346
  0.8171908 0.04989368
  0.808807 0.05194988
  0.80041 0.05400096
  0.792012 0.05604546
  0.7836248 0.05807989
  0.7752576 0.06009998
  0.7669177 0.0621021
  0.7586098 0.0640832
  0.7503368 0.06604084
  0.7420994 0.06797313
  0.7338962 0.06987867
  0.7257245 0.07175654
  0.7175794 0.07360619
  0.7094547 0.07542743
  0.7013426 0.07722039
  0.6932337 0.07898549
  0.6851179 0.08072445
  0.6769867 0.08243993
  0.6688337 0.08413412
  0.6606546 0.08580869
  0.6524473 0.08746487
  0.644212 0.0891034
  0.6359511 0.0907246
  0.6276697 0.09232833
  0.6193752 0.09391405
  0.6110776 0.09548085
  0.6027894 0.09702741
  0.594525 0.09855216
  0.5863003 0.100052
  0.5781291 0.1015211
  0.5700212 0.1029544
  0.5619829 0.1043477
  0.5540174 0.1056974
  0.5461249 0.107001
  0.538303 0.1082563
  0.5305474 0.1094617
  0.5228518 0.1106161
  0.515208 0.1117183
  0.5076067 0.1127675
  0.5000369 0.1137631
  0.4924863 0.1147042
  0.4849417 0.1155916
  0.4773921 0.1164273
  0.4698286 0.1172133
  0.4622445 0.1179507
  0.4546356 0.1186405
  0.4469999 0.1192834
  0.439338 0.1198797
  0.4316528 0.1204297
  0.42395 0.1209336
  0.4162379 0.1213915
  0.4085277 0.1218036
  0.4008328 0.1221704
  0.3931689 0.1224924
  0.385553 0.1227689
  0.3779997 0.1229972
  0.3705191 0.1231749
  0.3631171 0.1232999
  0.355796 0.1233707
  0.3485548 0.1233859
  0.3413896 0.1233443
  0.3342946 0.1232445
  0.3272616 0.1230852
  0.320281 0.1228647
  0.3133413 0.1225811
  0.3064294 0.122232
  0.2995305 0.1218144
  0.2926279 0.1213246
  0.285703 0.1207605
  0.278739 0.1201223
  0.2717222 0.1194105
  0.2646421 0.1186255
  0.2574924 0.1177678
  0.250271 0.1168386
  0.242981 0.1158399
  0.2356315 0.1147749
  0.2282381 0.1136483
  0.2208234 0.1124665
  0.2134169 0.1112378
  0.2060534 0.1099721
  0.1987718 0.108681
  0.1916121 0.1073762
  0.1846105 0.1060619
  0.1777896 0.1047351
  0.1711577 0.1033917
  0.1647126 0.1020269
  0.1584452 0.1006355
  0.1523414 0.09921154
  0.1463843 0.097749
  0.1405559 0.09624203
  0.1348425 0.09468895
  0.1292396 0.09309102
  0.1237502 0.09145161
  0.1183827 0.08977608
  0.1131494 0.08807153
  0.1080645 0.08634642
  0.103142 0.08461001
  0.09839439 0.0828718
  0.09383173 0.08114057
  0.08946077 0.0794196
  0.08528029 0.07770712
  0.08128183 0.07599961
  0.07745308 0.07429251
  0.07378003 0.07258071
  0.07024808 0.07085896
  0.0668415 0.06912713
  0.06354866 0.06739108
  0.06036428 0.06565875
  0.05728725 0.0639394
  0.05431885 0.06224277
  0.05146135 0.06057841
  0.04871681 0.05895495
  0.04608677 0.05737926
  0.04357517 0.05585206
  0.04118438 0.05436939
  0.03891263 0.05292647
  0.03675564 0.05151835
  0.0347078 0.05014018
  0.03276296 0.04878745
  0.03091487 0.04745596
  0.02915749 0.04614192
  0.0274851 0.04484189
  0.02589243 0.04355275
  0.02437463 0.04227166
  0.02292726 0.04099605
  0.02154517 0.03972369
  0.02022244 0.03845317
  0.01895432 0.037184
  0.01773712 0.03591636
  0.01656786 0.03465101
  0.01544408 0.03338912
  0.01436367 0.03213214
  0.01332479 0.0308817
  0.0123257 0.02963949
  0.0113648 0.02840721
  0.01044135 0.02718678
  0.009557301 0.02598082
  0.008714316 0.02479126
  0.007913195 0.02361927
  0.007154125 0.02246539
  0.006436868 0.02132972
  0.005760907 0.02021206
  0.00512555 0.01911194
  0.004530015 0.01802879
  0.003973481 0.01696188
  0.003455133 0.01591045
  0.00297419 0.0148737
  0.002529925 0.01385079
  0.002121679 0.0128409
  0.001748871 0.01184318
  0.001411006 0.01085682
  0.001107679 0.009880994
  0.0008385787 0.008914907
  0.0006034939 0.007957761
  0.0004023145 0.007008773
  0.0002350372 0.006067162
  0.0001017704 0.005132152
  2.740195e-06 0.004202965
  -6.17021e-05 0.003278819
  -9.107013e-05 0.002358916
  -8.473088e-05 0.001442444
  -4.188996e-05 0.0005285641
  3.840068e-05 -0.0003835938
  0.0001563912 -0.001294783
  0.0003114241 -0.002205545
  0.0005029479 -0.003116353
  0.0007305684 -0.004027623
  0.000994035 -0.004939717
  0.001293229 -0.005852945
  0.001628156 -0.006767564
  0.001998936 -0.007683775
  0.002405798 -0.008601721
  0.002849075 -0.009521479
  0.003329196 -0.01044305
  0.003846681 -0.01136637
  0.004402135 -0.01229125
  0.004996233 -0.01321741
  0.005629717 -0.01414443
  0.006303374 -0.01507174
  0.007018018 -0.01599857
  0.007774461 -0.01692395
  0.008573478 -0.01784661
  0.009415754 -0.01876501
  0.01030182 -0.01967719
  0.01123199 -0.0205808
  0.0122062 -0.02147296
  0.01322396 -0.0223502
  0.01428436 -0.02320877
  0.01538746 -0.02404634
  0.01653375 -0.02486136
  0.01772368 -0.02565237
  0.01895768 -0.02641808
  0.02023626 -0.02715736
  0.02156003 -0.02786927
  0.02292982 -0.02855309
  0.02434677 -0.02920831
  0.02581249 -0.02983468
  0.0273292 -0.03043216
  0.02889973 -0.03100089
  0.03052723 -0.03154104
  0.03221517 -0.03205277
  0.03396733 -0.03253627
  0.0357878 -0.03299174
  0.03768101 -0.03341949
  0.03965172 -0.03381992
  0.04170495 -0.03419358
  0.04384589 -0.03454129
  0.04607974 -0.03486418
  0.04841142 -0.03516389
  0.0508451 -0.03544271
  0.0533839 -0.03570334
  0.05603267 -0.03594592
  0.05879748 -0.03616918
  0.0616844 -0.03637201
  0.06469945 -0.03655351
  0.06784865 -0.03671314
  0.07113804 -0.03685082
  0.07457401 -0.03696709
  0.07816366 -0.03706316
  0.08191415 -0.03713778
  0.08583172 -0.03718607
  0.0899224 -0.03720214
  0.09419233 -0.03717919
  0.09864831 -0.03710928
  0.1032987 -0.03698324
  0.1081551 -0.03679447
  0.1132313 -0.03654143
  0.1185415 -0.03622397
  0.1240992 -0.03584334
  0.1299172 -0.03540271
  0.136006 -0.03490786
  0.1423732 -0.03436784
  0.1490219 -0.03379573
  0.1559492 -0.03320823
  0.1631445 -0.03261354
  0.1705902 -0.03201271
  0.1782624 -0.03140657
  0.1861328 -0.03079571
  0.1941706 -0.0301804
  0.2023453 -0.02956034
  0.2106294 -0.02893584
  0.2189975 -0.02831
  0.2274252 -0.02768632
  0.2358903 -0.02706815
  0.2443734 -0.0264586
  0.2528588 -0.02586045
  0.2613346 -0.02527612
  0.269793 -0.02470768
  0.2782305 -0.02415687
  0.2866473 -0.02362512
  0.2950475 -0.02311362
  0.3034388 -0.02262335
  0.3118319 -0.02215382
  0.3202372 -0.02170236
  0.3286634 -0.02126625
  0.337117 -0.02084288
  0.3456031 -0.02042976
  0.3541245 -0.02002445
  0.3626822 -0.01962454
  0.371275 -0.0192277
  0.3798991 -0.01883161
  0.3885488 -0.01843402
  0.3972154 -0.01803274
  0.405888 -0.01762589
  0.4145546 -0.01721455
  0.4232047 -0.01680199
  0.4318302 -0.01639141
  0.4404254 -0.01598584
  0.4489868 -0.01558814
  0.4575131 -0.015201
  0.466005 -0.01482696
  0.4744653 -0.01446839
  0.4828986 -0.01412757
  0.491311 -0.01380669
  0.4997106 -0.0135079
  0.5081071 -0.01323271
  0.5165102 -0.01297934
  0.5249284 -0.01274496
  0.5333683 -0.01252685
  0.5418352 -0.01232234
  0.5503326 -0.01212878
  0.5588626 -0.01194351
  0.5674252 -0.01176386
  0.5760187 -0.01158715
  0.5846395 -0.01141066
  0.5932817 -0.01123166
  0.6019375 -0.01104744
  0.6105973 -0.01085686
  0.6192515 -0.01066251
  0.6278915 -0.01046752
  0.6365103 -0.01027493
  0.645102 -0.01008774
  0.6536622 -0.009908826
  0.6621877 -0.009740986
  0.6706764 -0.009586898
  0.6791275 -0.009449142
  0.6875414 -0.009330207
  0.6959192 -0.009232501
  0.7042633 -0.009158248
  0.7125766 -0.00910641
  0.7208622 -0.009072515
  0.7291235 -0.009052025
  0.7373639 -0.009040506
  0.745587 -0.009033603
  0.7537964 -0.009027022
  0.7619961 -0.009016514
  0.77019 -0.008997853
  0.7783823 -0.00896681
  0.7865774 -0.008919136
  0.7947799 -0.008850535
  0.8029948 -0.008756666
  0.8112268 -0.008635107
  0.8194792 -0.008486603
  0.8277531 -0.008312212
  0.836047 -0.008113062
  0.844357 -0.007890385
  0.8526765 -0.007645554
  0.8609963 -0.007380106
  0.8693047 -0.007095755
  0.8775879 -0.006794403
  0.8858297 -0.006478126
  0.8940126 -0.006149153
  0.9021181 -0.005809821
  0.9101264 -0.005461422
  0.9180142 -0.005103279
  0.9257542 -0.004735004
  0.9333176 -0.004356776
  0.9406765 -0.003969269
  0.9478066 -0.003573559
  0.9546886 -0.003171067
  0.96131 -0.002764144
  0.9676667 -0.002355318
  0.9737614 -0.001946623
  0.9796014 -0.001539641
  0.9851972 -0.001135566
  0.9905609 -0.0007352751
  0.9957057 -0.0003393923
  1.0 0.0
