GOE 572 AIRFOIL
  1.0 0.0
  0.9968828 0.001541746
  0.9931587 0.003347868
  0.9892871 0.00518467
  0.9852576 0.007052604
  0.9810591 0.008951869
  0.97668 0.0108823
  0.9721081 0.01284326
  0.9673311 0.01483344
  0.962337 0.01685068
  0.9571146 0.01889176
  0.9516542 0.02095203
  0.9459489 0.02302566
  0.9399978 0.02511051
  0.9338051 0.02720781
  0.9273804 0.02931959
  0.9207379 0.03144892
  0.9138973 0.03360006
  0.9068826 0.03577867
  0.8997212 0.03799199
  0.8924413 0.04024575
  0.8850677 0.04253428
  0.8776249 0.04484857
  0.8701765 0.04716728
  0.8627541 0.04947896
  0.8553388 0.05178792
  0.8479142 0.05409759
  0.8404673 0.05641044
  0.8330099 0.0587211
  0.8255865 0.06101424
  0.8182012 0.0632871
  0.8108531 0.06553856
  0.803538 0.06776845
  0.7962494 0.06997747
  0.788979 0.0721676
  0.7817192 0.07434156
  0.7744632 0.07650176
  0.7672055 0.07865028
  0.7599411 0.08078891
  0.7526662 0.08291913
  0.7453775 0.08504219
  0.7380729 0.08715906
  0.7307509 0.08927044
  0.7234109 0.09137678
  0.7160535 0.0934783
  0.7086798 0.0955749
  0.7012922 0.09766626
  0.693894 0.09975174
  0.6864888 0.10183
  0.67908 0.1038996
  0.6716706 0.1059592
  0.664263 0.1080075
  0.6568597 0.1100433
  0.6494622 0.1120657
  0.642072 0.1140738
  0.6346902 0.1160668
  0.6273173 0.1180441
  0.6199534 0.1200052
  0.6125986 0.1219496
  0.6052522 0.1238771
  0.5979134 0.1257875
  0.5905809 0.1276804
  0.5832537 0.1295555
  0.5759309 0.1314125
  0.5686119 0.1332507
  0.5612965 0.1350696
  0.5539846 0.1368685
  0.5466766 0.1386466
  0.5393732 0.1404031
  0.5320751 0.1421372
  0.5247836 0.143848
  0.5175001 0.1455346
  0.5102263 0.1471959
  0.5029641 0.148831
  0.4957157 0.1504389
  0.4884833 0.1520177
  0.4812691 0.1535645
  0.4740753 0.1550768
  0.4669037 0.1565518
  0.4597563 0.1579871
  0.4526347 0.1593803
  0.4455407 0.1607291
  0.4384758 0.1620315
  0.4314413 0.1632855
  0.4244386 0.1644891
  0.4174689 0.1656408
  0.4105333 0.1667387
  0.4036328 0.1677816
  0.3967682 0.168768
  0.3899405 0.1696967
  0.3831504 0.1705668
  0.3763979 0.1713775
  0.3696822 0.172128
  0.363002 0.1728178
  0.3563555 0.1734464
  0.3497402 0.1740132
  0.3431532 0.1745178
  0.3365912 0.1749594
  0.3300504 0.1753375
  0.3235265 0.1756513
  0.317015 0.1758999
  0.3105106 0.1760823
  0.3040077 0.1761972
  0.2975004 0.1762431
  0.2909825 0.1762177
  0.2844504 0.1761172
  0.2779037 0.1759374
  0.2713451 0.1756741
  0.2647804 0.1753233
  0.2582191 0.1748815
  0.2516737 0.1743458
  0.2451595 0.1737144
  0.2386948 0.1729866
  0.2322992 0.1721631
  0.2259937 0.1712464
  0.2197991 0.1702401
  0.2137352 0.1691497
  0.2078197 0.1679814
  0.2020679 0.1667427
  0.1964916 0.1654414
  0.1911005 0.1640829
  0.1858968 0.1626683
  0.1808734 0.1611967
  0.1760171 0.1596655
  0.1713117 0.1580706
  0.1667386 0.156406
  0.1622784 0.154664
  0.157911 0.1528346
  0.1536147 0.1509051
  0.1493664 0.1488586
  0.1451389 0.1466752
  0.1408974 0.1443403
  0.136607 0.1418406
  0.1322339 0.1391613
  0.127745 0.1362873
  0.1231095 0.1332052
  0.1183013 0.1299071
  0.1133062 0.1263979
  0.1081324 0.122705
  0.1028241 0.1188903
  0.09747004 0.1150539
  0.09219719 0.1112945
  0.0871104 0.1076478
  0.08224891 0.1041058
  0.07760537 0.1006347
  0.07314624 0.09718611
  0.06882213 0.09370881
  0.064591 0.09017316
  0.0604384 0.0865715
  0.05637451 0.08291744
  0.05242928 0.07924523
  0.04864437 0.07560482
  0.04506532 0.07205178
  0.04172423 0.06862585
  0.03862529 0.06534082
  0.03575626 0.06219411
  0.03309817 0.05917492
  0.03063056 0.05626906
  0.02833395 0.05346147
  0.02619089 0.05073734
  0.02418613 0.04808247
  0.02229673 0.04548009
  0.02049271 0.04292204
  0.01876225 0.04042515
  0.01710639 0.03802009
  0.01553045 0.0357364
  0.01403785 0.03359234
  0.01262782 0.0315927
  0.01129778 0.02973277
  0.01005612 0.0280059
  0.008907416 0.02640032
  0.007848659 0.02490147
  0.006874025 0.02349543
  0.005977089 0.02217003
  0.005151722 0.02091496
  0.004392412 0.01972158
  0.003694341 0.01858265
  0.003053354 0.01749209
  0.0024659 0.01644478
  0.001928958 0.01543636
  0.001439971 0.01446308
  0.0009967874 0.01352171
  0.0005976096 0.01260946
  0.0002409554 0.01172387
  -7.43764e-05 0.01086278
  -0.0003493321 0.01002428
  -0.0005846229 0.009206649
  -0.0007807398 0.008408359
  -0.0009379633 0.007628021
  -0.001056369 0.006864375
  -0.001135826 0.006116267
  -0.001175998 0.005382633
  -0.001176331 0.004662486
  -0.001136038 0.003954902
  -0.001054084 0.003259009
  -0.000929154 0.002573975
  -0.0007596203 0.001898999
  -0.0005434919 0.001233299
  -0.0002783529 0.0005760992
  3.871995e-05 -7.338012e-05
  0.0004102481 -0.0007159344
  0.0008364243 -0.001352314
  0.001317326 -0.001983154
  0.001853393 -0.002608969
  0.002445418 -0.003230148
  0.003094539 -0.003846947
  0.003802236 -0.004459469
  0.004570328 -0.005067629
  0.005400952 -0.005671105
  0.00629654 -0.006269272
  0.007259742 -0.006861092
  0.008293299 -0.00744497
  0.009399793 -0.008018535
  0.01058121 -0.008578335
  0.01183815 -0.009119406
  0.01316877 -0.009634807
  0.014574 -0.01011872
  0.01606139 -0.01056872
  0.01763988 -0.01098321
  0.01931962 -0.01136173
  0.02111233 -0.01170566
  0.02303187 -0.0120192
  0.02509539 -0.01231072
  0.02732408 -0.01259093
  0.02973972 -0.01286063
  0.03236553 -0.01311722
  0.03522644 -0.01335774
  0.03834807 -0.013579
  0.04175507 -0.0137779
  0.04546931 -0.01395207
  0.04950889 -0.01410084
  0.05389134 -0.01422554
  0.05864043 -0.01432421
  0.0637749 -0.0143936
  0.06930116 -0.01443193
  0.0752133 -0.0144399
  0.08149773 -0.01442049
  0.08812675 -0.01437557
  0.0950542 -0.01430829
  0.1022219 -0.01422405
  0.1095697 -0.01412705
  0.1170394 -0.01401705
  0.1245774 -0.01389353
  0.1321403 -0.01375607
  0.1396989 -0.01360422
  0.1472399 -0.01343744
  0.1547658 -0.01325505
  0.1622894 -0.01305876
  0.1698231 -0.01285212
  0.1773764 -0.01263878
  0.184956 -0.01242248
  0.1925654 -0.01220715
  0.2002052 -0.01199689
  0.2078726 -0.01179507
  0.2155634 -0.0116016
  0.2232735 -0.01141555
  0.2309989 -0.01123595
  0.2387361 -0.01106177
  0.2464819 -0.01089198
  0.2542333 -0.0107255
  0.261988 -0.01056127
  0.2697438 -0.01039817
  0.277499 -0.01023511
  0.2852525 -0.01007096
  0.2930032 -0.009904611
  0.3007507 -0.009734925
  0.308495 -0.009561215
  0.3162362 -0.009384145
  0.3239743 -0.009204641
  0.3317094 -0.009023625
  0.3394416 -0.008842019
  0.3471708 -0.008660744
  0.3548969 -0.008480719
  0.36262 -0.008302861
  0.37034 -0.008128086
  0.3780566 -0.007957307
  0.3857699 -0.007791437
  0.3934795 -0.007631386
  0.4011853 -0.007478059
  0.408887 -0.00733219
  0.4165844 -0.007194067
  0.4242775 -0.007063902
  0.4319661 -0.006941905
  0.4396505 -0.006828286
  0.4473307 -0.00672325
  0.4550071 -0.006627004
  0.4626801 -0.006539751
  0.4703501 -0.006461697
  0.4780177 -0.00639305
  0.4856836 -0.006334016
  0.4933485 -0.006284807
  0.5010133 -0.006245636
  0.508679 -0.006216567
  0.5163466 -0.006197244
  0.5240169 -0.00618724
  0.5316909 -0.006186136
  0.5393693 -0.006193513
  0.547053 -0.006208953
  0.5547428 -0.006232043
  0.5624394 -0.006262369
  0.5701435 -0.006299517
  0.5778557 -0.006343073
  0.5855767 -0.006392623
  0.593307 -0.00644775
  0.6010472 -0.006508037
  0.6087977 -0.006573207
  0.6165587 -0.006643367
  0.6243297 -0.006718688
  0.6321098 -0.006799334
  0.6398972 -0.006885459
  0.6476897 -0.006977207
  0.6554845 -0.007074707
  0.6632778 -0.007178072
  0.6710658 -0.007287395
  0.6788436 -0.007402748
  0.6866061 -0.007524175
  0.6943475 -0.007651697
  0.7020618 -0.007785296
  0.7097426 -0.007923949
  0.7173848 -0.008064832
  0.7249852 -0.008205026
  0.7325423 -0.008341735
  0.7400563 -0.00847229
  0.747529 -0.008594135
  0.7549635 -0.008704815
  0.7623642 -0.008801952
  0.7697368 -0.008883217
  0.777088 -0.008946301
  0.784426 -0.008988873
  0.79176 -0.009008539
  0.7991006 -0.009002795
  0.8064596 -0.00896981
  0.8138486 -0.008912656
  0.8212752 -0.008836283
  0.8287426 -0.00874579
  0.8362491 -0.008646495
  0.8437881 -0.008543967
  0.8513472 -0.008443997
  0.8589087 -0.008352507
  0.8664496 -0.008275387
  0.8739425 -0.008218283
  0.881357 -0.008186343
  0.8886615 -0.008183966
  0.8958249 -0.008214591
  0.9028188 -0.008280216
  0.9096187 -0.008368302
  0.9162081 -0.008451022
  0.9225793 -0.008504329
  0.9287318 -0.00850899
  0.9346698 -0.008450015
  0.9404006 -0.008315964
  0.9459336 -0.008098275
  0.9512794 -0.007790679
  0.9564488 -0.00739251
  0.9614532 -0.006911314
  0.9663026 -0.006354729
  0.9710067 -0.005729548
  0.975574 -0.005041828
  0.9800126 -0.004296981
  0.9843298 -0.003499856
  0.9885324 -0.002654805
  0.9926266 -0.001765743
  0.9966182 -0.0008362019
  1.0 0.0
