GOE 515 AIRFOIL
  1.0 0.0
  0.9968809 0.0005406308
  0.993105 0.001195816
  0.9891182 0.001888445
  0.9848989 0.002622382
  0.9804246 0.003401746
  0.9756721 0.004230742
  0.9706202 0.005113314
  0.9652525 0.006052569
  0.9595628 0.007049875
  0.9535618 0.008103632
  0.9472851 0.00920787
  0.940822 0.01034629
  0.934419 0.0114737
  0.9280699 0.01258944
  0.9217184 0.0137016
  0.9153232 0.01481557
  0.9088566 0.01593415
  0.9023759 0.01704542
  0.895969 0.01813268
  0.88962 0.01919865
  0.8833122 0.02024704
  0.8770309 0.02128109
  0.8707638 0.02230356
  0.8645002 0.02331686
  0.8582309 0.02432309
  0.8519482 0.0253241
  0.8456456 0.02632149
  0.8393179 0.02731664
  0.8329612 0.02831075
  0.826573 0.02930476
  0.8201523 0.03029941
  0.8136997 0.03129524
  0.8072174 0.0322925
  0.8007097 0.03329121
  0.7941824 0.03429091
  0.7876475 0.03528905
  0.7811172 0.0362826
  0.7745869 0.03727116
  0.7680516 0.03825434
  0.7615143 0.03923057
  0.7549872 0.04019686
  0.7484732 0.04115172
  0.7419743 0.04209385
  0.7354913 0.04302206
  0.7290245 0.04393531
  0.7225737 0.04483266
  0.7161378 0.04571328
  0.7097151 0.04657643
  0.7033035 0.04742146
  0.6968999 0.04824779
  0.6905014 0.04905558
  0.6841049 0.0498456
  0.6777079 0.05061858
  0.6713084 0.05137521
  0.6649042 0.05211609
  0.6584941 0.05284178
  0.6520766 0.05355279
  0.645651 0.05424956
  0.6392166 0.05493252
  0.6327734 0.05560205
  0.6263213 0.05625849
  0.6198609 0.05690215
  0.613393 0.05753333
  0.6069189 0.05815227
  0.60044 0.05875922
  0.5939583 0.05935425
  0.5874757 0.05993677
  0.5809938 0.06050598
  0.5745143 0.06106116
  0.5680384 0.06160157
  0.561567 0.06212656
  0.555101 0.06263546
  0.5486409 0.06312766
  0.5421871 0.06360256
  0.5357397 0.0640596
  0.5292985 0.06449823
  0.5228632 0.06491791
  0.5164333 0.06531813
  0.510008 0.06569837
  0.5035864 0.06605812
  0.4971672 0.06639691
  0.4907493 0.06671467
  0.4843313 0.06701187
  0.4779123 0.06728897
  0.4714912 0.0675464
  0.4650672 0.0677846
  0.4586395 0.06800398
  0.4522075 0.06820494
  0.4457705 0.06838786
  0.4393282 0.06855314
  0.4328803 0.06870114
  0.4264265 0.06883224
  0.4199667 0.0689468
  0.413501 0.0690452
  0.4070294 0.06912781
  0.4005521 0.06919498
  0.3940697 0.06924701
  0.3875823 0.06928374
  0.3810907 0.06930489
  0.3745953 0.06931018
  0.3680971 0.06929931
  0.3615968 0.06927203
  0.3550955 0.06922806
  0.3485943 0.06916716
  0.3420946 0.06908908
  0.3355976 0.06899362
  0.329105 0.06888055
  0.3226182 0.06874971
  0.316139 0.06860092
  0.3096692 0.06843404
  0.3032108 0.06824896
  0.2967657 0.06804557
  0.290336 0.06782302
  0.2839236 0.06757979
  0.2775301 0.06731434
  0.2711564 0.06702516
  0.2648033 0.06671075
  0.2584711 0.06636965
  0.2521596 0.06600038
  0.2458683 0.06560149
  0.2395966 0.06517148
  0.2333432 0.06470887
  0.2271068 0.06421213
  0.2208855 0.06367968
  0.2146774 0.06310989
  0.2084801 0.06250106
  0.202291 0.06185139
  0.1961072 0.06115916
  0.1899251 0.06042481
  0.1837408 0.0596503
  0.17755 0.05883745
  0.1713478 0.05798796
  0.1651289 0.05710337
  0.1588873 0.05618511
  0.1526165 0.0552344
  0.1463093 0.05425219
  0.1399599 0.0532367
  0.1335711 0.05218501
  0.1271558 0.0510959
  0.1207385 0.04997031
  0.1143542 0.0488117
  0.1080464 0.04762605
  0.1018629 0.04642151
  0.09585067 0.04520661
  0.09003987 0.04397806
  0.08441834 0.04272039
  0.07893961 0.04141169
  0.07353277 0.04002243
  0.06810752 0.03852005
  0.0626095 0.03688956
  0.0570761 0.03514421
  0.05164632 0.03333595
  0.04651457 0.0315445
  0.0418217 0.02982486
  0.03756575 0.02817986
  0.03367427 0.02658806
  0.03006682 0.0250219
  0.02666963 0.0234514
  0.0234136 0.02184138
  0.02024842 0.02014993
  0.01728406 0.01842498
  0.01469688 0.01679586
  0.0125304 0.015341
  0.01071441 0.01405581
  0.009184456 0.01291331
  0.007879741 0.01188229
  0.006751676 0.01093672
  0.005765751 0.01005779
  0.004897457 0.009231945
  0.00412904 0.008449172
  0.003447384 0.007701907
  0.002842611 0.006984275
  0.002307182 0.006291597
  0.0018353 0.005620067
  0.001422501 0.00496652
  0.001065376 0.004328261
  0.000761376 0.003702957
  0.0005086835 0.003088537
  0.0003061226 0.002483126
  0.0001531079 0.001884983
  4.962302e-05 0.001292456
  -3.773786e-06 0.0007039284
  -5.913472e-06 0.0001177796
  4.468394e-05 -0.0004676495
  0.0001475072 -0.001053924
  0.0003015129 -0.001642496
  0.0005062806 -0.002234771
  0.0007619848 -0.002832157
  0.001069391 -0.00343609
  0.001429882 -0.00404808
  0.001845512 -0.004669745
  0.002319102 -0.005302859
  0.002854376 -0.005949403
  0.00345616 -0.006611629
  0.004130665 -0.007292142
  0.004885886 -0.007994001
  0.005732181 -0.008720836
  0.006683091 -0.00947699
  0.007756512 -0.01026763
  0.008976235 -0.01109869
  0.01037359 -0.01197615
  0.01198699 -0.01290309
  0.01385366 -0.01387132
  0.01602195 -0.01486547
  0.01853747 -0.01586139
  0.0213933 -0.01682318
  0.02452872 -0.01773223
  0.02791522 -0.01861586
  0.03157285 -0.01948555
  0.03551967 -0.02033329
  0.03976686 -0.02114801
  0.04431158 -0.02191488
  0.04912725 -0.02261512
  0.05415638 -0.02322767
  0.05933739 -0.02373699
  0.06462364 -0.02413568
  0.06999236 -0.02442266
  0.07545515 -0.02460064
  0.08106253 -0.02467605
  0.08687637 -0.02466463
  0.09294336 -0.0245858
  0.09927842 -0.02446472
  0.1058304 -0.02433075
  0.1123568 -0.02419452
  0.11883 -0.02405327
  0.1253147 -0.02390223
  0.131857 -0.02373675
  0.1384347 -0.02355359
  0.1449269 -0.02335286
  0.1513411 -0.02313173
  0.1577081 -0.02288847
  0.1640587 -0.02262499
  0.170418 -0.02234361
  0.1768053 -0.02204663
  0.1832349 -0.02173654
  0.1897156 -0.02141613
  0.1962505 -0.02108857
  0.2028353 -0.02075758
  0.2094198 -0.02042793
  0.215975 -0.02010175
  0.2225109 -0.01977909
  0.2290363 -0.01946006
  0.2355591 -0.01914486
  0.2420858 -0.01883373
  0.248622 -0.01852698
  0.2551723 -0.01822501
  0.2617404 -0.01792826
  0.2683287 -0.01763726
  0.2749291 -0.017353
  0.2815109 -0.01707737
  0.2880724 -0.01681097
  0.2946157 -0.01655421
  0.3011438 -0.01630747
  0.3076609 -0.01607074
  0.314171 -0.01584316
  0.3206777 -0.0156238
  0.327184 -0.01541175
  0.3336928 -0.01520614
  0.3402063 -0.01500612
  0.3467263 -0.01481085
  0.3532543 -0.0146195
  0.3597912 -0.01443127
  0.3663377 -0.01424535
  0.3728938 -0.01406094
  0.3794591 -0.01387726
  0.386033 -0.01369352
  0.3926141 -0.01350893
  0.3992007 -0.01332273
  0.4057907 -0.01313437
  0.4123815 -0.01294445
  0.4189713 -0.01275403
  0.4255581 -0.01256414
  0.4321403 -0.0123758
  0.4387168 -0.01219001
  0.4452864 -0.01200776
  0.4518485 -0.01183005
  0.4584026 -0.01165782
  0.4649484 -0.01149203
  0.4714862 -0.0113336
  0.4780161 -0.01118346
  0.4845388 -0.01104252
  0.491055 -0.01091167
  0.4975659 -0.01079182
  0.5040727 -0.01068376
  0.5105769 -0.01058705
  0.5170798 -0.01050036
  0.5235825 -0.01042233
  0.530086 -0.01035163
  0.5365913 -0.01028694
  0.5430991 -0.01022692
  0.54961 -0.01017025
  0.5561243 -0.01011559
  0.5626426 -0.01006163
  0.5691648 -0.01000702
  0.5756911 -0.009950425
  0.5822214 -0.009890505
  0.5887553 -0.009825915
  0.5952925 -0.009755308
  0.6018324 -0.009677344
  0.6083744 -0.009591496
  0.6149177 -0.00949869
  0.621462 -0.009400008
  0.6280066 -0.00929653
  0.6345511 -0.009189338
  0.6410954 -0.009079515
  0.6476392 -0.008968141
  0.6541823 -0.008856295
  0.6607246 -0.008745053
  0.6672663 -0.00863549
  0.6738073 -0.00852868
  0.680348 -0.008425692
  0.6868886 -0.008327596
  0.6934295 -0.008235462
  0.699971 -0.00815036
  0.7065138 -0.008072973
  0.7130582 -0.008002426
  0.7196046 -0.007937444
  0.7261529 -0.007876757
  0.7327032 -0.007819092
  0.7392551 -0.007763175
  0.7458082 -0.007707735
  0.7523617 -0.007651495
  0.758915 -0.007593186
  0.7654669 -0.007531536
  0.7720163 -0.007465284
  0.7785617 -0.007393173
  0.7851017 -0.00731396
  0.7916345 -0.007226416
  0.7981582 -0.007129331
  0.8046708 -0.007021639
  0.8111705 -0.006903427
  0.8176562 -0.006775415
  0.8241278 -0.006638312
  0.8305858 -0.0064928
  0.8370316 -0.006339529
  0.8434673 -0.006179119
  0.849896 -0.006012149
  0.8563213 -0.005839165
  0.8627476 -0.005660675
  0.8691802 -0.005477147
  0.8756252 -0.005289015
  0.8820897 -0.005096674
  0.8885816 -0.004900485
  0.8951102 -0.004700773
  0.9016858 -0.004497831
  0.9082711 -0.004292413
  0.9148016 -0.004084255
  0.9212913 -0.003870536
  0.9277688 -0.003647951
  0.9342762 -0.003412555
  0.9408482 -0.003160318
  0.9473048 -0.002895857
  0.9535351 -0.002622803
  0.9594892 -0.002344516
  0.9651406 -0.002064669
  0.970483 -0.001786055
  0.9755238 -0.00151063
  0.9802786 -0.001239667
  0.984767 -0.0009739311
  0.9890103 -0.000713825
  0.9930292 -0.0004595032
  0.9968436 -0.0002109569
  1.0 0.0
