GOE 561 AIRFOIL
  1.0 0.0
  0.9961322 0.002721451
  0.9916244 0.005800571
  0.9870595 0.008819442
  0.9824284 0.01178254
  0.9777213 0.01469413
  0.9729271 0.01755826
  0.9680335 0.02037893
  0.9630264 0.02316009
  0.9578898 0.02590572
  0.9526045 0.02861999
  0.947148 0.03130751
  0.9414966 0.03397899
  0.9356277 0.03665208
  0.9295184 0.0393461
  0.9231459 0.04208221
  0.9164898 0.04488363
  0.9095356 0.04777556
  0.9022803 0.05078434
  0.8947397 0.05393407
  0.8869431 0.05722628
  0.8789244 0.06064321
  0.8707242 0.06416225
  0.8623853 0.06775801
  0.8539497 0.07140437
  0.8454539 0.07507662
  0.8369265 0.07875321
  0.8283857 0.08241686
  0.8198387 0.08605512
  0.8112815 0.08966045
  0.8026985 0.09322999
  0.7940628 0.09676579
  0.7853419 0.1002795
  0.7765076 0.103787
  0.767536 0.1073023
  0.7584081 0.1108375
  0.7491118 0.1144024
  0.7396426 0.1180042
  0.7300073 0.1216465
  0.720226 0.1253289
  0.7103346 0.1290457
  0.7003864 0.1327853
  0.6904498 0.1365289
  0.6805905 0.1402459
  0.6708564 0.1439077
  0.6612767 0.1474938
  0.6518638 0.1509908
  0.6426165 0.1543916
  0.6335234 0.1576939
  0.6245652 0.1608987
  0.6157163 0.1640098
  0.6069466 0.1670324
  0.5982208 0.169973
  0.5895001 0.1728407
  0.5807496 0.1756493
  0.5719422 0.1784104
  0.5630591 0.1811326
  0.5540893 0.1838219
  0.5450308 0.1864811
  0.5358922 0.1891106
  0.5266931 0.1917076
  0.5174652 0.1942668
  0.5082517 0.1967804
  0.4991051 0.1992386
  0.490083 0.2016292
  0.4812345 0.2039327
  0.4725905 0.2061329
  0.4641661 0.2082196
  0.4559639 0.2101877
  0.4479778 0.2120354
  0.4401958 0.2137632
  0.4326023 0.2153732
  0.4251794 0.2168682
  0.4179084 0.2182512
  0.4107699 0.2195254
  0.4037443 0.2206933
  0.396812 0.2217574
  0.3899542 0.2227206
  0.383155 0.2235877
  0.376402 0.2243629
  0.3696855 0.2250492
  0.3629978 0.2256491
  0.3563335 0.2261643
  0.3496888 0.2265961
  0.3430617 0.2269457
  0.3364519 0.2272138
  0.3298605 0.2274011
  0.3232901 0.2275084
  0.3167446 0.2275364
  0.3102294 0.2274863
  0.3037506 0.227359
  0.2973158 0.2271563
  0.2909332 0.2268791
  0.2846119 0.2265267
  0.2783596 0.2260986
  0.2721832 0.2255944
  0.2660883 0.2250142
  0.2600794 0.2243583
  0.2541601 0.2236273
  0.248333 0.2228219
  0.2426 0.221943
  0.2369624 0.2209917
  0.2314206 0.2199691
  0.2259747 0.2188763
  0.2206245 0.2177144
  0.2153691 0.2164847
  0.2102075 0.2151883
  0.2051385 0.2138264
  0.2001607 0.2124001
  0.1952723 0.2109104
  0.1904723 0.2093587
  0.1857587 0.2077462
  0.1811281 0.2060732
  0.1765758 0.2043393
  0.1720966 0.2025435
  0.1676839 0.2006837
  0.163331 0.1987571
  0.1590302 0.1967598
  0.1547732 0.1946868
  0.1505509 0.1925316
  0.1463532 0.1902865
  0.1421669 0.1879447
  0.1379787 0.1855035
  0.1337785 0.1829613
  0.1295596 0.1803191
  0.1253201 0.1775808
  0.1210629 0.1747545
  0.1167966 0.1718529
  0.112536 0.1688948
  0.1083015 0.1659039
  0.1041186 0.1629089
  0.1000148 0.1599405
  0.09601828 0.1570281
  0.09216053 0.1541831
  0.0884631 0.1513987
  0.08493256 0.1486621
  0.08156578 0.1459569
  0.07835416 0.1432649
  0.07528633 0.1405666
  0.07234953 0.1378417
  0.06952536 0.1350764
  0.06679361 0.1322668
  0.06413893 0.1294114
  0.06154999 0.1265113
  0.05901863 0.1235699
  0.05653946 0.1205935
  0.05410944 0.117591
  0.05172761 0.1145738
  0.04939476 0.1115561
  0.04711373 0.1085532
  0.04489163 0.1055765
  0.04273545 0.1026341
  0.04065003 0.09973201
  0.03863834 0.09687445
  0.0367018 0.09406395
  0.03484057 0.09130173
  0.03305387 0.088588
  0.03134022 0.08592212
  0.02969766 0.08330288
  0.02812393 0.08072861
  0.02661656 0.07819739
  0.02517303 0.07570706
  0.02379075 0.07325538
  0.02246547 0.07084035
  0.02119135 0.06846087
  0.01996332 0.06611666
  0.01877711 0.06380806
  0.01762902 0.06153585
  0.01651589 0.05930108
  0.01543496 0.05710497
  0.0143838 0.05494877
  0.01336027 0.05283369
  0.01236248 0.0507608
  0.01138908 0.04873099
  0.01044258 0.04674461
  0.009527069 0.04480124
  0.008645725 0.04289998
  0.007800924 0.0410395
  0.006994398 0.03921826
  0.006227359 0.03743454
  0.005500609 0.03568653
  0.00481463 0.0339724
  0.004169658 0.03229032
  0.003565742 0.03063849
  0.003002792 0.02901517
  0.00248062 0.02741868
  0.001998965 0.02584741
  0.001557523 0.02429981
  0.00115596 0.02277443
  0.0007939334 0.02126987
  0.0004710973 0.0197848
  0.0001871162 0.01831798
  -5.833017e-05 0.01686821
  -0.0002655403 0.01543436
  -0.0004347871 0.01401536
  -0.0005663141 0.01261017
  -0.0006603331 0.01121783
  -0.0007170215 0.009837395
  -0.0007365211 0.008467985
  -0.0007189363 0.007108741
  -0.0006643329 0.005758844
  -0.0005727369 0.004417502
  -0.0004441334 0.003083954
  -0.0002784656 0.00175746
  -7.563345e-05 0.0004373044
  0.0001644789 -0.000876998
  0.0004417115 -0.002183492
  0.0007557717 -0.003478807
  0.001106453 -0.004759734
  0.001493643 -0.00602323
  0.00191733 -0.007266383
  0.002377603 -0.008486388
  0.002874663 -0.009680522
  0.003408829 -0.01084611
  0.003980542 -0.01198051
  0.00459038 -0.01308106
  0.005239066 -0.01414509
  0.005927484 -0.01516985
  0.006656696 -0.01615251
  0.00742796 -0.0170901
  0.00824276 -0.01797946
  0.009102833 -0.01881724
  0.01001021 -0.01959979
  0.01096726 -0.02032312
  0.01197674 -0.02098282
  0.01304189 -0.02157401
  0.01416441 -0.02209494
  0.01534304 -0.02254946
  0.01657616 -0.02294186
  0.01786194 -0.02327645
  0.01919823 -0.02355774
  0.02058243 -0.02379052
  0.02201127 -0.02398004
  0.02348065 -0.02413217
  0.02498537 -0.02425355
  0.02651977 -0.02435101
  0.02808307 -0.02442682
  0.0296767 -0.02448145
  0.03130227 -0.02451553
  0.03296151 -0.02452989
  0.0346563 -0.02452562
  0.03638875 -0.02450406
  0.03816114 -0.0244669
  0.03997605 -0.02441615
  0.04183636 -0.02435428
  0.04374528 -0.02428421
  0.04570651 -0.02420942
  0.04772423 -0.02413406
  0.04980329 -0.02406299
  0.05194914 -0.02400141
  0.05416665 -0.02395074
  0.05646057 -0.02391047
  0.05883606 -0.02387988
  0.06129876 -0.02385801
  0.06385481 -0.02384362
  0.06651087 -0.02383507
  0.06927413 -0.02383024
  0.07215229 -0.02382644
  0.07515351 -0.02382016
  0.07828658 -0.02380781
  0.08156186 -0.0237885
  0.08499086 -0.0237623
  0.08858597 -0.02372941
  0.09236033 -0.02369027
  0.09632772 -0.0236456
  0.1005022 -0.02359654
  0.1048977 -0.0235444
  0.1095267 -0.02348992
  0.1144004 -0.02343386
  0.1195284 -0.02337732
  0.1249182 -0.02332173
  0.1305747 -0.02326895
  0.1365012 -0.0232213
  0.1427005 -0.02318158
  0.149177 -0.02315316
  0.1559412 -0.02313935
  0.163009 -0.02313955
  0.1703962 -0.02315069
  0.1781171 -0.02316853
  0.1861826 -0.02318735
  0.1945989 -0.02319973
  0.2033656 -0.02319637
  0.2124739 -0.02317075
  0.2219069 -0.02312286
  0.2316399 -0.02305393
  0.2416417 -0.02296605
  0.2518766 -0.02286208
  0.2623073 -0.02274561
  0.2728979 -0.02262085
  0.283617 -0.02249239
  0.2944411 -0.0223651
  0.305356 -0.0222439
  0.3163568 -0.02213078
  0.3274403 -0.02202448
  0.3386031 -0.02192354
  0.3498406 -0.02182638
  0.3611477 -0.02173139
  0.3725183 -0.02163688
  0.3839454 -0.0215411
  0.3954214 -0.02144228
  0.4069377 -0.02133871
  0.4184848 -0.02123064
  0.4300527 -0.0211199
  0.4416306 -0.02100841
  0.4532071 -0.02089808
  0.4647705 -0.02079085
  0.4763088 -0.02068862
  0.4878094 -0.02059326
  0.4992602 -0.02050655
  0.510649 -0.02042935
  0.5219659 -0.02035791
  0.5332061 -0.0202872
  0.544369 -0.02021234
  0.5554585 -0.02012864
  0.566482 -0.02003152
  0.5774506 -0.0199165
  0.5883786 -0.01977912
  0.5992835 -0.01961485
  0.6101861 -0.01942016
  0.6211065 -0.01919745
  0.6320604 -0.01895103
  0.643058 -0.01868531
  0.6541041 -0.01840489
  0.6651975 -0.01811463
  0.6763308 -0.01781968
  0.6874902 -0.0175255
  0.6986549 -0.01723775
  0.7097985 -0.01696135
  0.7208933 -0.01669571
  0.7319179 -0.01643812
  0.7428583 -0.01618577
  0.753707 -0.01593578
  0.7644627 -0.01568532
  0.7751296 -0.01543155
  0.7857164 -0.01517164
  0.7962362 -0.01490275
  0.8067057 -0.01462234
  0.8171384 -0.01433286
  0.8275257 -0.01404071
  0.8378348 -0.01375294
  0.8480108 -0.01347684
  0.8579844 -0.01321946
  0.8676804 -0.01298694
  0.8770287 -0.01278394
  0.885973 -0.01261329
  0.8944761 -0.01247597
  0.9025207 -0.01237121
  0.9101085 -0.01228239
  0.9172661 -0.01217451
  0.9240384 -0.01202099
  0.9304752 -0.01180296
  0.9366251 -0.01150643
  0.942533 -0.01112019
  0.9482395 -0.01063436
  0.9537815 -0.0100401
  0.959193 -0.009336588
  0.9645031 -0.00852679
  0.9697371 -0.007611874
  0.9749168 -0.00659137
  0.9800628 -0.005463264
  0.9851944 -0.004223986
  0.9903308 -0.0028683
  0.9954915 -0.001389086
  1.0 0.0
