GOE 533 AIRFOIL
  1.0 0.0
  0.9964324 0.0008834456
  0.9922027 0.001927557
  0.9878427 0.003000055
  0.983345 0.004102455
  0.9787015 0.005236342
  0.9739038 0.006403353
  0.968943 0.007605166
  0.9638103 0.008843469
  0.9584965 0.01011992
  0.9529926 0.01143611
  0.9472899 0.01279344
  0.9413807 0.01419311
  0.9352584 0.0156359
  0.9289185 0.0171221
  0.9223595 0.01865128
  0.9155834 0.02022208
  0.9085972 0.02183205
  0.9014137 0.0234774
  0.8940522 0.02515292
  0.8865377 0.02685215
  0.8788984 0.02856805
  0.8711642 0.03029341
  0.8633643 0.03202125
  0.8555264 0.03374517
  0.847675 0.03545962
  0.8398306 0.03716005
  0.8320089 0.03884309
  0.8242208 0.0405065
  0.8164723 0.0421491
  0.8087652 0.04377069
  0.8010969 0.04537194
  0.7934613 0.0469543
  0.7858504 0.04851965
  0.7782567 0.05006979
  0.7706733 0.05160632
  0.7630942 0.05313066
  0.7555137 0.05464409
  0.7479267 0.05614775
  0.7403288 0.05764266
  0.7327157 0.0591297
  0.7250839 0.06060966
  0.7174302 0.06208322
  0.7097519 0.06355094
  0.7020468 0.0650133
  0.6943131 0.06647069
  0.6865498 0.0679238
  0.6787568 0.06937339
  0.6709347 0.07082007
  0.6630851 0.07226428
  0.6552107 0.07370633
  0.6473152 0.07514635
  0.6394031 0.07658431
  0.6314803 0.07802
  0.6235535 0.07945307
  0.6156306 0.08088296
  0.6077202 0.08230898
  0.5998318 0.0837303
  0.5919754 0.08514519
  0.5841598 0.08654923
  0.5763916 0.08793775
  0.5686759 0.08930659
  0.5610159 0.09065205
  0.5534131 0.09197089
  0.5458677 0.09326028
  0.5383784 0.09451777
  0.530943 0.09574122
  0.5235581 0.09692877
  0.5162195 0.09807878
  0.5089219 0.0991898
  0.5016597 0.1002605
  0.4944262 0.1012898
  0.4872151 0.1022783
  0.4800208 0.1032272
  0.4728383 0.1041376
  0.4656629 0.1050101
  0.4584907 0.1058456
  0.451318 0.1066445
  0.4441416 0.1074073
  0.4369586 0.1081343
  0.4297667 0.1088256
  0.4225638 0.1094815
  0.4153484 0.1101019
  0.408119 0.1106868
  0.400875 0.1112361
  0.3936157 0.1117497
  0.3863415 0.1122263
  0.3790534 0.1126647
  0.3717541 0.1130633
  0.3644471 0.1134207
  0.3571375 0.1137356
  0.3498315 0.1140064
  0.3425364 0.1142321
  0.3352607 0.1144115
  0.3280138 0.1145438
  0.3208058 0.1146283
  0.3136473 0.1146649
  0.3065495 0.1146535
  0.2995232 0.1145945
  0.2925793 0.1144881
  0.2857266 0.1143334
  0.2789696 0.1141295
  0.2723091 0.1138757
  0.2657427 0.1135712
  0.2592656 0.1132154
  0.2528708 0.1128072
  0.2465499 0.1123456
  0.2402927 0.1118291
  0.2340882 0.1112558
  0.2279238 0.1106233
  0.2217858 0.1099286
  0.2156589 0.109168
  0.209526 0.1083367
  0.2033676 0.1074286
  0.1971608 0.1064364
  0.1908807 0.1053547
  0.1845086 0.1041829
  0.1780387 0.1029226
  0.1714821 0.1015796
  0.1648696 0.100165
  0.1582536 0.09869623
  0.1517053 0.09719699
  0.1453058 0.09569299
  0.1391264 0.09419257
  0.1332019 0.09269063
  0.1275348 0.09117859
  0.1221086 0.08964596
  0.1168967 0.08808111
  0.1118685 0.08647143
  0.1069913 0.08480305
  0.102232 0.08306024
  0.09755601 0.08122493
  0.09292756 0.07928814
  0.0883207 0.0772538
  0.08372441 0.07513152
  0.07914284 0.07293808
  0.0745955 0.07069867
  0.07011566 0.06844235
  0.06574449 0.06619058
  0.06152338 0.06396486
  0.05748764 0.06178603
  0.05366197 0.05967153
  0.05005898 0.05763374
  0.04668232 0.05567911
  0.04353274 0.05380619
  0.04060146 0.05200879
  0.03787362 0.05027904
  0.03533242 0.04860883
  0.03296118 0.04699049
  0.03074441 0.0454171
  0.02866813 0.04388252
  0.02671995 0.04238135
  0.02488899 0.04090888
  0.02316408 0.03946005
  0.02153163 0.03802868
  0.01998143 0.03661141
  0.01850634 0.0352075
  0.01710114 0.03381797
  0.01576163 0.03244482
  0.01448416 0.03109048
  0.01326531 0.02975737
  0.01210177 0.02844765
  0.01099384 0.02716466
  0.009945274 0.02591235
  0.008957454 0.0246925
  0.008029967 0.02350531
  0.007161368 0.02235002
  0.006349677 0.02122535
  0.005592692 0.02012972
  0.004888172 0.01906142
  0.004233957 0.01801875
  0.003628023 0.01700001
  0.003068517 0.01600361
  0.002553768 0.01502801
  0.002082294 0.01407178
  0.001652797 0.01313357
  0.001264158 0.01221212
  0.0009154309 0.01130626
  0.0006058349 0.01041487
  0.00033475 0.009536921
  0.0001017124 0.008671422
  -9.358869e-05 0.007817444
  -0.0002513121 0.0069741
  -0.0003714636 0.006140537
  -0.0004538929 0.005315935
  -0.0004982882 0.004499495
  -0.0005041678 0.003690435
  -0.0004708684 0.002887982
  -0.0003975296 0.002091361
  -0.0002830735 0.001299794
  -0.0001261791 0.0005124837
  7.47304e-05 -0.0002713876
  0.0003204236 -0.001052397
  0.0006102775 -0.001830679
  0.0009437666 -0.00260625
  0.001320578 -0.003379031
  0.001740599 -0.004148846
  0.0022039 -0.004915412
  0.002710731 -0.005678321
  0.003261513 -0.006437026
  0.003856832 -0.007190817
  0.004497433 -0.007938789
  0.005184215 -0.008679807
  0.005918221 -0.009412458
  0.006700628 -0.01013499
  0.007532722 -0.01084523
  0.00841587 -0.01154049
  0.009351466 -0.01221748
  0.01034086 -0.01287207
  0.01138522 -0.01349919
  0.01248539 -0.01409257
  0.01364228 -0.01464592
  0.01485921 -0.01515809
  0.01614048 -0.01562984
  0.0174908 -0.0160626
  0.01891531 -0.01645872
  0.02041953 -0.01682182
  0.02200934 -0.01715725
  0.02369088 -0.01747274
  0.02547029 -0.01777918
  0.02735481 -0.01808598
  0.02935452 -0.01839433
  0.03148063 -0.01870441
  0.03374511 -0.01901657
  0.03616047 -0.01933135
  0.03873925 -0.01964958
  0.04149343 -0.01997258
  0.04443355 -0.02030234
  0.04756778 -0.02064177
  0.05090123 -0.02099507
  0.05443615 -0.02136383
  0.05817211 -0.02174137
  0.06210567 -0.02211776
  0.0662329 -0.02248059
  0.07055396 -0.02281519
  0.07508036 -0.02310452
  0.079844 -0.02333379
  0.08489258 -0.02350685
  0.09027726 -0.02363527
  0.09604377 -0.02373657
  0.102213 -0.02383736
  0.1087555 -0.02395756
  0.1156001 -0.0240938
  0.1226539 -0.02423831
  0.129822 -0.02438181
  0.1370279 -0.02451474
  0.144227 -0.02462827
  0.1514107 -0.02471441
  0.1586028 -0.02476871
  0.1658356 -0.0247933
  0.1731359 -0.02479087
  0.180524 -0.02476391
  0.1880138 -0.02471491
  0.1956103 -0.02464659
  0.203309 -0.02456194
  0.2110949 -0.02446276
  0.2189502 -0.02434908
  0.2268571 -0.02422094
  0.2347987 -0.02407847
  0.2427592 -0.02392193
  0.2507245 -0.02375162
  0.2586824 -0.0235679
  0.266623 -0.02337118
  0.2745386 -0.02316184
  0.2824236 -0.02294027
  0.2902748 -0.02270681
  0.2980907 -0.02246177
  0.3058719 -0.02220529
  0.3136203 -0.02193671
  0.3213377 -0.02165494
  0.3290263 -0.02135892
  0.3366884 -0.02104757
  0.3443262 -0.02071983
  0.3519422 -0.02037461
  0.3595389 -0.02001083
  0.3671191 -0.01962737
  0.3746856 -0.01922311
  0.3822412 -0.01879687
  0.3897891 -0.01834748
  0.3973324 -0.01787367
  0.4048745 -0.01737435
  0.412419 -0.01685066
  0.4199693 -0.01630531
  0.4275284 -0.01574105
  0.435099 -0.01516064
  0.4426836 -0.0145669
  0.4502841 -0.01396268
  0.4579021 -0.0133509
  0.4655389 -0.01273455
  0.4731955 -0.01211668
  0.4808722 -0.01150045
  0.4885693 -0.01088907
  0.4962863 -0.01028585
  0.5040225 -0.009694066
  0.5117765 -0.009114382
  0.5195464 -0.008544968
  0.5273301 -0.007983874
  0.5351252 -0.00742914
  0.5429291 -0.006878794
  0.5507389 -0.006330864
  0.5585514 -0.005783381
  0.5663632 -0.00523439
  0.5741708 -0.004681952
  0.5819702 -0.004124158
  0.5897575 -0.003559139
  0.5975285 -0.00298507
  0.6052789 -0.002400504
  0.6130048 -0.001807513
  0.6207031 -0.001210252
  0.6283715 -0.0006127774
  0.6360083 -1.900377e-05
  0.6436128 0.0005673024
  0.6511846 0.001142523
  0.6587242 0.001703183
  0.6662326 0.002245941
  0.6737113 0.002767579
  0.6811623 0.003264983
  0.6885883 0.003735127
  0.6959921 0.004175055
  0.7033774 0.004581917
  0.7107476 0.004954712
  0.7181064 0.005294439
  0.7254576 0.005602133
  0.7328049 0.005878761
  0.7401522 0.006125225
  0.7475036 0.006342361
  0.7548632 0.006530945
  0.7622354 0.006691691
  0.7696247 0.006825256
  0.7770361 0.006932237
  0.7844747 0.007013173
  0.7919458 0.007068547
  0.7994554 0.007098779
  0.8070096 0.007104189
  0.8146136 0.007084838
  0.8222693 0.007040692
  0.8299753 0.006971746
  0.8377258 0.006878085
  0.8455109 0.006759951
  0.8533162 0.006617809
  0.8611228 0.006452407
  0.8689076 0.006264822
  0.8766443 0.006056483
  0.8843045 0.005829165
  0.8918589 0.005584946
  0.8992789 0.005326137
  0.9065383 0.005055134
  0.9136156 0.00477407
  0.9204954 0.004484889
  0.9271681 0.004189377
  0.9336293 0.003889125
  0.9398782 0.00358552
  0.9459176 0.003279747
  0.9517523 0.002972802
  0.9573891 0.002665511
  0.9628354 0.002358548
  0.9680995 0.002052462
  0.9731901 0.001747688
  0.9781156 0.001444572
  0.9828846 0.001143385
  0.9875052 0.0008443329
  0.9919854 0.0005475717
  0.9963327 0.0002532152
  1.0 0.0
