GOE 633 AIRFOIL
  1.0 0.0
  0.996092 0.0005944896
  0.9913895 0.001314982
  0.9864611 0.002076097
  0.9812901 0.002881324
  0.9758599 0.003734223
  0.9701556 0.004638244
  0.9641658 0.005596437
  0.9578848 0.006611025
  0.9513161 0.007682834
  0.944476 0.008810461
  0.9373938 0.009988776
  0.9301074 0.01120994
  0.9226599 0.0124647
  0.9150944 0.01374324
  0.9074495 0.01503615
  0.8997555 0.01633525
  0.892032 0.01763487
  0.8842923 0.01893417
  0.8765475 0.02023373
  0.8688072 0.02153441
  0.8610792 0.02283737
  0.8533692 0.02414404
  0.8456812 0.02545615
  0.8380174 0.02677567
  0.830378 0.02810482
  0.8227618 0.0294461
  0.8151659 0.03080225
  0.8075856 0.03217634
  0.8000151 0.0335717
  0.7924466 0.03499166
  0.7848717 0.03643717
  0.7772826 0.03790814
  0.7696728 0.03940431
  0.7620371 0.0409252
  0.7543714 0.04247012
  0.7466728 0.04403809
  0.7389399 0.04562784
  0.7311727 0.04723775
  0.7233727 0.04886581
  0.7155431 0.05050961
  0.7076889 0.05216632
  0.6998168 0.05383266
  0.6919353 0.05550489
  0.6840535 0.057179
  0.6761797 0.05885104
  0.6683208 0.06051738
  0.6604825 0.06217467
  0.6526693 0.06381988
  0.6448845 0.0654503
  0.63713 0.06706351
  0.6294068 0.06865743
  0.6217147 0.07023023
  0.6140525 0.07178034
  0.606418 0.07330642
  0.5988083 0.07480734
  0.5912195 0.07628225
  0.5836479 0.07773098
  0.5760902 0.07915346
  0.568544 0.08054949
  0.5610073 0.08191875
  0.5534789 0.08326077
  0.5459581 0.08457498
  0.5384446 0.08586072
  0.530939 0.08711724
  0.5234421 0.08834372
  0.5159556 0.08953926
  0.5084813 0.09070294
  0.5010219 0.0918338
  0.4935803 0.09293084
  0.4861598 0.09399284
  0.4787629 0.09501839
  0.4713916 0.09600631
  0.4640467 0.09695556
  0.4567282 0.09786526
  0.4494354 0.09873465
  0.4421668 0.09956306
  0.4349202 0.1003499
  0.4276928 0.1010946
  0.420481 0.1017966
  0.4132808 0.1024553
  0.4060873 0.1030703
  0.398895 0.1036408
  0.391698 0.1041663
  0.3844899 0.1046472
  0.3772657 0.1050845
  0.3700215 0.1054791
  0.3627548 0.1058316
  0.3554645 0.1061425
  0.3481508 0.1064125
  0.3408154 0.1066418
  0.3334618 0.1068312
  0.3260946 0.106981
  0.3187205 0.1070919
  0.3113475 0.1071647
  0.3039851 0.1072004
  0.2966443 0.1071999
  0.289337 0.1071637
  0.2820754 0.1070885
  0.27487 0.1069704
  0.2677293 0.1068061
  0.2606602 0.1065924
  0.2536676 0.1063268
  0.2467551 0.1060067
  0.2399249 0.10563
  0.2331778 0.105195
  0.2265137 0.1046997
  0.2199318 0.1041428
  0.2134303 0.1035227
  0.2070069 0.102838
  0.2006588 0.1020873
  0.1943828 0.1012692
  0.1881754 0.1003835
  0.1820322 0.09943141
  0.1759475 0.09841361
  0.169914 0.09733025
  0.1639234 0.09618084
  0.157966 0.09496416
  0.1520311 0.09367818
  0.1461062 0.09231995
  0.1401784 0.09088631
  0.1342414 0.08937684
  0.1283032 0.08779493
  0.1223865 0.08614868
  0.1165283 0.08445138
  0.1107757 0.08272116
  0.1051808 0.08097951
  0.0997924 0.07924876
  0.09465033 0.07754865
  0.08978061 0.07588091
  0.08518319 0.07423153
  0.0808377 0.07258434
  0.07671531 0.07092296
  0.07278507 0.06923109
  0.06901586 0.06749524
  0.06538054 0.06571471
  0.06186424 0.0638951
  0.05846212 0.06204556
  0.05517602 0.06017822
  0.05201158 0.05830722
  0.04897576 0.05644746
  0.04607557 0.05461309
  0.04331877 0.05281318
  0.0407081 0.05105172
  0.03824073 0.04932978
  0.03591046 0.04764655
  0.03370947 0.04600004
  0.03162925 0.04438766
  0.02966136 0.04280655
  0.02779771 0.04125376
  0.02603078 0.0397264
  0.02435367 0.03822171
  0.02275983 0.03673695
  0.02124072 0.03526901
  0.01978885 0.03381644
  0.01839928 0.03237999
  0.01706879 0.0309619
  0.01579507 0.02956527
  0.01457625 0.0281935
  0.01341056 0.02684984
  0.01229611 0.02553708
  0.01123096 0.02425741
  0.01021673 0.02301295
  0.009257037 0.0218049
  0.008353221 0.02063278
  0.007505019 0.01949511
  0.00671124 0.01838985
  0.005970195 0.01731475
  0.00527998 0.01626746
  0.004638646 0.0152457
  0.004044306 0.01424729
  0.003495196 0.01327016
  0.002989705 0.01231238
  0.002526389 0.01137216
  0.002103979 0.01044784
  0.00172138 0.009537844
  0.001377665 0.008640722
  0.00107208 0.007755102
  0.0008040293 0.006879686
  0.0005730828 0.006013241
  0.000378969 0.005154582
  0.0002215778 0.004302566
  0.0001009629 0.003456074
  1.734766e-05 0.002614004
  -2.886678e-05 0.001775259
  -3.708924e-05 0.0009387294
  -6.522191e-06 0.0001032855
  6.359517e-05 -0.0007321433
  0.0001727336 -0.001568072
  0.0003200504 -0.002404763
  0.0005049194 -0.003242422
  0.0007269107 -0.004081202
  0.0009857757 -0.0049212
  0.001281436 -0.005762454
  0.001613973 -0.006604944
  0.001983629 -0.007448581
  0.002390795 -0.008293203
  0.002836018 -0.009138561
  0.003319999 -0.009984305
  0.003843593 -0.01082997
  0.004407815 -0.01167495
  0.005013845 -0.01251846
  0.005663028 -0.01335954
  0.006356876 -0.01419695
  0.007097073 -0.01502916
  0.007885464 -0.01585426
  0.008724042 -0.0166699
  0.009614925 -0.01747313
  0.0105603 -0.01826029
  0.01156237 -0.01902688
  0.01262318 -0.01976728
  0.01374455 -0.02047483
  0.01492879 -0.02114632
  0.01617898 -0.02178268
  0.01749823 -0.02238566
  0.01888968 -0.02295795
  0.02035636 -0.0235034
  0.02190111 -0.02402738
  0.02352644 -0.02453717
  0.02523431 -0.02504253
  0.02702623 -0.02555543
  0.02890627 -0.02608126
  0.03088056 -0.02662034
  0.03295535 -0.02717276
  0.03513692 -0.02773848
  0.03743134 -0.0283172
  0.03984429 -0.0289084
  0.04238086 -0.02951129
  0.04504537 -0.03012478
  0.04784126 -0.03074753
  0.0507714 -0.03137806
  0.0538385 -0.03201426
  0.05704524 -0.03265087
  0.06039387 -0.03328066
  0.0638868 -0.03389516
  0.06752793 -0.0344848
  0.07132496 -0.03503887
  0.07529241 -0.03554539
  0.07945571 -0.03599228
  0.08385032 -0.03637902
  0.0885152 -0.03671186
  0.09348843 -0.0369997
  0.09879797 -0.03725593
  0.1044431 -0.03749945
  0.1103803 -0.03773509
  0.1165393 -0.0379514
  0.1228387 -0.03813593
  0.1292034 -0.03827723
  0.1355782 -0.03836567
  0.1419351 -0.03839335
  0.1482752 -0.03835323
  0.1546272 -0.03823806
  0.1610411 -0.03804723
  0.1675677 -0.03778607
  0.1742534 -0.03745935
  0.1811405 -0.03707195
  0.1882646 -0.0366299
  0.1956494 -0.03614174
  0.2032966 -0.0356201
  0.2111778 -0.03507737
  0.2192448 -0.03451932
  0.2273572 -0.03395754
  0.2353973 -0.0334021
  0.24341 -0.0328518
  0.2514342 -0.03230588
  0.2595013 -0.0317642
  0.2676309 -0.03122754
  0.2757274 -0.03070426
  0.2837363 -0.03019955
  0.2916613 -0.02971463
  0.2995132 -0.02925023
  0.3073088 -0.02880649
  0.315067 -0.02838187
  0.3228045 -0.02797446
  0.3305354 -0.02758259
  0.338272 -0.02720481
  0.3460245 -0.02683987
  0.3538012 -0.02648664
  0.361609 -0.02614412
  0.3694525 -0.02581141
  0.3773347 -0.02548767
  0.3852566 -0.02517218
  0.3932166 -0.02486423
  0.4012112 -0.02456322
  0.4092343 -0.02426875
  0.417279 -0.02398112
  0.4253388 -0.02370076
  0.4334078 -0.02342802
  0.4414804 -0.02316322
  0.4495522 -0.02290666
  0.4576189 -0.02265855
  0.4656774 -0.02241912
  0.4737249 -0.02218854
  0.4817597 -0.02196693
  0.4897803 -0.02175441
  0.4977863 -0.02155107
  0.5057778 -0.02135699
  0.5137553 -0.02117242
  0.5217196 -0.02099775
  0.5296717 -0.02083335
  0.5376126 -0.02067959
  0.5455434 -0.02053685
  0.5534655 -0.0204055
  0.5613803 -0.02028592
  0.5692893 -0.0201785
  0.5771943 -0.02008363
  0.585097 -0.02000169
  0.5929994 -0.0199331
  0.6009037 -0.01987828
  0.6088119 -0.01983723
  0.6167263 -0.01980846
  0.6246481 -0.01979013
  0.6325785 -0.0197804
  0.6405177 -0.01977742
  0.6484655 -0.01977933
  0.6564213 -0.01978427
  0.6643836 -0.01979033
  0.6723504 -0.01979564
  0.6803193 -0.01979829
  0.688287 -0.01979637
  0.6962499 -0.019788
  0.7042036 -0.01977131
  0.7121435 -0.01974442
  0.7200651 -0.01970549
  0.7279643 -0.01965271
  0.7358375 -0.01958432
  0.7436814 -0.01949864
  0.7514933 -0.01939403
  0.7592708 -0.01926894
  0.7670119 -0.01912185
  0.7747151 -0.01895134
  0.7823792 -0.01875602
  0.7900033 -0.01853457
  0.7975869 -0.01828571
  0.8051298 -0.01800826
  0.812632 -0.01770158
  0.8200943 -0.01736539
  0.8275179 -0.01699943
  0.8349051 -0.01660336
  0.8422584 -0.01617679
  0.8495811 -0.01571926
  0.8568771 -0.01523022
  0.8641506 -0.01470902
  0.8714066 -0.0141549
  0.8786505 -0.01356696
  0.8858883 -0.01294414
  0.8931266 -0.01228521
  0.9003728 -0.01158873
  0.9076344 -0.010854
  0.9149121 -0.01008453
  0.9221926 -0.009286378
  0.9294473 -0.008467604
  0.9366337 -0.007638122
  0.9436999 -0.00680918
  0.95059 -0.00599241
  0.9572519 -0.005197892
  0.9636469 -0.004431261
  0.9697545 -0.003695496
  0.9755686 -0.002991805
  0.9810941 -0.002320097
  0.9863425 -0.001679408
  0.9913292 -0.001068254
  0.9960715 -0.0004848739
  1.0 0.0
