GOE 646 AIRFOIL
  1.0 0.0
  0.995689 0.001751918
  0.9905857 0.003786622
  0.9853342 0.005836391
  0.9799258 0.007901123
  0.9743507 0.009980618
  0.9685989 0.01207456
  0.9626589 0.01418248
  0.9565188 0.01630373
  0.9501654 0.01843744
  0.9435848 0.02058301
  0.9367644 0.02274438
  0.9296938 0.02492839
  0.9223659 0.02714239
  0.9147787 0.02939407
  0.9069373 0.03169114
  0.898857 0.03404088
  0.8905656 0.03644791
  0.8820979 0.0389046
  0.8734925 0.04139732
  0.8647893 0.04391175
  0.8560275 0.0464338
  0.8472428 0.0489504
  0.8384658 0.0514501
  0.8297209 0.05392345
  0.8210256 0.05636318
  0.8123907 0.05876411
  0.8038207 0.06112303
  0.7953146 0.06343841
  0.7868665 0.06571019
  0.7784688 0.06793917
  0.7701139 0.07012613
  0.7617947 0.07227172
  0.7535046 0.07437646
  0.7452369 0.07644074
  0.7369853 0.07846483
  0.7287435 0.08044889
  0.7205054 0.08239298
  0.712265 0.08429704
  0.704016 0.08616089
  0.6957524 0.08798427
  0.687468 0.08976694
  0.6791572 0.09151046
  0.6708154 0.0932173
  0.6624389 0.0948897
  0.6540251 0.09652967
  0.6455721 0.09813902
  0.6370793 0.09971937
  0.6285472 0.1012721
  0.6199774 0.1027986
  0.6113728 0.1042999
  0.6027377 0.1057769
  0.5940776 0.1072306
  0.5853995 0.1086613
  0.5767107 0.1100674
  0.5680189 0.111446
  0.5593316 0.1127945
  0.5506566 0.11411
  0.5420016 0.1153902
  0.5333742 0.1166326
  0.5247818 0.117835
  0.5162318 0.1189954
  0.5077312 0.1201121
  0.4992865 0.1211834
  0.490904 0.122208
  0.4825897 0.1231845
  0.474348 0.1241105
  0.4661814 0.1249834
  0.4580899 0.1258014
  0.4500715 0.1265628
  0.4421225 0.1272663
  0.4342378 0.1279107
  0.4264109 0.128495
  0.4186342 0.129018
  0.410899 0.1294786
  0.4031955 0.1298756
  0.3955128 0.1302073
  0.387839 0.1304722
  0.3801611 0.1306695
  0.3724675 0.1308011
  0.3647489 0.1308688
  0.3569987 0.1308741
  0.3492126 0.1308184
  0.341389 0.1307031
  0.3335293 0.1305295
  0.325638 0.1302992
  0.3177228 0.1300142
  0.3097946 0.1296767
  0.3018678 0.1292895
  0.2939598 0.128856
  0.2860905 0.1283797
  0.2782815 0.1278615
  0.2705517 0.1272989
  0.2629163 0.1266898
  0.2553862 0.1260323
  0.247969 0.125325
  0.240669 0.1245666
  0.2334879 0.1237558
  0.2264252 0.1228916
  0.2194787 0.121973
  0.2126446 0.1209988
  0.2059183 0.1199681
  0.1992942 0.1188795
  0.1927662 0.1177316
  0.1863276 0.1165232
  0.1799733 0.1152551
  0.1737028 0.1139304
  0.1675207 0.1125532
  0.1614354 0.1111286
  0.155458 0.1096628
  0.1496019 0.1081629
  0.1438807 0.1066366
  0.1383081 0.1050916
  0.1328971 0.1035312
  0.1276564 0.1019546
  0.122589 0.100361
  0.1176937 0.09874917
  0.1129664 0.09711782
  0.1084009 0.09546555
  0.1039901 0.09379093
  0.0997263 0.09209248
  0.09560144 0.09036872
  0.0916076 0.08861821
  0.08773614 0.08684386
  0.08397949 0.08505494
  0.08033344 0.0832615
  0.07679622 0.08147361
  0.07336757 0.07970114
  0.070048 0.07795339
  0.06683839 0.07623834
  0.06374076 0.07455753
  0.06075663 0.07290873
  0.05788587 0.07128977
  0.05512697 0.06969855
  0.05247742 0.06813315
  0.04993392 0.06659177
  0.04749265 0.06507273
  0.04514944 0.06357451
  0.04290043 0.06209578
  0.04074353 0.06063553
  0.03867646 0.05919267
  0.03669636 0.05776595
  0.03480008 0.05635407
  0.03298428 0.05495571
  0.03124563 0.05356956
  0.02958083 0.05219436
  0.02798674 0.05082888
  0.02646032 0.04947197
  0.02499873 0.04812252
  0.02359925 0.04677949
  0.02225939 0.04544187
  0.02097675 0.04410873
  0.01974802 0.0427791
  0.01856911 0.04145226
  0.01743652 0.04012795
  0.01634733 0.0388063
  0.01529902 0.03748776
  0.01428939 0.03617304
  0.01331649 0.03486302
  0.01237858 0.03355871
  0.01147402 0.03226123
  0.01060132 0.0309717
  0.009759126 0.02969128
  0.008947877 0.02842172
  0.008169506 0.02716503
  0.007425397 0.02592263
  0.006716426 0.02469542
  0.006043076 0.0234839
  0.005405545 0.02228826
  0.004803821 0.02110845
  0.00423775 0.0199442
  0.003707087 0.01879516
  0.003211533 0.01766084
  0.002750771 0.01654068
  0.002324485 0.01543409
  0.001932381 0.01434042
  0.001574201 0.013259
  0.001249735 0.01218916
  0.0009588294 0.01113021
  0.0007013964 0.01008145
  0.0004774212 0.009042179
  0.0002869683 0.008011692
  0.0001301889 0.006989279
  7.328206e-06 0.005974227
  -8.126658e-05 0.004965813
  -0.0001351371 0.003963304
  -0.0001537031 0.002965951
  -0.0001362499 0.001972985
  -8.191311e-05 0.0009836107
  1.033955e-05 -3.000116e-06
  0.0001413636 -0.0009876802
  0.0003107591 -0.001971123
  0.0005179415 -0.002953932
  0.000762483 -0.003936655
  0.001044099 -0.004919786
  0.001362638 -0.00590377
  0.001718072 -0.006889002
  0.002110489 -0.007875829
  0.002540087 -0.008864548
  0.003007168 -0.009855401
  0.003512134 -0.01084857
  0.004055478 -0.01184417
  0.004637782 -0.01284224
  0.005259708 -0.01384274
  0.005921986 -0.0148455
  0.006625404 -0.01585025
  0.007370792 -0.01685655
  0.008158992 -0.01786379
  0.008990837 -0.01887115
  0.009867101 -0.01987753
  0.01078845 -0.02088153
  0.01175535 -0.02188137
  0.01276801 -0.0228748
  0.01382624 -0.02385908
  0.01492933 -0.0248309
  0.01607702 -0.02578821
  0.01726995 -0.02673085
  0.0185087 -0.02765901
  0.01979377 -0.02857314
  0.02112558 -0.02947399
  0.02250452 -0.03036268
  0.02393095 -0.03124072
  0.0254053 -0.03211011
  0.02692808 -0.03297334
  0.02850005 -0.03383339
  0.03012273 -0.03469161
  0.0317982 -0.03554766
  0.03352872 -0.03640106
  0.03531665 -0.03725132
  0.03716449 -0.03809788
  0.03907489 -0.03894009
  0.04105064 -0.03977726
  0.0430947 -0.04060861
  0.04521021 -0.04143327
  0.04740048 -0.04225025
  0.04966899 -0.04305845
  0.05201943 -0.04385665
  0.05445567 -0.04464348
  0.05698221 -0.04541819
  0.05960441 -0.04618115
  0.06232788 -0.04693296
  0.06515843 -0.04767445
  0.06810196 -0.04840677
  0.0711643 -0.04913146
  0.074351 -0.04985049
  0.07766702 -0.05056642
  0.08111627 -0.05128218
  0.08470233 -0.05199741
  0.08842873 -0.05270871
  0.09229866 -0.05341215
  0.09631508 -0.05410328
  0.1004811 -0.0547772
  0.1048004 -0.05542856
  0.1092777 -0.05605243
  0.1139181 -0.05664598
  0.118726 -0.05720677
  0.123705 -0.0577324
  0.1288574 -0.0582206
  0.1341844 -0.05866928
  0.1396859 -0.05907671
  0.1453601 -0.05944155
  0.1512037 -0.059763
  0.157212 -0.0600409
  0.1633795 -0.06027387
  0.1697001 -0.06045865
  0.1761672 -0.06059204
  0.1827737 -0.06067107
  0.1895127 -0.06069306
  0.1963783 -0.06065559
  0.2033662 -0.06055644
  0.2104744 -0.06039369
  0.2177032 -0.06016669
  0.2250526 -0.05987553
  0.2325224 -0.05952061
  0.2401119 -0.05910261
  0.24782 -0.05862258
  0.2556452 -0.05808195
  0.2635852 -0.05748254
  0.2716375 -0.05682662
  0.2797988 -0.05611688
  0.2880653 -0.05535651
  0.2964328 -0.05454914
  0.3048962 -0.05369891
  0.3134503 -0.05281
  0.3220897 -0.0518857
  0.3308089 -0.05092936
  0.339602 -0.04994462
  0.348463 -0.04893539
  0.3573856 -0.04790582
  0.3663638 -0.04686027
  0.3753911 -0.04580327
  0.3844617 -0.0447395
  0.3935693 -0.04367372
  0.4027085 -0.04261078
  0.4118737 -0.04155473
  0.4210593 -0.04050558
  0.4302608 -0.039462
  0.4394744 -0.03842249
  0.4486973 -0.03738542
  0.4579281 -0.03634905
  0.4671661 -0.03531147
  0.476412 -0.03427067
  0.4856674 -0.03322447
  0.4949351 -0.03217057
  0.5042191 -0.0311065
  0.5135244 -0.03003052
  0.5228552 -0.02894289
  0.5322133 -0.02784444
  0.5415978 -0.02673633
  0.5510054 -0.02562008
  0.5604295 -0.02449755
  0.5698609 -0.02337097
  0.5792876 -0.02224293
  0.5886949 -0.02111637
  0.5980656 -0.01999447
  0.6073808 -0.01888079
  0.6166221 -0.01778094
  0.6257765 -0.01670122
  0.6348368 -0.015647
  0.6438009 -0.01462267
  0.6526712 -0.01363187
  0.6614538 -0.01267753
  0.6701582 -0.01176208
  0.6787964 -0.01088757
  0.6873832 -0.0100558
  0.6959358 -0.009268474
  0.7044741 -0.008527177
  0.7130189 -0.007830626
  0.7215891 -0.007174506
  0.7301996 -0.006554867
  0.7388622 -0.005968188
  0.747585 -0.005411261
  0.7563724 -0.00488111
  0.7652242 -0.004374916
  0.7741359 -0.003889977
  0.7830975 -0.003423667
  0.7920936 -0.002973427
  0.8011031 -0.002536768
  0.8101004 -0.002112879
  0.8190603 -0.001705599
  0.8279615 -0.001319219
  0.8367879 -0.0009575382
  0.8455275 -0.0006238541
  0.8541726 -0.0003209971
  0.8627194 -5.138303e-05
  0.8711673 0.0001829186
  0.8795182 0.0003801107
  0.8877768 0.0005385937
  0.8959492 0.0006568923
  0.9040435 0.0007337625
  0.9120657 0.0007718188
  0.9200112 0.0007772544
  0.9278633 0.0007562333
  0.9355957 0.0007148275
  0.9431754 0.0006589741
  0.9505669 0.0005943236
  0.957736 0.0005252109
  0.9646569 0.0004529939
  0.9713153 0.0003784205
  0.9777061 0.0003021432
  0.9838314 0.000224712
  0.9896985 0.0001465782
  0.9953179 6.810396e-05
  1.0 0.0
