GOE 675 AIRFOIL
  1.0 0.00175
  0.9961812 0.003033104
  0.9915872 0.004572195
  0.9867728 0.006179821
  0.9817202 0.007861242
  0.9764107 0.009621779
  0.9708259 0.01146654
  0.964949 0.01339999
  0.9587667 0.0154253
  0.952272 0.01754345
  0.9454679 0.01975214
  0.9383701 0.02204587
  0.9310054 0.02441668
  0.9234097 0.02685433
  0.9156242 0.02934728
  0.9076917 0.03188403
  0.8996515 0.03445451
  0.8915353 0.03705061
  0.8833675 0.03966266
  0.8751704 0.04228028
  0.8669643 0.0448937
  0.8587668 0.04749403
  0.8505927 0.05007343
  0.8424533 0.05262524
  0.8343569 0.05514397
  0.8263088 0.05762527
  0.8183114 0.06006585
  0.8103644 0.06246335
  0.8024653 0.06481627
  0.7946092 0.06712381
  0.7867904 0.0693863
  0.779003 0.07160494
  0.7712419 0.07378077
  0.7635024 0.07591466
  0.7557801 0.07800729
  0.748071 0.08005921
  0.7403711 0.0820708
  0.7326772 0.08404234
  0.7249859 0.08597396
  0.7172943 0.08786569
  0.7095995 0.08971745
  0.7018991 0.09152905
  0.6941905 0.09330021
  0.6864719 0.09503093
  0.6787416 0.09672163
  0.6709986 0.09837266
  0.6632424 0.09998423
  0.655473 0.1015564
  0.6476907 0.1030893
  0.6398965 0.1045827
  0.6320918 0.1060365
  0.6242786 0.1074505
  0.6164592 0.1088244
  0.6086367 0.1101578
  0.6008146 0.1114505
  0.5929966 0.112702
  0.5851871 0.1139117
  0.5773892 0.1150788
  0.5696052 0.1162026
  0.5618364 0.1172826
  0.5540826 0.1183185
  0.5463431 0.1193102
  0.5386158 0.1202575
  0.5308979 0.1211606
  0.5231854 0.1220194
  0.5154736 0.122834
  0.5077566 0.1236045
  0.5000277 0.1243307
  0.4922789 0.1250128
  0.4845017 0.1256514
  0.4766886 0.1262485
  0.4688337 0.1268054
  0.4609331 0.1273237
  0.4529848 0.1278046
  0.4449888 0.1282491
  0.4369475 0.1286584
  0.4288659 0.1290335
  0.4207514 0.1293756
  0.4126144 0.1296857
  0.4044679 0.1299651
  0.3963275 0.1302153
  0.388211 0.1304369
  0.3801361 0.1306272
  0.3721179 0.1307822
  0.3641688 0.1308985
  0.3562981 0.1309731
  0.3485125 0.1310034
  0.3408164 0.1309873
  0.333212 0.1309228
  0.3256997 0.1308082
  0.3182783 0.1306422
  0.3109453 0.1304235
  0.3036972 0.1301506
  0.2965295 0.1298226
  0.2894374 0.1294381
  0.2824162 0.1289968
  0.2754623 0.1284983
  0.2685723 0.1279423
  0.2617435 0.1273284
  0.2549733 0.1266562
  0.2482598 0.1259254
  0.2416009 0.1251353
  0.2349953 0.1242857
  0.2284416 0.123376
  0.2219388 0.1224058
  0.215486 0.1213747
  0.2090826 0.1202823
  0.2027281 0.1191282
  0.1964221 0.1179119
  0.1901646 0.1166334
  0.1839566 0.1152934
  0.1778016 0.1138935
  0.1717055 0.1124361
  0.1656762 0.1109244
  0.1597234 0.1093623
  0.1538577 0.1077545
  0.1480906 0.1061065
  0.1424335 0.1044241
  0.1368979 0.1027109
  0.1314925 0.1009692
  0.1262225 0.09920088
  0.1210905 0.09740725
  0.1160964 0.09558945
  0.1112386 0.09374825
  0.1065142 0.09188417
  0.1019194 0.08999747
  0.09744979 0.08808821
  0.0931004 0.08615698
  0.08886804 0.08420908
  0.08475507 0.08225349
  0.08076831 0.08030111
  0.07691677 0.07836389
  0.07320973 0.07645389
  0.06965533 0.07458162
  0.06626001 0.07274991
  0.06302377 0.07095628
  0.059941 0.06919655
  0.05700298 0.06746572
  0.05419958 0.06575854
  0.05152034 0.06406974
  0.04895505 0.06239422
  0.046494 0.06072733
  0.04412728 0.05906833
  0.04184662 0.05742034
  0.03964643 0.05578734
  0.03752294 0.05417374
  0.03547361 0.05258415
  0.03349665 0.05102308
  0.03159065 0.04949478
  0.02975435 0.04800305
  0.02798644 0.04655108
  0.02628544 0.04514145
  0.02464967 0.04377604
  0.02307722 0.04245604
  0.02156732 0.04117898
  0.0201209 0.03993711
  0.01873805 0.03872319
  0.01741802 0.03753098
  0.01615946 0.03635518
  0.01496065 0.03519129
  0.0138196 0.03403551
  0.01273418 0.03288465
  0.01170219 0.03173602
  0.01072152 0.03058766
  0.009790865 0.02944067
  0.00890917 0.02829735
  0.008075203 0.02715945
  0.007287632 0.02602825
  0.006545096 0.02490469
  0.00584625 0.02378943
  0.005189794 0.02268291
  0.0045745 0.02158538
  0.003999217 0.02049697
  0.003462886 0.01941772
  0.002964538 0.01834756
  0.002503298 0.01728637
  0.002078389 0.01623399
  0.001689124 0.0151902
  0.00133491 0.01415476
  0.001015246 0.01312741
  0.0007297214 0.01210786
  0.0004780153 0.01109582
  0.0002598961 0.01009097
  7.522194e-05 0.009092987
  -7.605799e-05 0.008101544
  -0.0001939021 0.007116298
  -0.0002781736 0.006136898
  -0.0003286367 0.005162983
  -0.0003449517 0.004194183
  -0.0003266689 0.003230115
  -0.0002732206 0.002270383
  -0.0001839115 0.001314576
  -5.790633e-05 0.0003622632
  0.0001057118 -0.0005869922
  0.0003070177 -0.001533416
  0.0005454979 -0.002477035
  0.0008207547 -0.003417811
  0.001132513 -0.004355647
  0.001480613 -0.005290383
  0.001865 -0.006221793
  0.002285723 -0.007149579
  0.002742928 -0.008073365
  0.003236853 -0.008992686
  0.003767828 -0.009906983
  0.004336268 -0.01081559
  0.004942672 -0.01171772
  0.00558762 -0.01261243
  0.00627177 -0.01349865
  0.006995846 -0.01437511
  0.007760642 -0.01524033
  0.008567001 -0.01609259
  0.009415813 -0.0169299
  0.01030799 -0.01774996
  0.01124444 -0.01855007
  0.01222604 -0.01932716
  0.0132536 -0.02007762
  0.0143279 -0.02079843
  0.01544993 -0.02148999
  0.01662068 -0.0221537
  0.01784108 -0.02279123
  0.01911187 -0.02340458
  0.02043364 -0.02399616
  0.02180667 -0.02456886
  0.02323085 -0.02512612
  0.02470559 -0.02567204
  0.02622966 -0.02621146
  0.02780207 -0.0267478
  0.02942372 -0.02727999
  0.03109571 -0.02780617
  0.03281918 -0.0283243
  0.03459525 -0.02883217
  0.03642515 -0.02932737
  0.03831024 -0.02980728
  0.04025214 -0.03026913
  0.04225283 -0.0307099
  0.04431486 -0.03112635
  0.04644155 -0.03151494
  0.0486373 -0.03187181
  0.05090808 -0.0321926
  0.0532619 -0.03247308
  0.0557088 -0.03271249
  0.05826032 -0.03291137
  0.06092955 -0.03307052
  0.06373122 -0.03319113
  0.06668166 -0.03327516
  0.06979835 -0.03332573
  0.07309872 -0.03334786
  0.07659767 -0.03334944
  0.08030437 -0.03333808
  0.08422368 -0.03331194
  0.08835741 -0.03326672
  0.09270493 -0.03319739
  0.09726532 -0.03309809
  0.1020414 -0.03296196
  0.1070444 -0.03278289
  0.1122898 -0.03255906
  0.1177932 -0.03228998
  0.1235687 -0.03197617
  0.1296278 -0.03161967
  0.1359771 -0.03122451
  0.1426164 -0.0307973
  0.1495356 -0.03034783
  0.1567126 -0.02988787
  0.1641139 -0.02942047
  0.1716997 -0.02894334
  0.1794291 -0.0284534
  0.1872647 -0.02794677
  0.1951766 -0.02741873
  0.2031457 -0.0268637
  0.2111644 -0.02627866
  0.2192302 -0.02566654
  0.2273406 -0.0250311
  0.2354936 -0.02437622
  0.2436873 -0.02370591
  0.2519202 -0.02302429
  0.2601909 -0.0223356
  0.2684983 -0.02164416
  0.276842 -0.02095438
  0.2852216 -0.02027075
  0.2936372 -0.01959784
  0.3020894 -0.01894028
  0.310579 -0.01830128
  0.3191067 -0.01768043
  0.3276724 -0.01707676
  0.336276 -0.0164893
  0.3449165 -0.01591709
  0.3535928 -0.01535916
  0.3623031 -0.01481452
  0.3710451 -0.01428219
  0.3798159 -0.01376116
  0.3886123 -0.01325043
  0.39743 -0.01274899
  0.4062648 -0.0122559
  0.4151116 -0.01177111
  0.4239662 -0.01129518
  0.4328245 -0.01082862
  0.4416833 -0.01037189
  0.4505395 -0.00992541
  0.4593908 -0.009489577
  0.4682354 -0.009064738
  0.477072 -0.008651207
  0.4858997 -0.008249267
  0.4947183 -0.007859171
  0.503528 -0.007481149
  0.5123296 -0.007115345
  0.521124 -0.006761809
  0.5299121 -0.00642058
  0.5386951 -0.0060917
  0.5474745 -0.005775212
  0.5562517 -0.005471159
  0.5650282 -0.005179592
  0.5738058 -0.004900562
  0.5825865 -0.004634129
  0.5913723 -0.004380358
  0.6001653 -0.004139325
  0.608968 -0.003910991
  0.6177825 -0.00369486
  0.6266106 -0.003490333
  0.6354533 -0.003296827
  0.6443113 -0.00311377
  0.6531848 -0.002940598
  0.6620733 -0.00277675
  0.6709757 -0.002621667
  0.6798904 -0.00247479
  0.6888152 -0.002335557
  0.6977474 -0.002203405
  0.7066835 -0.002077821
  0.7156199 -0.001958803
  0.7245536 -0.001846608
  0.7334818 -0.001741478
  0.7424027 -0.001643642
  0.7513147 -0.001553313
  0.7602169 -0.001470696
  0.7691091 -0.001395984
  0.7779914 -0.001329366
  0.7868646 -0.001271026
  0.7957299 -0.001221148
  0.8045891 -0.001179905
  0.8134441 -0.001147233
  0.8222949 -0.001122844
  0.8311401 -0.001106447
  0.8399757 -0.001097744
  0.8487963 -0.001096427
  0.8575943 -0.001102171
  0.8663605 -0.001114627
  0.8750842 -0.001133421
  0.8837534 -0.001158152
  0.892355 -0.001188392
  0.9008752 -0.001223688
  0.9092991 -0.001263383
  0.9176018 -0.001306236
  0.9257445 -0.001350876
  0.9336803 -0.001395951
  0.9413608 -0.001440206
  0.9487431 -0.001482572
  0.9557944 -0.001522273
  0.9624979 -0.001559154
  0.9688528 -0.001593342
  0.9748705 -0.001625021
  0.9805688 -0.001654395
  0.985969 -0.001681673
  0.9910936 -0.001707055
  0.9959647 -0.001730726
  1.0 -0.00175
