GOE 758 AIRFOIL
  1.0 0.0
  0.996578 0.0008811303
  0.9924519 0.001935463
  0.9881165 0.00303369
  0.9835542 0.004178846
  0.9787468 0.005373821
  0.9736768 0.006621088
  0.9683289 0.0079223
  0.9626925 0.009277722
  0.9567649 0.01068548
  0.9505559 0.01214069
  0.9440916 0.01363518
  0.9374138 0.01516025
  0.9305725 0.01670731
  0.923619 0.01826845
  0.9165997 0.01983764
  0.9095509 0.02141157
  0.9024953 0.02299008
  0.8954409 0.02457608
  0.8883844 0.02617178
  0.8813207 0.02777756
  0.8742454 0.0293936
  0.8671553 0.03101985
  0.8600479 0.03265605
  0.8529219 0.03430171
  0.8457768 0.0359561
  0.8386132 0.03761824
  0.8314329 0.03928686
  0.8242387 0.04096043
  0.8170347 0.04263715
  0.8098258 0.0443149
  0.8026185 0.04599135
  0.7954199 0.04766383
  0.7882378 0.04932893
  0.7810783 0.05098305
  0.7739463 0.05262297
  0.7668452 0.0542459
  0.7597768 0.05584944
  0.7527419 0.05743157
  0.7457397 0.05899059
  0.7387687 0.06052512
  0.731826 0.06203405
  0.7249078 0.06351652
  0.7180094 0.06497185
  0.7111252 0.06639954
  0.7042485 0.06779924
  0.697372 0.06917072
  0.6904876 0.07051549
  0.6835886 0.07183709
  0.6766691 0.07313896
  0.6697242 0.07442428
  0.66275 0.07569605
  0.655744 0.07695709
  0.6487043 0.07821002
  0.6416307 0.07945732
  0.6345239 0.08070133
  0.6273861 0.08194418
  0.6202211 0.08318785
  0.6130341 0.08443413
  0.6058316 0.08568457
  0.5986221 0.08694049
  0.5914148 0.0882013
  0.5842182 0.08946266
  0.5770394 0.09071987
  0.5698847 0.09196853
  0.5627588 0.09320451
  0.5556653 0.09442401
  0.5486068 0.09562352
  0.5415846 0.09679984
  0.5345992 0.09795008
  0.5276502 0.09907158
  0.520736 0.1001619
  0.5138547 0.1012189
  0.5070032 0.1022405
  0.5001781 0.1032248
  0.4933753 0.1041703
  0.4865911 0.1050771
  0.479822 0.1059455
  0.4730651 0.1067756
  0.4663176 0.1075677
  0.4595771 0.1083216
  0.4528412 0.1090374
  0.4461079 0.1097149
  0.4393756 0.1103539
  0.4326426 0.1109542
  0.4259076 0.1115153
  0.4191694 0.112037
  0.4124271 0.1125188
  0.4056799 0.1129603
  0.3989275 0.1133609
  0.3921693 0.1137201
  0.3854054 0.1140378
  0.3786361 0.1143135
  0.3718618 0.1145469
  0.3650835 0.1147377
  0.3583024 0.1148856
  0.3515199 0.1149903
  0.344738 0.1150515
  0.3379588 0.1150691
  0.3311848 0.1150428
  0.3244187 0.1149726
  0.3176636 0.1148585
  0.3109228 0.1147004
  0.3041998 0.1144986
  0.2974985 0.1142532
  0.2908228 0.113964
  0.2841767 0.1136294
  0.2775634 0.1132482
  0.2709857 0.1128191
  0.2644454 0.1123408
  0.2579438 0.1118123
  0.2514818 0.1112323
  0.2450595 0.1105998
  0.2386769 0.1099136
  0.2323332 0.1091725
  0.2260273 0.1083755
  0.2197578 0.1075211
  0.213523 0.1066081
  0.2073206 0.1056349
  0.2011483 0.1046
  0.1950035 0.1035017
  0.1888844 0.1023385
  0.1827914 0.1011091
  0.1767271 0.09981302
  0.170696 0.09845003
  0.1647043 0.09702068
  0.1587601 0.09552621
  0.1528729 0.0939687
  0.1470531 0.09235101
  0.141311 0.09067594
  0.1356524 0.08894492
  0.1300773 0.08715789
  0.1245809 0.08531313
  0.119154 0.08340726
  0.1137842 0.08143499
  0.1084555 0.07938889
  0.1031486 0.07725894
  0.09783954 0.07503195
  0.09250239 0.0727
  0.08712987 0.07027331
  0.08174959 0.06778009
  0.07642569 0.06526805
  0.07124964 0.06279625
  0.06631231 0.06039448
  0.06166337 0.05806437
  0.05731316 0.05579799
  0.0532491 0.05358322
  0.04944809 0.05140699
  0.04588545 0.04926154
  0.04254212 0.0471513
  0.03940275 0.04508156
  0.03645419 0.04305659
  0.03368456 0.04107962
  0.03108281 0.03915283
  0.02863859 0.03727758
  0.02634224 0.03545462
  0.02418454 0.03368399
  0.02215229 0.03196064
  0.02023415 0.03028008
  0.01842735 0.02864629
  0.01673193 0.02706703
  0.01514668 0.02554965
  0.0136676 0.02409876
  0.01228805 0.02271566
  0.01100421 0.02140027
  0.009818499 0.02015178
  0.00872821 0.0189657
  0.007727512 0.01783595
  0.006809728 0.01675631
  0.005968366 0.01572099
  0.005197519 0.01472485
  0.004491982 0.01376339
  0.003847239 0.01283267
  0.00325942 0.01192927
  0.002725227 0.01105019
  0.002241874 0.01019281
  0.00180702 0.009354793
  0.001418723 0.008534076
  0.001075391 0.007728796
  0.0007757533 0.006937265
  0.0005188271 0.00615794
  0.0003039015 0.005389395
  0.0001305221 0.004630299
  -1.516966e-06 0.003879392
  -9.217455e-05 0.003135471
  -0.0001411591 0.002397368
  -0.000147918 0.001663937
  -0.0001116208 0.0009340302
  -3.113256e-05 0.0002064882
  9.482591e-05 -0.0005198301
  0.0002659973 -0.001245536
  0.0004813902 -0.001970872
  0.0007403033 -0.002695999
  0.00104231 -0.003420998
  0.001387239 -0.004145867
  0.001775157 -0.004870514
  0.002206365 -0.005594744
  0.002681394 -0.006318246
  0.003201 -0.007040569
  0.003766174 -0.007761096
  0.004378143 -0.008479001
  0.005038376 -0.009193206
  0.005748596 -0.009902307
  0.006510775 -0.01060449
  0.007327136 -0.01129743
  0.008200132 -0.01197811
  0.009132402 -0.01264262
  0.01012668 -0.01328591
  0.01118564 -0.0139014
  0.01231159 -0.01448052
  0.01350661 -0.0150134
  0.01477594 -0.01549684
  0.01612696 -0.01593156
  0.01756792 -0.01631977
  0.01910805 -0.01666585
  0.02075749 -0.01697745
  0.02252711 -0.01726702
  0.02442802 -0.0175541
  0.02647104 -0.017866
  0.02866901 -0.01821658
  0.03103569 -0.01860805
  0.03358305 -0.01904104
  0.03631988 -0.01951397
  0.03925088 -0.02002235
  0.04237652 -0.02055809
  0.04569353 -0.02110919
  0.04919871 -0.02165997
  0.05289805 -0.02219344
  0.05680961 -0.02270181
  0.06095543 -0.02318183
  0.0653594 -0.0236298
  0.07004626 -0.0240416
  0.07504008 -0.02441272
  0.08036109 -0.02473955
  0.08602275 -0.02502385
  0.09202719 -0.02527204
  0.09835941 -0.02549567
  0.1049824 -0.02571043
  0.1118385 -0.02592007
  0.1188587 -0.02612071
  0.1259723 -0.02630877
  0.1331179 -0.02648143
  0.1402506 -0.02663673
  0.1473456 -0.02677352
  0.1543976 -0.02689118
  0.161415 -0.02698878
  0.1684078 -0.02706499
  0.1753848 -0.02711833
  0.1823538 -0.02714726
  0.189322 -0.02715012
  0.1962957 -0.02712517
  0.2032805 -0.0270706
  0.2102817 -0.02698626
  0.2173037 -0.02687377
  0.2243505 -0.02673485
  0.2314256 -0.0265712
  0.2385317 -0.02638453
  0.2456711 -0.02617662
  0.2528451 -0.02594929
  0.2600546 -0.02570443
  0.2672994 -0.02544401
  0.2745787 -0.02517013
  0.2818906 -0.02488495
  0.2892322 -0.02459078
  0.2965999 -0.02429002
  0.3039886 -0.02398512
  0.3113929 -0.02367722
  0.3188073 -0.02336628
  0.3262271 -0.02305216
  0.3336479 -0.02273474
  0.3410662 -0.02241384
  0.3484789 -0.02208929
  0.3558839 -0.02176088
  0.3632794 -0.02142839
  0.3706644 -0.02109156
  0.3780385 -0.02075012
  0.385402 -0.02040378
  0.3927556 -0.02005221
  0.4001009 -0.01969505
  0.4074398 -0.01933199
  0.4147744 -0.01896295
  0.4221065 -0.01858794
  0.4294378 -0.01820697
  0.4367695 -0.01782006
  0.4441028 -0.01742722
  0.4514383 -0.01702851
  0.4587766 -0.01662397
  0.4661179 -0.01621367
  0.4734622 -0.0157977
  0.4808091 -0.01537614
  0.4881581 -0.01494912
  0.4955082 -0.01451677
  0.5028584 -0.01407925
  0.5102072 -0.01363717
  0.5175536 -0.01319173
  0.5248963 -0.01274414
  0.5322344 -0.01229562
  0.5395673 -0.01184736
  0.5468942 -0.01140056
  0.5542148 -0.01095637
  0.5615287 -0.01051594
  0.5688359 -0.01008043
  0.5761362 -0.009650929
  0.5834299 -0.009228562
  0.5907172 -0.008814411
  0.5979987 -0.008409556
  0.6052749 -0.008014993
  0.6125464 -0.007631081
  0.6198139 -0.00725783
  0.6270781 -0.006895249
  0.6343395 -0.006543352
  0.6415988 -0.006202154
  0.6488568 -0.005871675
  0.6561142 -0.005551936
  0.6633715 -0.005242965
  0.6706296 -0.00494479
  0.6778892 -0.004657445
  0.6851511 -0.004380969
  0.692416 -0.004115403
  0.6996847 -0.003860793
  0.706958 -0.003617152
  0.7142366 -0.003384327
  0.7215211 -0.003162128
  0.7288116 -0.002950371
  0.7361083 -0.002748881
  0.7434108 -0.002557486
  0.7507188 -0.00237602
  0.7580316 -0.002204319
  0.7653483 -0.002042217
  0.7726677 -0.001889552
  0.7799885 -0.001746158
  0.7873089 -0.001611864
  0.7946272 -0.001486499
  0.8019412 -0.001369883
  0.8092487 -0.001261759
  0.816548 -0.001161721
  0.8238381 -0.001069334
  0.8311187 -0.0009841541
  0.8383905 -0.0009057327
  0.8456546 -0.0008336185
  0.8529131 -0.0007673611
  0.8601688 -0.0007065128
  0.867425 -0.0006506294
  0.874686 -0.0005992711
  0.8819568 -0.0005520025
  0.8892431 -0.000508391
  0.8965516 -0.0004680067
  0.9038899 -0.000430417
  0.911262 -0.0003951578
  0.9186558 -0.0003617832
  0.9260376 -0.0003299129
  0.9333547 -0.0002992262
  0.94054 -0.0002694624
  0.9475219 -0.0002404222
  0.9542343 -0.0002119831
  0.9606295 -0.0001842597
  0.9666849 -0.0001574407
  0.9723989 -0.0001316265
  0.9777836 -0.0001068493
  0.9828587 -8.309649e-05
  0.9876474 -6.032854e-05
  0.9921733 -3.849149e-05
  0.9964598 -1.752527e-05
  1.0 0.0
