SIKORSKY GS-1 AIRFOIL
  1.0 0.0
  0.9961379 0.0009515442
  0.9914843 0.002099467
  0.9866005 0.003305837
  0.9814695 0.004575059
  0.9760754 0.005911352
  0.9704048 0.007318368
  0.9644487 0.008798645
  0.958206 0.01035285
  0.9516866 0.01197886
  0.9449154 0.01367066
  0.9379312 0.01541696
  0.9307794 0.01720353
  0.9235066 0.0190155
  0.9161544 0.02083899
  0.9087549 0.02266244
  0.9013277 0.02447743
  0.8938785 0.02627937
  0.8864047 0.0280683
  0.8789033 0.02984544
  0.8713721 0.03161184
  0.8638094 0.03336837
  0.8562144 0.03511573
  0.848587 0.03685447
  0.8409282 0.03858491
  0.8332395 0.04030725
  0.8255236 0.04202148
  0.8177841 0.0437274
  0.8100256 0.04542464
  0.8022538 0.04711266
  0.7944751 0.04879063
  0.7866962 0.05045665
  0.778923 0.05210845
  0.77116 0.053744
  0.763411 0.05536154
  0.7556785 0.0569596
  0.747964 0.05853694
  0.740268 0.06009253
  0.7325901 0.06162561
  0.7249288 0.06313556
  0.717282 0.06462198
  0.7096464 0.0660846
  0.702018 0.06752329
  0.6943921 0.06893816
  0.6867636 0.07033018
  0.6791284 0.07170066
  0.671483 0.07305071
  0.6638249 0.07438126
  0.6561522 0.07569309
  0.648464 0.07698681
  0.6407602 0.0782629
  0.6330414 0.07952169
  0.6253093 0.08076338
  0.6175664 0.08198807
  0.609816 0.08319573
  0.6020625 0.08438622
  0.5943111 0.08555918
  0.586567 0.08671314
  0.578835 0.08784614
  0.571119 0.08895638
  0.563422 0.09004226
  0.5557465 0.09110231
  0.5480942 0.09213522
  0.5404659 0.09313983
  0.532862 0.0941151
  0.5252821 0.09506008
  0.5177252 0.09597395
  0.5101898 0.09685595
  0.5026737 0.09770536
  0.4951744 0.09852156
  0.4876892 0.09930425
  0.4802157 0.1000533
  0.4727522 0.1007683
  0.4652975 0.1014492
  0.4578508 0.1020954
  0.4504115 0.1027066
  0.4429799 0.1032823
  0.4355564 0.103822
  0.428142 0.1043253
  0.420738 0.1047916
  0.4133462 0.1052204
  0.4059688 0.1056113
  0.3986082 0.1059637
  0.3912674 0.1062772
  0.3839489 0.1065507
  0.3766549 0.1067833
  0.3693869 0.1069741
  0.3621459 0.1071224
  0.3549324 0.1072274
  0.3477463 0.1072884
  0.3405873 0.1073046
  0.3334544 0.1072755
  0.3263463 0.1072003
  0.3192613 0.1070783
  0.3121973 0.1069088
  0.3051519 0.1066909
  0.2981223 0.1064237
  0.2911058 0.1061063
  0.2841005 0.1057377
  0.2771059 0.1053168
  0.2701228 0.1048427
  0.263153 0.1043145
  0.2561996 0.1037316
  0.2492668 0.1030934
  0.2423597 0.1023997
  0.2354848 0.1016506
  0.2286489 0.1008462
  0.2218599 0.09998746
  0.2151263 0.09907532
  0.2084568 0.09811126
  0.2018603 0.0970971
  0.1953458 0.0960349
  0.1889205 0.09492559
  0.1825873 0.09376899
  0.1763446 0.09256437
  0.1701873 0.0913103
  0.1641074 0.09000465
  0.1580943 0.0886445
  0.1521353 0.08722598
  0.1462155 0.08574429
  0.1403212 0.08419552
  0.1344448 0.08257777
  0.1285864 0.08089095
  0.1227534 0.07913712
  0.11696 0.07732091
  0.111227 0.07544972
  0.10558 0.07353371
  0.1000477 0.0715854
  0.09465908 0.06961888
  0.08944113 0.06764886
  0.08441629 0.06568957
  0.07960109 0.06375382
  0.07500553 0.06185232
  0.07063345 0.05999276
  0.06648483 0.0581786
  0.06255753 0.05641248
  0.05884677 0.05469654
  0.05534521 0.05303216
  0.05204355 0.05141989
  0.04893109 0.04985955
  0.04599809 0.04834954
  0.04323551 0.04688653
  0.04063253 0.04546663
  0.03817776 0.04408596
  0.03585996 0.04274082
  0.03366858 0.04142781
  0.03159394 0.04014391
  0.02962725 0.03888646
  0.02776054 0.03765307
  0.02598658 0.03644162
  0.02429877 0.03525013
  0.02269075 0.03407497
  0.02115706 0.03291148
  0.01969376 0.03175663
  0.01829783 0.03060869
  0.01696675 0.02946691
  0.01569823 0.02833124
  0.01448998 0.02720208
  0.01333965 0.02608011
  0.01224481 0.02496614
  0.01120438 0.02386212
  0.0102194 0.02277134
  0.009289852 0.02169602
  0.008414766 0.02063731
  0.007592625 0.01959567
  0.006821624 0.01857105
  0.006099854 0.01756306
  0.005425408 0.01657112
  0.004796457 0.01559448
  0.004211288 0.01463236
  0.003668327 0.01368388
  0.003166153 0.0127482
  0.002703499 0.01182445
  0.00227925 0.01091177
  0.001892447 0.01000931
  0.001542276 0.009116261
  0.00122807 0.008231796
  0.0009493041 0.007355126
  0.0007055941 0.006485466
  0.0004966954 0.00562204
  0.0003225047 0.004764077
  0.0001830629 0.003910805
  7.856005e-05 0.003061445
  9.343401e-06 0.002215205
  -2.407232e-05 0.001371272
  -2.099039e-05 0.0005288042
  1.946834e-05 -0.0003130776
  9.756598e-05 -0.001155155
  0.0002126131 -0.001997999
  0.0003640334 -0.002842115
  0.0005514324 -0.00368796
  0.0007745836 -0.004535946
  0.001033417 -0.005386441
  0.001328013 -0.006239772
  0.001658594 -0.007096221
  0.002025523 -0.00795602
  0.002429301 -0.008819351
  0.002870563 -0.009686333
  0.003350081 -0.01055701
  0.003868761 -0.01143135
  0.004427641 -0.01230921
  0.005027891 -0.01319032
  0.005670801 -0.01407424
  0.006357772 -0.01496035
  0.007090298 -0.01584777
  0.007869929 -0.01673531
  0.008698227 -0.01762139
  0.009576689 -0.01850392
  0.01050664 -0.01938022
  0.01148907 -0.02024685
  0.01252444 -0.02109944
  0.01361289 -0.02193352
  0.01475577 -0.0227476
  0.01595467 -0.02354117
  0.01721109 -0.0243141
  0.01852641 -0.02506662
  0.01990195 -0.02579952
  0.02133899 -0.02651419
  0.02283891 -0.02721279
  0.02440331 -0.02789837
  0.02603429 -0.02857484
  0.02773542 -0.02924393
  0.02951142 -0.0299054
  0.03136744 -0.03055892
  0.03330908 -0.0312042
  0.03534245 -0.03184096
  0.03747414 -0.03246893
  0.03971122 -0.03308789
  0.04206122 -0.03369771
  0.04453209 -0.03429836
  0.04713206 -0.03489001
  0.04986947 -0.03547313
  0.05275294 -0.03604809
  0.05579346 -0.0366135
  0.0590031 -0.03716718
  0.06239418 -0.03770667
  0.06597889 -0.03822932
  0.06976929 -0.03873236
  0.07377764 -0.03921316
  0.07801705 -0.03966928
  0.08250138 -0.04009695
  0.08724279 -0.04049115
  0.09224985 -0.04084651
  0.09752574 -0.04115763
  0.1030666 -0.04141947
  0.1088602 -0.04162784
  0.1148859 -0.04178
  0.1211158 -0.04187515
  0.1275169 -0.04191471
  0.134056 -0.04190233
  0.1407026 -0.04184363
  0.1474342 -0.04174566
  0.1542387 -0.04161603
  0.1611145 -0.04145721
  0.1680627 -0.04126766
  0.175084 -0.04104569
  0.1821789 -0.04078956
  0.1893478 -0.04049748
  0.1965904 -0.04016762
  0.203906 -0.03979821
  0.2112933 -0.03938907
  0.2187504 -0.0389416
  0.2262751 -0.03845743
  0.2338648 -0.03793841
  0.2415165 -0.03738655
  0.249227 -0.03680406
  0.2569926 -0.03619338
  0.2648094 -0.03555708
  0.2726731 -0.03489798
  0.2805789 -0.03421901
  0.2885219 -0.03352331
  0.2964968 -0.03281414
  0.304498 -0.03209484
  0.3125199 -0.03136787
  0.3205574 -0.03063491
  0.3286056 -0.02989755
  0.3366603 -0.02915741
  0.3447179 -0.02841603
  0.352775 -0.02767492
  0.3608293 -0.02693553
  0.3688786 -0.02619926
  0.3769216 -0.02546745
  0.3849575 -0.02474135
  0.392986 -0.0240222
  0.4010076 -0.02331114
  0.4090229 -0.02260903
  0.4170328 -0.02191611
  0.4250382 -0.02123249
  0.4330398 -0.02055829
  0.441038 -0.01989366
  0.4490336 -0.01923873
  0.4570269 -0.01859367
  0.4650184 -0.01795863
  0.4730082 -0.01733379
  0.4809966 -0.01671932
  0.4889837 -0.01611542
  0.4969695 -0.01552226
  0.5049541 -0.01494005
  0.5129373 -0.01436897
  0.520919 -0.01380916
  0.528899 -0.01326079
  0.5368773 -0.01272403
  0.5448537 -0.01219902
  0.5528279 -0.01168593
  0.5607998 -0.01118492
  0.5687692 -0.01069614
  0.5767358 -0.01021975
  0.5846995 -0.009755905
  0.5926599 -0.009304765
  0.6006168 -0.008866481
  0.6085699 -0.008441192
  0.616519 -0.008028987
  0.6244642 -0.007629938
  0.6324055 -0.007244108
  0.6403433 -0.006871552
  0.6482782 -0.006512318
  0.6562108 -0.006166451
  0.6641421 -0.005833995
  0.6720731 -0.005514988
  0.6800051 -0.005209475
  0.6879396 -0.004917497
  0.6958781 -0.004639102
  0.7038225 -0.004374311
  0.7117746 -0.004122306
  0.719736 -0.003881394
  0.7277076 -0.003649855
  0.7356898 -0.003425974
  0.7436826 -0.003208039
  0.7516852 -0.002994339
  0.7596965 -0.002783165
  0.7677146 -0.002572807
  0.7757372 -0.002361564
  0.7837614 -0.002147742
  0.7917836 -0.001929667
  0.7997997 -0.001705688
  0.8078053 -0.001474869
  0.8157957 -0.001239215
  0.8237661 -0.001001503
  0.831712 -0.0007644758
  0.8396289 -0.0005308239
  0.8475125 -0.000303173
  0.8553587 -8.40693e-05
  0.8631635 0.0001240326
  0.8709231 0.000318781
  0.8786339 0.000497936
  0.8862927 0.0006593779
  0.8938962 0.0008011129
  0.9014416 0.0009212792
  0.9089253 0.00101837
  0.9163371 0.001091483
  0.9236578 0.001139939
  0.9308613 0.001163379
  0.9379167 0.001161897
  0.9447924 0.001136127
  0.9514586 0.001087247
  0.9578908 0.001017153
  0.9640739 0.0009284751
  0.9700022 0.0008238426
  0.9756777 0.0007056862
  0.9811073 0.000576179
  0.9863013 0.0004372174
  0.9912718 0.0002904288
  0.9960321 0.0001371943
  1.0 0.0
