 UNIVERSITY OF GLASGOW GU25-5(11)8 AIRFOIL
  1.0 0.0
  0.99655 0.001264934
  0.9923877 0.002788531
  0.9880117 0.004387431
  0.9834037 0.006067839
  0.9785453 0.007835974
  0.9734188 0.009697654
  0.9680094 0.01165763
  0.9623076 0.01371859
  0.9563132 0.01587985
  0.9500397 0.01813574
  0.9435186 0.0204744
  0.936797 0.02287957
  0.9299293 0.02533301
  0.9229699 0.02781682
  0.9159665 0.03031571
  0.908955 0.03281865
  0.9019569 0.03531982
  0.8949785 0.03781868
  0.888016 0.04031797
  0.8810647 0.04282073
  0.87412 0.04532979
  0.867178 0.04784787
  0.860235 0.05037755
  0.853288 0.05292127
  0.8463343 0.05548134
  0.8393709 0.05805867
  0.8323957 0.0606528
  0.8254069 0.06326288
  0.8184039 0.06588776
  0.8113868 0.0685259
  0.8043568 0.07117539
  0.797316 0.07383394
  0.7902672 0.07649905
  0.7832137 0.07916824
  0.7761586 0.08183908
  0.7691049 0.08450915
  0.7620557 0.08717605
  0.7550138 0.08983745
  0.747982 0.09249106
  0.7409629 0.09513454
  0.7339586 0.0977655
  0.7269709 0.1003817
  0.7200009 0.1029812
  0.7130495 0.105562
  0.7061171 0.1081227
  0.6992037 0.1106617
  0.6923089 0.1131776
  0.6854324 0.1156689
  0.6785744 0.1181338
  0.6717351 0.1205704
  0.6649154 0.1229767
  0.6581165 0.1253508
  0.6513399 0.1276907
  0.6445872 0.1299941
  0.6378603 0.1322588
  0.6311598 0.1344826
  0.624486 0.1366635
  0.6178382 0.1388001
  0.6112149 0.140891
  0.6046143 0.1429354
  0.5980336 0.1449323
  0.5914702 0.1468806
  0.5849233 0.1487779
  0.5783955 0.1506208
  0.5718926 0.1524053
  0.5654233 0.154127
  0.5589986 0.1557812
  0.5526317 0.1573633
  0.546337 0.1588688
  0.5401273 0.1602917
  0.5340084 0.161626
  0.5279783 0.1628683
  0.5220289 0.1640169
  0.5161477 0.1650708
  0.5103179 0.1660298
  0.5045197 0.1668931
  0.4987291 0.1676598
  0.4929197 0.1683312
  0.4870671 0.1689142
  0.481151 0.169415
  0.4751552 0.1698383
  0.4690678 0.1701883
  0.4628823 0.1704687
  0.4565989 0.1706832
  0.4502262 0.1708357
  0.4437821 0.17093
  0.4372881 0.1709657
  0.4307633 0.1709419
  0.4242238 0.1708582
  0.4176813 0.1707147
  0.4111433 0.1705119
  0.404613 0.1702503
  0.398089 0.1699302
  0.3915665 0.1695518
  0.38504 0.1691155
  0.3785058 0.1686218
  0.3719612 0.168071
  0.3654049 0.1674634
  0.3588373 0.1667994
  0.35226 0.1660798
  0.3456761 0.1653053
  0.3390897 0.1644765
  0.3325045 0.1635938
  0.3259238 0.1626576
  0.3193501 0.1616682
  0.3127856 0.160626
  0.3062315 0.1595312
  0.299689 0.1583842
  0.2931582 0.1571851
  0.2866394 0.1559338
  0.280133 0.1546303
  0.2736395 0.1532746
  0.2671598 0.1518668
  0.2606947 0.1504071
  0.2542453 0.1488954
  0.2478128 0.1473322
  0.2413987 0.1457175
  0.2350047 0.1440512
  0.2286326 0.1423334
  0.2222843 0.1405641
  0.2159618 0.1387435
  0.2096671 0.1368719
  0.2034025 0.1349495
  0.1971701 0.1329767
  0.1909723 0.130954
  0.1848109 0.1288814
  0.1786878 0.1267589
  0.172604 0.1245864
  0.1665602 0.1223638
  0.1605568 0.1200907
  0.1545938 0.1177666
  0.1486708 0.1153909
  0.1427876 0.1129627
  0.1369464 0.1104809
  0.1311519 0.1079459
  0.1254113 0.1053591
  0.1197342 0.1027236
  0.1141315 0.1000437
  0.1086156 0.09732509
  0.1031998 0.09457449
  0.09789713 0.09179969
  0.0927197 0.08900811
  0.08767369 0.08620394
  0.08275796 0.0833877
  0.07796582 0.08055676
  0.07328666 0.07770576
  0.06871089 0.07482879
  0.06424701 0.07193056
  0.05992466 0.06903128
  0.05578536 0.06616269
  0.0518708 0.06336108
  0.04821231 0.06065946
  0.04482429 0.05807879
  0.04169601 0.0556202
  0.03880086 0.05327214
  0.03610846 0.05101858
  0.03358999 0.04884277
  0.03121996 0.04672882
  0.02897638 0.04466199
  0.02684034 0.04262856
  0.02479547 0.04061553
  0.02282751 0.03860996
  0.02092827 0.03660299
  0.01909923 0.0345958
  0.01734895 0.0325987
  0.01568943 0.03062853
  0.01413229 0.02870493
  0.01268556 0.02684621
  0.01135204 0.02506626
  0.01012938 0.02337327
  0.009011377 0.02177
  0.007989491 0.02025509
  0.00705428 0.01882445
  0.006196329 0.0174725
  0.005406809 0.01619307
  0.004677898 0.01497995
  0.004006607 0.01382762
  0.003393121 0.01273048
  0.002836071 0.01168245
  0.002333319 0.01067764
  0.001882537 0.009710695
  0.001481508 0.00877679
  0.00112827 0.007871659
  0.0008211769 0.006991513
  0.0005589295 0.006132975
  0.0003405797 0.005293003
  0.0001655353 0.004468829
  3.356553e-05 0.003657891
  -5.518739e-05 0.002857781
  -0.0001001863 0.00206619
  -0.0001004634 0.001280853
  -5.456648e-05 0.0004994954
  3.948426e-05 -0.0002802178
  0.0001825703 -0.00106003
  0.00037368 -0.001840597
  0.0006121481 -0.00262228
  0.0008977804 -0.003405207
  0.0012308 -0.004189257
  0.001611806 -0.004974013
  0.002041735 -0.0057587
  0.002521822 -0.006542093
  0.003053543 -0.007322396
  0.003638539 -0.008097071
  0.004278483 -0.008862622
  0.004974881 -0.009614313
  0.005729253 -0.01034685
  0.006544866 -0.0110582
  0.007425798 -0.01174742
  0.00837648 -0.01241355
  0.009401709 -0.01305572
  0.01050667 -0.01367312
  0.01169693 -0.01426511
  0.01297845 -0.01483134
  0.01435749 -0.0153718
  0.01584055 -0.01588712
  0.01743417 -0.01637875
  0.01914465 -0.01684944
  0.02097753 -0.0173037
  0.02293683 -0.01774865
  0.0250239 -0.01819502
  0.02723892 -0.01865505
  0.02959077 -0.01913118
  0.03209079 -0.01962249
  0.03474988 -0.02012726
  0.03757807 -0.02064281
  0.04058445 -0.02116543
  0.04377803 -0.02169053
  0.04717007 -0.02221291
  0.05077899 -0.0227274
  0.05463306 -0.02323072
  0.0587611 -0.0237231
  0.06319178 -0.02420562
  0.0679507 -0.0246801
  0.07305319 -0.02514934
  0.07849294 -0.02561692
  0.08424091 -0.02608061
  0.09025495 -0.02653345
  0.09648801 -0.02696912
  0.1029024 -0.02738309
  0.1094762 -0.02777314
  0.1161905 -0.02813831
  0.123025 -0.02847825
  0.1299597 -0.02879322
  0.1369757 -0.02908411
  0.1440568 -0.02935234
  0.1511902 -0.02959984
  0.1583675 -0.02982838
  0.1655828 -0.03003855
  0.172831 -0.03023087
  0.1801074 -0.03040591
  0.1874078 -0.03056434
  0.1947288 -0.03070691
  0.2020677 -0.03083442
  0.2094225 -0.03094754
  0.2167911 -0.03104666
  0.2241718 -0.03113218
  0.2315627 -0.03120449
  0.2389622 -0.03126404
  0.2463687 -0.03131124
  0.2537808 -0.03134655
  0.261197 -0.03137024
  0.2686164 -0.03138245
  0.2760386 -0.03138328
  0.2834634 -0.03137288
  0.290891 -0.03135136
  0.2983221 -0.03131885
  0.3057578 -0.03127547
  0.313199 -0.03122147
  0.3206461 -0.03115716
  0.3280982 -0.03108285
  0.3355539 -0.03099888
  0.3430107 -0.03090559
  0.3504652 -0.03080336
  0.3579132 -0.03069233
  0.3653511 -0.03057169
  0.3727763 -0.03044047
  0.380188 -0.03029768
  0.3875866 -0.03014233
  0.394974 -0.02997338
  0.4023532 -0.02978978
  0.4097287 -0.02959102
  0.4171045 -0.02937746
  0.4244846 -0.02914956
  0.4318721 -0.02890775
  0.4392696 -0.02865248
  0.4466793 -0.02838418
  0.4541029 -0.02810332
  0.4615414 -0.02781066
  0.4689954 -0.02750719
  0.4764649 -0.02719398
  0.4839493 -0.02687212
  0.4914475 -0.02654273
  0.4989576 -0.026207
  0.5064773 -0.02586604
  0.5140039 -0.02552033
  0.5215355 -0.0251701
  0.5290706 -0.02481554
  0.5366082 -0.02445683
  0.5441481 -0.02409411
  0.5516906 -0.02372751
  0.5592366 -0.02335717
  0.5667869 -0.02298339
  0.5743423 -0.0226065
  0.581903 -0.02222683
  0.5894689 -0.02184474
  0.59704 -0.0214606
  0.6046155 -0.02107479
  0.6121947 -0.02068768
  0.6197768 -0.02029959
  0.6273609 -0.01991084
  0.6349464 -0.01952177
  0.6425325 -0.01913269
  0.6501185 -0.01874393
  0.6577037 -0.01835579
  0.6652877 -0.01796847
  0.67287 -0.01758217
  0.6804502 -0.01719706
  0.6880283 -0.0168133
  0.6956042 -0.01643107
  0.7031781 -0.01605052
  0.7107501 -0.01567177
  0.7183205 -0.01529492
  0.7258894 -0.01492006
  0.7334568 -0.01454731
  0.7410226 -0.01417677
  0.7485868 -0.01380854
  0.7561491 -0.01344274
  0.7637094 -0.01307942
  0.7712674 -0.01271865
  0.7788234 -0.01236044
  0.7863773 -0.01200483
  0.7939296 -0.01165185
  0.8014805 -0.01130151
  0.8090307 -0.01095393
  0.8165795 -0.01060945
  0.8241252 -0.0102685
  0.8316645 -0.009931582
  0.8391929 -0.009599238
  0.8467045 -0.009272059
  0.8541921 -0.008950568
  0.8616482 -0.008633548
  0.8690677 -0.008318254
  0.8764477 -0.008001866
  0.8837883 -0.007681548
  0.8910915 -0.007354452
  0.8983617 -0.007017702
  0.905605 -0.006668437
  0.9128233 -0.006304444
  0.9200054 -0.005924449
  0.9271265 -0.005528125
  0.9341505 -0.00511619
  0.9410338 -0.004690406
  0.9477309 -0.004253436
  0.9541992 -0.003808614
  0.9604066 -0.003360119
  0.9663361 -0.002911911
  0.9719837 -0.002467012
  0.9773549 -0.002027591
  0.982461 -0.001595111
  0.9873169 -0.001170488
  0.9919388 -0.0007542327
  0.9963435 -0.0003465644
  1.0 0.0
