HOBIESMO1.DAT                           
  1.0 0.0
  0.9968804 0.0006428875
  0.992674 0.001506243
  0.9877438 0.002513002
  0.9822597 0.003624032
  0.9765098 0.004773782
  0.9706283 0.005931175
  0.9646802 0.007082207
  0.9587036 0.008218848
  0.9527071 0.009339708
  0.9466884 0.01044694
  0.9406466 0.01154259
  0.9345832 0.0126284
  0.9285011 0.01370613
  0.9224032 0.01477765
  0.9162925 0.01584482
  0.9101717 0.01690881
  0.9040433 0.01797028
  0.897909 0.01902997
  0.8917702 0.02008834
  0.8856282 0.02114537
  0.8794838 0.02220099
  0.8733379 0.02325516
  0.8671915 0.02430788
  0.8610451 0.02535914
  0.8548994 0.02640896
  0.8487547 0.02745738
  0.8426115 0.02850432
  0.83647 0.02954936
  0.8303304 0.03059208
  0.8241928 0.03163205
  0.8180573 0.03266884
  0.8119239 0.03370205
  0.8057928 0.03473127
  0.7996638 0.0357561
  0.793537 0.03677615
  0.7874122 0.03779098
  0.7812894 0.03880014
  0.7751684 0.0398032
  0.7690494 0.04079971
  0.7629321 0.04178923
  0.7568165 0.04277133
  0.7507025 0.04374556
  0.7445901 0.0447115
  0.7384793 0.04566872
  0.7323699 0.04661683
  0.7262618 0.04755543
  0.720155 0.04848412
  0.7140493 0.04940251
  0.7079445 0.05031022
  0.7018405 0.05120685
  0.6957372 0.05209204
  0.6896342 0.05296551
  0.6835315 0.05382705
  0.6774288 0.05467645
  0.6713261 0.05551349
  0.6652231 0.05633796
  0.6591197 0.05714963
  0.6530158 0.0579483
  0.6469112 0.05873374
  0.6408057 0.05950581
  0.6346993 0.06026448
  0.6285919 0.0610097
  0.6224833 0.0617414
  0.6163734 0.06245954
  0.6102622 0.06316406
  0.6041497 0.06385491
  0.5980356 0.06453203
  0.59192 0.0651954
  0.5858029 0.06584502
  0.5796842 0.06648094
  0.5735639 0.06710316
  0.5674421 0.06771171
  0.5613188 0.0683066
  0.555194 0.06888786
  0.5490679 0.06945548
  0.5429405 0.07000947
  0.5368119 0.07054974
  0.5306823 0.0710762
  0.5245519 0.07158876
  0.5184208 0.07208733
  0.5122893 0.0725718
  0.5061575 0.0730421
  0.5000257 0.07349812
  0.4938941 0.07393974
  0.4877632 0.07436664
  0.4816329 0.0747785
  0.4755037 0.07517497
  0.4693756 0.07555573
  0.4632489 0.07592044
  0.4571237 0.07626879
  0.451 0.07660044
  0.4448779 0.07691508
  0.4387577 0.07721231
  0.4326392 0.07749172
  0.4265227 0.07775289
  0.4204081 0.07799541
  0.4142956 0.07821888
  0.4081852 0.07842287
  0.402077 0.07860698
  0.395971 0.07877081
  0.3898673 0.07891394
  0.383766 0.07903595
  0.3776672 0.07913641
  0.371571 0.0792149
  0.3654773 0.07927101
  0.3593864 0.07930431
  0.3532982 0.07931439
  0.3472127 0.07930083
  0.3411302 0.07926322
  0.3350506 0.07920116
  0.3289741 0.07911425
  0.3229008 0.07900209
  0.3168309 0.07886428
  0.3107643 0.07870041
  0.3047012 0.07851011
  0.2986418 0.07829296
  0.2925863 0.07804857
  0.2865347 0.07777648
  0.2804873 0.07747625
  0.2744444 0.07714745
  0.2684062 0.07678964
  0.2623731 0.07640239
  0.2563453 0.07598528
  0.2503232 0.07553789
  0.2443073 0.07505978
  0.2382979 0.07455033
  0.2322956 0.07400889
  0.2263009 0.07343483
  0.2203143 0.07282751
  0.2143364 0.07218629
  0.2083676 0.07151057
  0.2024085 0.07079975
  0.1964596 0.0700532
  0.1905215 0.06927008
  0.1845951 0.06844931
  0.178681 0.06758989
  0.1727803 0.06669082
  0.166894 0.06575114
  0.161023 0.06476993
  0.1551686 0.06374633
  0.149332 0.06267951
  0.1435145 0.06156839
  0.1377183 0.06041111
  0.1319457 0.05920576
  0.1261991 0.05795051
  0.120481 0.05664365
  0.1147938 0.05528358
  0.1091403 0.05386882
  0.1035231 0.05239802
  0.09794477 0.05086998
  0.09240847 0.04928296
  0.08691763 0.04763448
  0.08147537 0.04592196
  0.07608108 0.04414136
  0.07072771 0.0422868
  0.06540518 0.04035473
  0.06010659 0.03834386
  0.05482984 0.03625485
  0.04958402 0.03409357
  0.04439329 0.03187303
  0.03928756 0.02960986
  0.03428743 0.02731657
  0.02944696 0.02501072
  0.02493169 0.02276527
  0.02091594 0.02067551
  0.01745435 0.01878405
  0.01448117 0.01707428
  0.01190746 0.01551421
  0.009662729 0.01406054
  0.007761169 0.01271442
  0.006203179 0.01150956
  0.004931344 0.01044486
  0.003896231 0.009501309
  0.003045619 0.008649855
  0.002340019 0.007867067
  0.001752631 0.007136277
  0.001265373 0.006445556
  0.0008659835 0.005786065
  0.0005462304 0.005150984
  0.000300841 0.004534806
  0.0001268942 0.003932865
  2.352401e-05 0.003340984
  -8.128376e-06 0.002755192
  3.491896e-05 0.002171473
  0.0001526911 0.001585978
  0.0003434186 0.0009952761
  0.0006073779 0.0003960521
  0.000946937 -0.0002150984
  0.001366736 -0.0008418523
  0.001874134 -0.001488344
  0.002479999 -0.00215935
  0.003199951 -0.002860412
  0.00405614 -0.003597647
  0.005078951 -0.004376278
  0.006304242 -0.005194264
  0.007765403 -0.006033001
  0.009513279 -0.006877533
  0.01158704 -0.007722516
  0.01401534 -0.008603379
  0.01685393 -0.009554044
  0.02014494 -0.01056031
  0.0238861 -0.01158797
  0.02803401 -0.01259083
  0.03255243 -0.01353875
  0.03738627 -0.01441677
  0.0424506 -0.01521673
  0.04765525 -0.01592093
  0.05294685 -0.01651784
  0.05832055 -0.01700807
  0.06378273 -0.01739698
  0.06933527 -0.01769101
  0.07497799 -0.01789935
  0.08071108 -0.01803235
  0.08653181 -0.01810103
  0.09242829 -0.01811685
  0.0983835 -0.01808771
  0.1043839 -0.01802007
  0.1104198 -0.01791748
  0.1164832 -0.01778192
  0.1225667 -0.01761554
  0.1286645 -0.01742065
  0.1347717 -0.01719967
  0.1408847 -0.01695504
  0.1470016 -0.01668924
  0.1531216 -0.01640465
  0.1592452 -0.0161029
  0.1653731 -0.01578486
  0.1715059 -0.01545136
  0.177644 -0.01510326
  0.1837879 -0.01474142
  0.1899376 -0.01436671
  0.1960934 -0.01398002
  0.2022551 -0.01358223
  0.2084226 -0.01317423
  0.2145958 -0.01275683
  0.2207743 -0.01233086
  0.2269579 -0.01189715
  0.2331462 -0.01145654
  0.239339 -0.0110099
  0.2455357 -0.01055807
  0.2517361 -0.01010192
  0.2579396 -0.009642274
  0.2641457 -0.009179862
  0.2703539 -0.00871541
  0.2765637 -0.008249647
  0.2827744 -0.007783307
  0.2889854 -0.007317129
  0.295196 -0.006851853
  0.3014056 -0.006388222
  0.3076135 -0.005926932
  0.3138189 -0.005468579
  0.3200214 -0.005013734
  0.3262207 -0.004562952
  0.3324166 -0.004116775
  0.3386091 -0.003675733
  0.3447983 -0.00324034
  0.3509846 -0.002811101
  0.3571683 -0.002388438
  0.36335 -0.001972595
  0.3695299 -0.001563793
  0.3757085 -0.001162255
  0.3818861 -0.0007682093
  0.388063 -0.0003818866
  0.3942394 -3.521647e-06
  0.4004156 0.0003666478
  0.4065917 0.0007284322
  0.4127679 0.001081808
  0.4189443 0.001426785
  0.425121 0.001763372
  0.4312982 0.002091576
  0.4374759 0.002411404
  0.4436543 0.002722861
  0.4498336 0.003025952
  0.4560137 0.003320699
  0.4621947 0.003607198
  0.4683769 0.003885569
  0.4745601 0.004155928
  0.4807444 0.00441839
  0.4869298 0.00467307
  0.4931164 0.004920081
  0.499304 0.005159537
  0.5054927 0.005391546
  0.5116823 0.00561619
  0.5178729 0.005833544
  0.5240642 0.006043682
  0.5302564 0.006246679
  0.5364491 0.00644261
  0.5426425 0.006631549
  0.5488364 0.006813572
  0.5550307 0.006988746
  0.5612253 0.007157076
  0.5674201 0.007318542
  0.5736151 0.007473127
  0.5798102 0.00762081
  0.5860052 0.007761572
  0.5922001 0.007895397
  0.598395 0.008022265
  0.6045896 0.008142157
  0.610784 0.008255019
  0.6169781 0.008360781
  0.6231719 0.008459373
  0.6293653 0.008550728
  0.6355584 0.008634774
  0.6417511 0.008711444
  0.6479435 0.008780668
  0.6541354 0.008842378
  0.660327 0.008896516
  0.6665182 0.008943024
  0.6727091 0.008981849
  0.6788997 0.009012935
  0.6850899 0.009036227
  0.6912799 0.00905167
  0.6974695 0.009059208
  0.703659 0.009058786
  0.7098482 0.00905037
  0.7160372 0.009033935
  0.722226 0.00900946
  0.7284147 0.008976922
  0.7346031 0.0089363
  0.7407914 0.008887571
  0.7469795 0.008830713
  0.7531675 0.008765703
  0.7593552 0.008692526
  0.7655427 0.008611171
  0.77173 0.008521629
  0.7779171 0.008423889
  0.7841039 0.008317942
  0.7902906 0.008203776
  0.7964771 0.00808138
  0.8026635 0.007950745
  0.8088498 0.007811878
  0.815036 0.007664811
  0.8212222 0.007509576
  0.8274083 0.007346206
  0.8335945 0.007174732
  0.8397807 0.006995188
  0.845967 0.006807604
  0.8521534 0.006612013
  0.8583399 0.006408475
  0.8645265 0.006197092
  0.8707134 0.005977966
  0.8769006 0.005751202
  0.8830883 0.005516901
  0.8892764 0.005275163
  0.8954652 0.005026088
  0.9016548 0.004769773
  0.9078455 0.004506385
  0.9140375 0.004236214
  0.9202313 0.003959555
  0.9264275 0.003676688
  0.9326257 0.003387879
  0.938824 0.003093468
  0.945019 0.002793895
  0.9512072 0.002489733
  0.9573881 0.002181482
  0.9635641 0.001869512
  0.9697275 0.001554941
  0.9758308 0.001241167
  0.9817866 0.0009336785
  0.9874439 0.0006415533
  0.9925098 0.0003812862
  0.9968155 0.0001615844
  1.0 0.0
