HQ 3.5/8 AIRFOIL
  1.0 0.0
  0.9972656 0.0005268905
  0.993807 0.001198055
  0.9899545 0.001951856
  0.9856315 0.002805509
  0.9807687 0.003775612
  0.9753496 0.004869019
  0.969552 0.006052381
  0.9638417 0.007227265
  0.9581301 0.008406167
  0.9523136 0.009604949
  0.9464764 0.01080059
  0.9406956 0.01197475
  0.9349182 0.01313798
  0.9291122 0.01429626
  0.9232675 0.01545116
  0.9173932 0.01660107
  0.911504 0.01774482
  0.9056105 0.01888218
  0.8997192 0.02001386
  0.8938319 0.02114081
  0.8879483 0.02226252
  0.8820677 0.0233781
  0.8761891 0.02448666
  0.870312 0.02558737
  0.8644356 0.02668004
  0.8585588 0.02776476
  0.8526802 0.02884171
  0.8467981 0.02991112
  0.8409108 0.03097356
  0.8350183 0.03202963
  0.8291221 0.03307961
  0.8232259 0.03412347
  0.8173341 0.03515996
  0.8114502 0.03618635
  0.8055751 0.0372002
  0.7997074 0.03819947
  0.793844 0.03918302
  0.7879811 0.04015157
  0.7821159 0.04110611
  0.7762462 0.04204748
  0.7703706 0.04297638
  0.7644883 0.04389339
  0.7585994 0.04479897
  0.7527045 0.04569348
  0.7468053 0.04657714
  0.7409035 0.04744962
  0.7350008 0.0483102
  0.7290984 0.04915824
  0.7231972 0.04999313
  0.7172973 0.05081436
  0.7113989 0.05162146
  0.7055014 0.05241405
  0.6996039 0.05319176
  0.6937051 0.05395447
  0.6878038 0.05470262
  0.6818992 0.05543672
  0.6759906 0.05615723
  0.6700779 0.05686458
  0.664161 0.05755914
  0.6582404 0.05824127
  0.6523167 0.05891127
  0.646391 0.0595694
  0.6404645 0.0602154
  0.634538 0.06084867
  0.6286123 0.06146863
  0.6226878 0.06207475
  0.6167648 0.0626665
  0.6108431 0.0632434
  0.6049227 0.06380499
  0.5990028 0.06435083
  0.5930829 0.06488063
  0.5871622 0.0653945
  0.5812402 0.06589257
  0.5753166 0.06637493
  0.569391 0.06684169
  0.5634633 0.06729293
  0.5575336 0.06772872
  0.5516019 0.06814912
  0.5456685 0.06855418
  0.5397338 0.06894385
  0.5337981 0.06931805
  0.5278616 0.0696767
  0.5219245 0.07001974
  0.515987 0.0703471
  0.5100492 0.07065871
  0.504111 0.07095451
  0.4981726 0.07123445
  0.4922338 0.07149854
  0.4862946 0.0717469
  0.4803547 0.07197966
  0.4744142 0.07219695
  0.4684726 0.07239891
  0.4625298 0.07258566
  0.4565855 0.07275733
  0.4506393 0.07291404
  0.4446908 0.07305593
  0.4387398 0.07318321
  0.4327862 0.07329611
  0.4268301 0.07339484
  0.420872 0.07347964
  0.4149124 0.07355072
  0.4089524 0.07360832
  0.4029929 0.07365265
  0.3970355 0.07368396
  0.3910814 0.07370205
  0.385131 0.07370632
  0.3791835 0.07369615
  0.3732367 0.07367091
  0.3672879 0.07363036
  0.3613354 0.0735749
  0.35538 0.07350504
  0.3494249 0.07342132
  0.3434753 0.07332376
  0.3375358 0.07321059
  0.3316074 0.0730797
  0.3256883 0.07292893
  0.3197733 0.07275641
  0.3138566 0.07256233
  0.3079349 0.07234767
  0.3020074 0.07211349
  0.2960762 0.0718609
  0.2901449 0.07159052
  0.2842154 0.07130252
  0.278287 0.07099697
  0.2723571 0.07067383
  0.2664215 0.07033368
  0.2604777 0.06997806
  0.2545264 0.06960871
  0.2485713 0.06922761
  0.242619 0.06883568
  0.2366754 0.0684313
  0.2307443 0.06801244
  0.2248264 0.06757695
  0.2189206 0.06712258
  0.213025 0.06664725
  0.207139 0.06614899
  0.2012631 0.06562597
  0.195399 0.06507639
  0.1895489 0.06449799
  0.1837144 0.06388824
  0.177896 0.06324455
  0.1720934 0.06256428
  0.1663059 0.06184503
  0.1605327 0.06108477
  0.1547741 0.06028154
  0.1490303 0.05943342
  0.1433022 0.05853873
  0.1375905 0.05759603
  0.1318951 0.0566038
  0.1262149 0.05556035
  0.1205482 0.05446384
  0.1148937 0.0533129
  0.1092525 0.05210681
  0.1036279 0.05084544
  0.09802613 0.04952933
  0.09245517 0.04815803
  0.08692211 0.04672853
  0.08143088 0.04523716
  0.07598235 0.04367957
  0.07057487 0.0420507
  0.06520807 0.04034556
  0.05988633 0.03856061
  0.0546187 0.03669417
  0.04941836 0.03474677
  0.04430346 0.03271866
  0.03930079 0.03060617
  0.03444228 0.02840949
  0.02975461 0.02612627
  0.02523499 0.02373973
  0.02086239 0.02122497
  0.0167298 0.01863786
  0.01302733 0.01609487
  0.009767225 0.01360476
  0.007183184 0.01141494
  0.005370973 0.009647268
  0.003994871 0.00802772
  0.002835452 0.00649808
  0.001875475 0.005215913
  0.001148436 0.004190613
  0.0006158656 0.003335515
  0.000235998 0.00259195
  -1.581752e-05 0.001925138
  -0.0001513428 0.001313356
  -0.0001726668 0.0007416934
  -7.249733e-05 0.0001986379
  0.0001671988 -0.0003261552
  0.0005574236 -0.0008415606
  0.001106843 -0.001352323
  0.001836245 -0.00185614
  0.002768954 -0.002330967
  0.003928445 -0.002744888
  0.005392543 -0.003161876
  0.007269757 -0.003717294
  0.009704735 -0.004387439
  0.0129219 -0.005094437
  0.01690518 -0.005788224
  0.02132118 -0.006315706
  0.02645764 -0.006711093
  0.03217683 -0.007055593
  0.03787115 -0.00731425
  0.04350166 -0.007491169
  0.04927214 -0.007616661
  0.05522064 -0.007715541
  0.06120714 -0.007793813
  0.06719265 -0.007853875
  0.07318811 -0.007898903
  0.07914908 -0.007931702
  0.0851003 -0.007955227
  0.09106377 -0.007972043
  0.09705012 -0.007984621
  0.1030569 -0.007995379
  0.1090611 -0.008005531
  0.1150632 -0.008015154
  0.1210696 -0.008024284
  0.1270796 -0.008032938
  0.1330838 -0.008040742
  0.1390828 -0.008046767
  0.1450782 -0.008050045
  0.1510722 -0.008049607
  0.1570669 -0.008044894
  0.1630641 -0.008036321
  0.1690642 -0.008024445
  0.1750663 -0.008009826
  0.1810687 -0.007992855
  0.1870695 -0.007973258
  0.1930679 -0.007950597
  0.1990642 -0.007924429
  0.2050599 -0.007894393
  0.2110567 -0.007860648
  0.2170556 -0.007823568
  0.2230564 -0.007783534
  0.2290579 -0.007740901
  0.2350586 -0.007695659
  0.2410577 -0.007647564
  0.2470555 -0.007596359
  0.2530532 -0.007541796
  0.2590529 -0.007484057
  0.2650557 -0.007423752
  0.2710616 -0.007361524
  0.2770693 -0.00729802
  0.2830766 -0.007233406
  0.2890815 -0.007167104
  0.295083 -0.007098466
  0.301081 -0.007026838
  0.307076 -0.006951604
  0.3130688 -0.006872254
  0.3190597 -0.006788298
  0.3250487 -0.006699254
  0.3310353 -0.006604611
  0.3370189 -0.00650373
  0.3429994 -0.00639594
  0.348977 -0.006280562
  0.354952 -0.006156974
  0.3609252 -0.006024946
  0.3668976 -0.005884404
  0.3728703 -0.005735266
  0.3788448 -0.005577478
  0.3848222 -0.005411528
  0.3908035 -0.005238286
  0.3967886 -0.005058653
  0.4027771 -0.004873538
  0.4087677 -0.004683439
  0.4147594 -0.004488383
  0.4207513 -0.00428837
  0.4267427 -0.004083394
  0.4327331 -0.003873444
  0.4387223 -0.003658503
  0.4447102 -0.003438547
  0.450697 -0.003213542
  0.4566832 -0.002983486
  0.4626691 -0.002748488
  0.4686551 -0.002508674
  0.4746416 -0.002264175
  0.4806287 -0.002015123
  0.4866165 -0.001761655
  0.4926052 -0.001503909
  0.4985946 -0.001242029
  0.5045847 -0.0009761624
  0.5105752 -0.0007064839
  0.5165662 -0.0004331766
  0.5225576 -0.0001564214
  0.5285494 0.0001236036
  0.5345417 0.000406723
  0.5405346 0.0006927646
  0.5465284 0.000981559
  0.5525233 0.001272939
  0.5585196 0.0015667
  0.5645176 0.001862584
  0.5705173 0.002160323
  0.5765186 0.002459641
  0.5825213 0.002760254
  0.5885251 0.00306187
  0.5945293 0.003364188
  0.6005334 0.003666901
  0.6065364 0.003969603
  0.6125377 0.004271613
  0.6185367 0.004572206
  0.6245329 0.004870668
  0.6305261 0.005166295
  0.6365161 0.005458395
  0.6425031 0.005746285
  0.6484873 0.006029292
  0.654469 0.006306784
  0.6604488 0.006578388
  0.666427 0.006843868
  0.6724041 0.007102983
  0.6783803 0.00735549
  0.684356 0.007601144
  0.6903314 0.007839693
  0.6963067 0.008070888
  0.702282 0.00829447
  0.7082574 0.008510074
  0.7142328 0.00871718
  0.7202079 0.008915255
  0.7261823 0.009103759
  0.7321552 0.009282154
  0.7381258 0.009449897
  0.7440928 0.009606452
  0.7500552 0.009751286
  0.7560113 0.009883792
  0.76196 0.01000306
  0.767901 0.01010811
  0.7738344 0.01019802
  0.7797614 0.01027185
  0.7856838 0.01032868
  0.7916042 0.01036755
  0.7975258 0.01038751
  0.8034527 0.0103876
  0.8093884 0.01036794
  0.815333 0.01032954
  0.8212818 0.01027349
  0.8272256 0.01020096
  0.833153 0.0101113
  0.8390581 0.01000126
  0.8449443 0.009867265
  0.8508236 0.00970553
  0.8567156 0.009514119
  0.8626359 0.009297084
  0.8685876 0.009059918
  0.8745593 0.008808878
  0.8805257 0.008549278
  0.8864613 0.008277752
  0.8923569 0.00798776
  0.8982203 0.007672207
  0.9040747 0.00732413
  0.9099488 0.006946625
  0.9158571 0.006549957
  0.921794 0.006146094
  0.9277324 0.005748417
  0.9336347 0.005361067
  0.939488 0.004975656
  0.9453146 0.004581279
  0.9511703 0.004164667
  0.9571192 0.003714904
  0.9629988 0.00324731
  0.9688276 0.002765424
  0.974736 0.002262728
  0.9803151 0.001778327
  0.9853228 0.001336166
  0.9897613 0.0009384336
  0.9937008 0.0005808073
  0.9972238 0.0002573384
  1.0 0.0
