I.S.A. 571
  1.0 0.003
  0.997198 0.003729695
  0.9938095 0.004602994
  0.9902352 0.005513335
  0.9864554 0.006463944
  0.9824482 0.00745819
  0.9781904 0.00849942
  0.9736576 0.009590665
  0.968827 0.01073415
  0.9636799 0.01193048
  0.9582074 0.01317758
  0.9524174 0.01446919
  0.9463429 0.01579363
  0.9400528 0.01713299
  0.9337758 0.01843862
  0.9275507 0.01970449
  0.9213197 0.02094422
  0.91504 0.02216753
  0.9086876 0.02337991
  0.9023651 0.02456309
  0.8961198 0.02571032
  0.8899356 0.02682609
  0.8837963 0.0279142
  0.8776881 0.02897782
  0.871599 0.0300196
  0.8655187 0.0310418
  0.8594382 0.0320463
  0.8533496 0.03303469
  0.8472463 0.03400831
  0.8411225 0.03496825
  0.8349736 0.03591538
  0.8287961 0.03685038
  0.8225875 0.03777372
  0.8163466 0.03868569
  0.8100733 0.03958638
  0.8037691 0.04047571
  0.7974368 0.04135342
  0.7910805 0.04221914
  0.7847045 0.04307257
  0.7783128 0.04391349
  0.7719092 0.04474177
  0.7654969 0.04555735
  0.7590789 0.04636026
  0.752658 0.04715059
  0.7462361 0.04792851
  0.7398151 0.04869425
  0.7333962 0.04944811
  0.7269805 0.05019044
  0.7205684 0.05092164
  0.7141599 0.05164216
  0.7077548 0.05235249
  0.7013523 0.05305317
  0.6949512 0.05374475
  0.6885502 0.05442778
  0.682148 0.05510276
  0.6757436 0.05577016
  0.6693361 0.05643044
  0.6629248 0.05708402
  0.6565092 0.05773133
  0.6500889 0.05837274
  0.6436637 0.05900864
  0.6372338 0.05963939
  0.6307993 0.06026531
  0.6243605 0.06088674
  0.6179181 0.06150399
  0.6114729 0.06211734
  0.6050258 0.06272708
  0.5985779 0.06333346
  0.5921306 0.06393639
  0.585685 0.06453502
  0.5792422 0.06512842
  0.5728031 0.0657157
  0.5663684 0.06629598
  0.5599388 0.0668684
  0.5535146 0.06743212
  0.5470963 0.06798631
  0.5406839 0.06853018
  0.5342775 0.06906295
  0.5278769 0.06958384
  0.521482 0.07009211
  0.5150923 0.07058701
  0.5087073 0.07106784
  0.5023264 0.07153386
  0.4959487 0.07198442
  0.4895736 0.07241959
  0.4832001 0.07283991
  0.4768275 0.07324594
  0.470455 0.07363821
  0.4640818 0.07401727
  0.4577069 0.07438365
  0.4513297 0.07473787
  0.4449491 0.07508044
  0.4385642 0.07541189
  0.4321742 0.07573273
  0.4257781 0.07604345
  0.4193748 0.07634456
  0.4129634 0.07663658
  0.4065428 0.07691998
  0.400112 0.07719528
  0.3936698 0.07746283
  0.3872152 0.0777224
  0.3807479 0.07797356
  0.3742678 0.07821587
  0.3677796 0.07844872
  0.3612988 0.07867115
  0.3548255 0.07888281
  0.348357 0.07908343
  0.3418901 0.07927274
  0.3354208 0.07945047
  0.3289447 0.07961632
  0.3224568 0.07976999
  0.3159673 0.07991081
  0.3094988 0.08003797
  0.3030579 0.08015111
  0.2966511 0.08024986
  0.290285 0.08033254
  0.2839645 0.08039633
  0.2776924 0.08043853
  0.2714699 0.08045664
  0.2652962 0.08044827
  0.2591691 0.08041117
  0.253085 0.08034311
  0.2470391 0.0802419
  0.2410257 0.08010527
  0.2350376 0.07993087
  0.229067 0.07971619
  0.2231047 0.07945844
  0.2171403 0.07915455
  0.2111621 0.07880098
  0.2051566 0.07839364
  0.1991084 0.07792769
  0.1929996 0.07739951
  0.1868156 0.07681069
  0.1805494 0.07616446
  0.1742047 0.07546547
  0.1677972 0.07472046
  0.1613567 0.07393862
  0.154927 0.07313181
  0.1485628 0.07231392
  0.1423222 0.07149215
  0.1362455 0.07065743
  0.1303443 0.06979788
  0.1246094 0.06890112
  0.1190178 0.06795409
  0.1135372 0.06694242
  0.1081281 0.06584941
  0.1027428 0.06465425
  0.09732241 0.06333011
  0.09179691 0.06186272
  0.08611433 0.06026214
  0.08026719 0.05855584
  0.07431622 0.05679831
  0.06840409 0.05504452
  0.06270195 0.05328111
  0.0573328 0.05148626
  0.05235633 0.04964667
  0.04778208 0.04775809
  0.0435843 0.04584351
  0.03969415 0.04392306
  0.03602211 0.04198766
  0.03247162 0.04000726
  0.02892593 0.03792526
  0.02519453 0.03562314
  0.02080302 0.03275454
  0.01588257 0.02926944
  0.0124197 0.02663744
  0.01008129 0.02477743
  0.008337674 0.02332336
  0.006946741 0.0221033
  0.005792303 0.02103547
  0.004811183 0.02007558
  0.003965267 0.01919684
  0.003229784 0.01838173
  0.002587766 0.01761811
  0.002027145 0.01689713
  0.001539122 0.01621215
  0.001117189 0.01555799
  0.000756519 0.01493055
  0.0004535766 0.01432647
  0.0002058597 0.01374298
  1.173619e-05 0.01317771
  -0.0001296555 0.01262865
  -0.0002184562 0.012094
  -0.0002540911 0.01157218
  -0.0002352323 0.01106171
  -0.0001597121 0.01056123
  -2.437376e-05 0.01006941
  0.0001745336 0.00958482
  0.0004382555 0.009105586
  0.0007677473 0.008629721
  0.001165142 0.008155275
  0.001633894 0.007680241
  0.002179033 0.007202473
  0.002807584 0.006719564
  0.003529229 0.006228696
  0.004357367 0.005726416
  0.005310873 0.005208293
  0.006417116 0.004668359
  0.007717418 0.004098171
  0.009277327 0.003485231
  0.01120501 0.002811008
  0.01366367 0.002055767
  0.01684013 0.001240804
  0.02062978 0.0005174416
  0.02439829 5.34586e-05
  0.02797951 -0.0001958427
  0.03155967 -0.0003061693
  0.03527954 -0.0003153919
  0.03926721 -0.0002489391
  0.04365967 -0.0001344933
  0.04858132 -2.004421e-05
  0.05400517 1.247994e-05
  0.05964399 -4.077092e-05
  0.06518999 -0.0001039269
  0.07050869 -0.0001017739
  0.0756324 2.42419e-05
  0.08068394 0.0003027132
  0.08578721 0.0007010036
  0.09103726 0.001179524
  0.09650547 0.001692652
  0.1022277 0.002179294
  0.1081862 0.002593978
  0.1143339 0.0029352
  0.1206158 0.003209587
  0.1269774 0.003428338
  0.1333709 0.003606107
  0.1397611 0.003759584
  0.1461279 0.003906271
  0.1524661 0.004063529
  0.158783 0.004239334
  0.1650883 0.004429312
  0.1713903 0.004628312
  0.1776955 0.004831195
  0.1840091 0.005032775
  0.1903347 0.005227775
  0.1966747 0.0054108
  0.2030296 0.005576455
  0.2093989 0.005722492
  0.2157815 0.00585011
  0.2221764 0.005960702
  0.2285826 0.006055691
  0.2349991 0.006136526
  0.2414251 0.006204675
  0.2478597 0.006261632
  0.2543019 0.006308904
  0.2607511 0.006348019
  0.2672064 0.006380514
  0.2736672 0.006407943
  0.2801327 0.006431865
  0.2866024 0.006453852
  0.2930755 0.006475481
  0.2995517 0.006498333
  0.3060304 0.006523734
  0.3125112 0.006551721
  0.3189937 0.006581936
  0.3254776 0.006614018
  0.3319625 0.006647606
  0.338448 0.006682339
  0.344934 0.006717854
  0.35142 0.006753789
  0.3579059 0.006789782
  0.3643914 0.006825472
  0.3708763 0.006860495
  0.3773604 0.006894492
  0.3838435 0.006927101
  0.3903256 0.006957961
  0.3968064 0.006986714
  0.4032859 0.007013005
  0.409764 0.007036581
  0.4162406 0.00705729
  0.4227157 0.007074983
  0.4291892 0.007089513
  0.4356613 0.007100732
  0.4421319 0.007108493
  0.4486012 0.007112649
  0.4550692 0.007113052
  0.4615361 0.007109555
  0.4680019 0.00710201
  0.474467 0.00709027
  0.4809315 0.007074186
  0.4873957 0.00705361
  0.4938598 0.007028391
  0.5003242 0.006998379
  0.5067891 0.006963541
  0.5132548 0.006924254
  0.5197217 0.006880982
  0.5261899 0.006834191
  0.5326596 0.006784345
  0.5391309 0.006731912
  0.5456039 0.006677357
  0.5520785 0.006621151
  0.5585548 0.006563761
  0.5650325 0.006505659
  0.5715116 0.006447317
  0.5779918 0.006389208
  0.5844728 0.006331806
  0.5909544 0.006275585
  0.5974361 0.006221021
  0.6039176 0.006168562
  0.6103984 0.006118256
  0.6168781 0.006069847
  0.6233565 0.006023072
  0.6298334 0.005977663
  0.6363088 0.005933356
  0.6427829 0.005889884
  0.6492558 0.005846982
  0.6557277 0.005804381
  0.6621992 0.005761815
  0.6686707 0.005719016
  0.6751429 0.005675715
  0.6816165 0.005631642
  0.6880924 0.005586526
  0.6945715 0.005540093
  0.7010549 0.005492069
  0.7075437 0.005442184
  0.7140384 0.005390202
  0.7205299 0.005335965
  0.7270143 0.005279286
  0.7334919 0.005219945
  0.7399633 0.005157719
  0.7464296 0.00509238
  0.7528924 0.005023696
  0.7593535 0.004951428
  0.7658152 0.004875326
  0.7722802 0.004795132
  0.7787516 0.004710574
  0.7852328 0.004621365
  0.7917246 0.004527246
  0.7982036 0.004428336
  0.8046596 0.00432465
  0.8110884 0.004216575
  0.8174875 0.004104714
  0.8238559 0.003989638
  0.8301941 0.003871876
  0.8365041 0.003751916
  0.8427891 0.0036302
  0.8490539 0.003507133
  0.855304 0.003383078
  0.8615467 0.003258365
  0.8677902 0.003133291
  0.874044 0.003008123
  0.8803196 0.002883103
  0.8866297 0.002758452
  0.8929896 0.002634375
  0.8994169 0.002511066
  0.9058825 0.002389361
  0.912261 0.002270395
  0.9185524 0.002152515
  0.9247813 0.002033722
  0.9309858 0.00191181
  0.9372179 0.001784227
  0.943548 0.001647801
  0.9499703 0.001500703
  0.9561379 0.001349898
  0.9619608 0.001198698
  0.9674214 0.001049115
  0.9725269 0.0009024421
  0.9772982 0.0007594115
  0.9817625 0.0006203698
  0.9859486 0.0004854138
  0.9898843 0.0003544884
  0.9935952 0.0002274525
  0.9971043 0.0001041203
  1.0 0.0
