K3311 (smoothed)
  1.0 0.0
  0.9968336 0.0007072981
  0.9927044 0.001620664
  0.9880749 0.002631152
  0.9829926 0.003723309
  0.9775349 0.004876685
  0.9717816 0.006073231
  0.9658139 0.007298335
  0.9597009 0.0085404
  0.9534945 0.009789438
  0.9472301 0.01103884
  0.9409259 0.01228573
  0.9345927 0.0135287
  0.9282382 0.01476711
  0.9218669 0.01600085
  0.9154829 0.01722988
  0.9090902 0.01845409
  0.9026935 0.01967326
  0.8962967 0.02088648
  0.8899016 0.02209288
  0.8835081 0.02329198
  0.8771137 0.02448377
  0.8707156 0.02566903
  0.864312 0.02684858
  0.8579028 0.02802299
  0.8514894 0.0291925
  0.8450746 0.03035679
  0.8386609 0.03151503
  0.8322499 0.03266651
  0.8258423 0.03381069
  0.8194381 0.03494717
  0.8130367 0.03607576
  0.8066372 0.03719638
  0.8002387 0.03830894
  0.79384 0.03941338
  0.7874401 0.04050967
  0.781038 0.04159792
  0.774633 0.04267841
  0.768225 0.04375129
  0.7618147 0.04481665
  0.755403 0.04587449
  0.7489916 0.04692459
  0.7425816 0.04796644
  0.7361739 0.04899954
  0.7297686 0.05002352
  0.723365 0.05103812
  0.716962 0.05204315
  0.7105582 0.05303878
  0.7041523 0.05402531
  0.6977437 0.05500297
  0.6913322 0.05597191
  0.6849183 0.05693223
  0.6785029 0.05788388
  0.6720871 0.05882656
  0.6656717 0.05975991
  0.6592575 0.06068359
  0.6528449 0.0615973
  0.6464341 0.06250078
  0.6400252 0.06339379
  0.633618 0.06427602
  0.6272125 0.06514716
  0.6208088 0.06600685
  0.6144072 0.06685474
  0.6080079 0.06769046
  0.6016113 0.06851362
  0.5952179 0.06932373
  0.5888277 0.0701203
  0.5824408 0.07090286
  0.5760571 0.07167098
  0.5696761 0.07242424
  0.5632974 0.07316227
  0.5569204 0.07388482
  0.5505447 0.07459169
  0.5441703 0.07528263
  0.5377969 0.07595739
  0.5314247 0.0766157
  0.5250538 0.07725726
  0.5186847 0.07788169
  0.5123176 0.07848862
  0.5059527 0.07907765
  0.4995904 0.0796484
  0.4932309 0.0802005
  0.4868745 0.08073356
  0.4805214 0.08124714
  0.4741717 0.08174078
  0.4678255 0.08221402
  0.4614827 0.08266642
  0.4551433 0.08309755
  0.4488071 0.08350698
  0.4424738 0.08389431
  0.4361436 0.08425915
  0.4298164 0.08460109
  0.4234927 0.08491974
  0.4171726 0.08521469
  0.4108568 0.08548552
  0.4045457 0.08573173
  0.3982396 0.0859528
  0.3919386 0.08614823
  0.3856424 0.08631753
  0.3793506 0.08646021
  0.3730625 0.0865758
  0.3667776 0.08666401
  0.3604955 0.08672458
  0.3542163 0.08675724
  0.3479403 0.08676173
  0.3416683 0.08673778
  0.3354011 0.0866851
  0.3291398 0.08660321
  0.322885 0.08649161
  0.3166368 0.0863498
  0.3103951 0.08617728
  0.3041594 0.08597353
  0.2979287 0.08573811
  0.2917026 0.08547077
  0.2854809 0.08517128
  0.2792638 0.08483943
  0.273052 0.08447504
  0.2668466 0.08407792
  0.2606489 0.08364768
  0.2544602 0.08318379
  0.2482816 0.08268571
  0.2421139 0.08215292
  0.2359578 0.08158489
  0.2298136 0.08098104
  0.2236819 0.08034071
  0.2175631 0.07966324
  0.2114577 0.07894797
  0.2053659 0.07819424
  0.1992882 0.0774014
  0.1932253 0.07656874
  0.187178 0.0756956
  0.1811479 0.07478142
  0.1751366 0.07382572
  0.1691461 0.07282801
  0.1631789 0.07178737
  0.157237 0.07070276
  0.1513221 0.06957318
  0.1454359 0.06839765
  0.1395798 0.06717513
  0.1337553 0.06590441
  0.1279639 0.06458436
  0.1222073 0.06321389
  0.1164869 0.06179198
  0.110805 0.06031752
  0.1051654 0.05878964
  0.09957333 0.05720812
  0.09403522 0.05557336
  0.08855893 0.0538856
  0.0831527 0.05214411
  0.07782391 0.05034836
  0.07257899 0.04849806
  0.06742438 0.04659328
  0.06237 0.04463561
  0.05742948 0.04262909
  0.05261873 0.04058007
  0.04795792 0.03849644
  0.04347648 0.03639053
  0.03920739 0.03428023
  0.03517969 0.03218572
  0.03141697 0.03012642
  0.02793534 0.02812094
  0.02473856 0.02618456
  0.02181972 0.02432706
  0.01917635 0.02255652
  0.01680807 0.02088454
  0.0147039 0.01931904
  0.01284174 0.01786091
  0.01119469 0.01650304
  0.009734604 0.01523156
  0.008433704 0.0140324
  0.007267782 0.01289338
  0.006216799 0.01180446
  0.005264477 0.01075752
  0.004400853 0.009745726
  0.003624417 0.008764632
  0.002934429 0.007813037
  0.00232889 0.00689131
  0.001804204 0.006000224
  0.001355377 0.005140336
  0.0009764715 0.004311716
  0.0006623081 0.00351437
  0.0004111758 0.002747788
  0.0002208675 0.00200804
  8.935816e-05 0.001289267
  1.593102e-05 0.0005847345
  1.88165e-06 -0.0001130269
  4.93049e-05 -0.0008112027
  0.000158641 -0.001513517
  0.0003324524 -0.00222139
  0.0005756893 -0.002933973
  0.0008951988 -0.003647215
  0.001298419 -0.00435327
  0.001789686 -0.005047506
  0.00237109 -0.005728183
  0.003043507 -0.006393719
  0.003806284 -0.007042821
  0.004656887 -0.007674686
  0.00559054 -0.00828929
  0.006604266 -0.008887402
  0.007706833 -0.009469803
  0.008911208 -0.01003775
  0.01023299 -0.01059346
  0.01169062 -0.01114072
  0.01330493 -0.01168588
  0.01509818 -0.01223704
  0.01709738 -0.01279533
  0.01933281 -0.01335913
  0.02183423 -0.01392688
  0.02463062 -0.01449883
  0.02775806 -0.01507799
  0.03126092 -0.01566337
  0.03517469 -0.01625288
  0.03951407 -0.01684634
  0.04426694 -0.01744204
  0.04938734 -0.01803023
  0.05480426 -0.01860264
  0.06045575 -0.01915599
  0.06629529 -0.01968716
  0.07227579 -0.02019404
  0.07835459 -0.02067639
  0.08449835 -0.02113272
  0.09068286 -0.0215611
  0.09689449 -0.02196073
  0.1031303 -0.02233203
  0.1093909 -0.02267645
  0.1156751 -0.02299547
  0.1219799 -0.02329054
  0.1283004 -0.02356268
  0.1346323 -0.02381232
  0.1409728 -0.02403993
  0.1473207 -0.02424608
  0.1536763 -0.02443141
  0.1600402 -0.02459664
  0.1664127 -0.02474248
  0.1727938 -0.0248696
  0.1791829 -0.02497872
  0.1855791 -0.02507041
  0.1919818 -0.02514522
  0.1983906 -0.02520368
  0.2048056 -0.02524636
  0.211227 -0.02527381
  0.2176552 -0.02528662
  0.22409 -0.02528541
  0.2305312 -0.02527076
  0.236978 -0.0252433
  0.2434295 -0.02520361
  0.2498844 -0.02515199
  0.2563422 -0.02508868
  0.2628022 -0.02501391
  0.2692647 -0.0249279
  0.2757299 -0.02483089
  0.2821984 -0.02472321
  0.2886706 -0.02460523
  0.2951467 -0.02447734
  0.3016268 -0.02433993
  0.3081106 -0.02419339
  0.3145976 -0.02403806
  0.3210875 -0.02387419
  0.3275796 -0.02370201
  0.3340735 -0.02352175
  0.3405687 -0.02333366
  0.3470648 -0.02313796
  0.3535612 -0.0229347
  0.3600575 -0.02272385
  0.3665533 -0.02250537
  0.3730483 -0.02227925
  0.3795421 -0.02204544
  0.3860346 -0.02180391
  0.3925255 -0.02155461
  0.3990151 -0.02129746
  0.4055038 -0.02103238
  0.4119925 -0.02075927
  0.4184819 -0.02047801
  0.4249734 -0.02018867
  0.4314679 -0.01989157
  0.4379662 -0.01958707
  0.4444684 -0.01927556
  0.4509745 -0.01895744
  0.4574839 -0.01863314
  0.4639961 -0.01830302
  0.4705104 -0.01796739
  0.4770268 -0.01762651
  0.4835458 -0.01728064
  0.4900681 -0.01693001
  0.4965949 -0.01657484
  0.5031276 -0.01621561
  0.509667 -0.01585306
  0.5162132 -0.01548797
  0.5227653 -0.01512117
  0.5293217 -0.01475354
  0.53588 -0.01438599
  0.5424375 -0.01401923
  0.5489922 -0.0136538
  0.5555427 -0.01329022
  0.5620884 -0.01292895
  0.5686295 -0.01257041
  0.575167 -0.01221495
  0.581702 -0.01186268
  0.5882355 -0.01151369
  0.5947682 -0.01116806
  0.6013003 -0.01082589
  0.6078319 -0.01048732
  0.6143627 -0.01015249
  0.6208923 -0.00982154
  0.6274205 -0.009494624
  0.6339474 -0.009171875
  0.6404732 -0.008853418
  0.6469982 -0.00853937
  0.6535231 -0.008229793
  0.6600484 -0.007924641
  0.6665742 -0.007623863
  0.6731006 -0.007327417
  0.6796275 -0.007035272
  0.6861544 -0.00674741
  0.6926806 -0.006463895
  0.6992058 -0.006184887
  0.7057296 -0.005910543
  0.7122519 -0.005641012
  0.718773 -0.005376431
  0.7252932 -0.005116928
  0.7318128 -0.0048626
  0.7383319 -0.004613537
  0.7448504 -0.004369845
  0.7513676 -0.004131638
  0.7578827 -0.003899044
  0.7643945 -0.003672302
  0.7709022 -0.003451844
  0.7774056 -0.003238098
  0.783905 -0.003031473
  0.7904015 -0.002832358
  0.7968965 -0.002641068
  0.8033913 -0.002457666
  0.8098862 -0.002282181
  0.8163807 -0.002114663
  0.8228731 -0.001955189
  0.829361 -0.001803946
  0.8358422 -0.001661549
  0.8423164 -0.001528692
  0.8487854 -0.001406024
  0.8552523 -0.001294168
  0.8617222 -0.001193281
  0.8681986 -0.001102627
  0.8746825 -0.001021414
  0.881172 -0.0009488751
  0.8876628 -0.0008844077
  0.8941504 -0.0008282758
  0.9006342 -0.0007810237
  0.9071175 -0.0007431693
  0.9136076 -0.0007148448
  0.9201113 -0.0006941154
  0.92663 -0.0006783571
  0.9331585 -0.0006649452
  0.9396847 -0.0006520574
  0.9461875 -0.0006389877
  0.9526375 -0.0006251029
  0.9589988 -0.0006075146
  0.9652331 -0.0005802799
  0.9713033 -0.0005383713
  0.9771565 -0.0004801694
  0.9827083 -0.0004067703
  0.9878692 -0.0003187161
  0.9925667 -0.0002165724
  0.9967655 -0.0001034208
  1.0 0.0
