KC-135 BL124.32 AIRFOIL
  1.0 0.0
  0.996938 0.0004880927
  0.9932283 0.001079417
  0.9893068 0.001704498
  0.9851502 0.002367074
  0.9807324 0.003071263
  0.976026 0.003821464
  0.9710031 0.004622117
  0.9656384 0.005477253
  0.9599142 0.006389682
  0.9538284 0.00735976
  0.9474042 0.008383773
  0.9406974 0.009452826
  0.9337882 0.01055415
  0.9268527 0.01165965
  0.9199557 0.01275903
  0.9130451 0.01386059
  0.9060903 0.01496919
  0.8991345 0.01607796
  0.8922176 0.01718054
  0.8853195 0.01828012
  0.8784238 0.01937932
  0.8715182 0.02048009
  0.8645946 0.02158371
  0.857649 0.02269081
  0.8506817 0.02380134
  0.8437029 0.02491369
  0.8367319 0.02602476
  0.8297655 0.02713512
  0.8227991 0.02824552
  0.8158293 0.0293565
  0.8088543 0.03046839
  0.8018735 0.03158129
  0.7948945 0.03269404
  0.7879195 0.03380621
  0.7809473 0.03491791
  0.7739766 0.03602927
  0.7670064 0.03714038
  0.7600356 0.03825128
  0.7530637 0.03936204
  0.7460898 0.04047267
  0.7391137 0.04158336
  0.7321361 0.04269431
  0.7251584 0.04380559
  0.7181832 0.04491713
  0.7112139 0.04602867
  0.7042551 0.04713982
  0.6973119 0.04825001
  0.6903898 0.04935747
  0.6834931 0.05045905
  0.6766239 0.05155188
  0.669783 0.05263342
  0.6629692 0.05370144
  0.6561799 0.05475401
  0.6494113 0.05578945
  0.642658 0.05680672
  0.6359153 0.05780606
  0.6291792 0.05878778
  0.6224467 0.059752
  0.615716 0.06069868
  0.6089861 0.06162764
  0.6022569 0.06253856
  0.5955295 0.06343097
  0.5888052 0.06430424
  0.5820856 0.06515766
  0.5753715 0.06599058
  0.5686639 0.06680242
  0.561963 0.06759263
  0.5552693 0.0683607
  0.5485825 0.06910619
  0.5419023 0.06982865
  0.5352283 0.07052768
  0.5285601 0.07120288
  0.5218974 0.07185382
  0.5152398 0.07248009
  0.5085871 0.07308126
  0.5019388 0.07365692
  0.4952948 0.07420665
  0.4886548 0.07473016
  0.4820184 0.07522726
  0.4753854 0.07569773
  0.4687555 0.07614139
  0.4621281 0.07655801
  0.4555029 0.07694739
  0.4488793 0.0773093
  0.4422568 0.0776435
  0.4356353 0.07794963
  0.4290152 0.07822731
  0.4223974 0.07847615
  0.4157836 0.07869574
  0.4091759 0.07888571
  0.402577 0.07904568
  0.3959899 0.07917534
  0.3894178 0.07927433
  0.3828617 0.07934229
  0.3763201 0.07937891
  0.3697894 0.07938383
  0.3632636 0.07935661
  0.3567346 0.07929668
  0.3501918 0.07920325
  0.3436221 0.07907583
  0.3370131 0.07891632
  0.3303558 0.07872727
  0.323646 0.07851143
  0.3168847 0.07827179
  0.3100782 0.07801176
  0.3032392 0.07773524
  0.2963871 0.07744641
  0.2895447 0.07714618
  0.2827319 0.07683209
  0.2759624 0.07650152
  0.2692442 0.0761518
  0.2625799 0.07578021
  0.2559673 0.07538393
  0.2494 0.07495992
  0.2428677 0.07450557
  0.2363599 0.07402013
  0.2298679 0.07350312
  0.2233846 0.07295405
  0.2169044 0.07237245
  0.2104235 0.07175786
  0.2039396 0.0711099
  0.1974516 0.07042829
  0.1909603 0.0697126
  0.1844688 0.06896223
  0.1779824 0.06817695
  0.1715088 0.06735691
  0.1650581 0.06650278
  0.1586425 0.06561575
  0.1522758 0.06469754
  0.1459728 0.06375019
  0.1397487 0.06277294
  0.1336146 0.06176286
  0.127577 0.0607169
  0.1216382 0.05963191
  0.1157972 0.05850459
  0.1100503 0.05733147
  0.1043917 0.05610877
  0.09881399 0.05483242
  0.09330978 0.05349909
  0.0878799 0.05210912
  0.08253669 0.05066643
  0.07730178 0.04917835
  0.07220272 0.04765521
  0.06726743 0.04610609
  0.06251481 0.0445368
  0.05795333 0.04295163
  0.05358366 0.04135359
  0.04940116 0.03974463
  0.04540032 0.03812668
  0.04158771 0.03650684
  0.03798117 0.03489859
  0.0345993 0.03331806
  0.03145412 0.03178042
  0.02854777 0.03029736
  0.02587306 0.02887617
  0.02341622 0.02751975
  0.02116325 0.02622571
  0.01910164 0.02499072
  0.01721771 0.02381217
  0.01549658 0.02268735
  0.01392285 0.02161322
  0.01248141 0.02058647
  0.01115929 0.01960285
  0.009947897 0.01865489
  0.008837916 0.01773477
  0.007819811 0.01683553
  0.006884252 0.01595124
  0.006017741 0.01507853
  0.00520826 0.01421808
  0.004449211 0.01337309
  0.003744832 0.01254678
  0.003100425 0.01173992
  0.002517569 0.0109513
  0.001995822 0.01017877
  0.001533831 0.009419693
  0.001129975 0.0086713
  0.0007827418 0.007930782
  0.0004909278 0.00719535
  0.0002537668 0.006462228
  7.101358e-05 0.005728609
  -5.708869e-05 0.004991673
  -0.0001320786 0.004250111
  -0.0001570728 0.003504258
  -0.0001344447 0.002754599
  -6.588073e-05 0.002001713
  4.750439e-05 0.001246295
  0.0002050897 0.000489183
  0.0004066961 -0.0002686132
  0.0006525545 -0.001025867
  0.0009432895 -0.001781086
  0.001279915 -0.002532439
  0.00166384 -0.003277678
  0.002096885 -0.00401402
  0.0025813 -0.004738002
  0.003119795 -0.005445296
  0.003715558 -0.006130458
  0.004372271 -0.006786608
  0.005094097 -0.007405014
  0.005884327 -0.007979999
  0.006742456 -0.008520313
  0.00766604 -0.009040144
  0.00865343 -0.009552178
  0.00970879 -0.01005825
  0.01083772 -0.0105586
  0.01204645 -0.01105377
  0.01334207 -0.01154469
  0.01473459 -0.01203209
  0.01623729 -0.01251667
  0.01786608 -0.01299963
  0.01964002 -0.01348303
  0.02158188 -0.01397027
  0.02371853 -0.01446698
  0.02608085 -0.01498216
  0.02870548 -0.01552366
  0.0316351 -0.01609432
  0.03491171 -0.01669604
  0.03856763 -0.01732963
  0.04261426 -0.01799492
  0.04703639 -0.01869238
  0.05180734 -0.01942739
  0.05692029 -0.02020706
  0.06237332 -0.02103006
  0.0681485 -0.02189169
  0.07421058 -0.02278461
  0.08051121 -0.02369988
  0.08699569 -0.02462919
  0.09361073 -0.02556547
  0.1003139 -0.02650372
  0.1070799 -0.02744137
  0.1138939 -0.02837644
  0.120742 -0.02930695
  0.127611 -0.03023106
  0.1344885 -0.03114714
  0.1413632 -0.03205376
  0.1482255 -0.03294975
  0.1550668 -0.03383397
  0.1618809 -0.03470394
  0.1686637 -0.03555665
  0.1754137 -0.03638951
  0.1821311 -0.03720026
  0.1888183 -0.03798693
  0.1954796 -0.03874781
  0.2021209 -0.03948143
  0.2087492 -0.04018735
  0.2153713 -0.04086664
  0.2219932 -0.04152029
  0.2286198 -0.04214915
  0.2352556 -0.04275391
  0.2419042 -0.04333513
  0.2485684 -0.04389326
  0.2552504 -0.04442871
  0.2619513 -0.04494217
  0.2686714 -0.04543447
  0.2754093 -0.04590635
  0.2821626 -0.04635848
  0.2889274 -0.0467915
  0.2956985 -0.04720602
  0.3024693 -0.04760261
  0.3092324 -0.04798088
  0.3159817 -0.04833919
  0.322713 -0.04867595
  0.3294239 -0.04898976
  0.3361142 -0.04927935
  0.3427851 -0.04954354
  0.3494398 -0.04978122
  0.356083 -0.04999149
  0.3627197 -0.05017437
  0.3693539 -0.0503301
  0.3759886 -0.05045884
  0.3826258 -0.05056066
  0.3892663 -0.05063562
  0.39591 -0.05068373
  0.4025557 -0.05070501
  0.4092015 -0.05069944
  0.4158456 -0.05066691
  0.4224871 -0.05060735
  0.4291258 -0.05052067
  0.435762 -0.05040679
  0.4423971 -0.05026558
  0.449033 -0.05009688
  0.4556723 -0.04990057
  0.4623178 -0.04967698
  0.4689716 -0.04942666
  0.475635 -0.04915013
  0.4823084 -0.04884796
  0.4889916 -0.04852076
  0.4956832 -0.04816919
  0.5023812 -0.04779398
  0.5090827 -0.04739574
  0.5157856 -0.04697477
  0.5224889 -0.04653132
  0.5291929 -0.04606554
  0.535899 -0.04557752
  0.5426096 -0.0450672
  0.5493286 -0.04453443
  0.556061 -0.04397909
  0.5628122 -0.04340212
  0.5695866 -0.04280489
  0.5763873 -0.04218888
  0.5832161 -0.04155572
  0.5900736 -0.04090718
  0.5969589 -0.04024526
  0.6038694 -0.03957211
  0.6108015 -0.03888968
  0.6177516 -0.03819962
  0.6247165 -0.03750355
  0.6316934 -0.03680308
  0.6386802 -0.0360998
  0.6456751 -0.03539525
  0.6526768 -0.03469091
  0.6596847 -0.03398758
  0.6666978 -0.0332851
  0.6737156 -0.03258329
  0.6807374 -0.03188193
  0.6877626 -0.0311808
  0.6947906 -0.03047968
  0.7018209 -0.02977834
  0.7088531 -0.02907665
  0.7158867 -0.0283747
  0.7229214 -0.02767256
  0.7299566 -0.02697034
  0.7369917 -0.02626815
  0.7440264 -0.02556608
  0.7510599 -0.02486425
  0.7580918 -0.02416272
  0.7651216 -0.02346146
  0.7721495 -0.02276036
  0.7791757 -0.02205932
  0.7862011 -0.02135815
  0.7932269 -0.02065665
  0.8002544 -0.01995458
  0.8072856 -0.01925171
  0.8143201 -0.01854818
  0.8213508 -0.01784486
  0.828378 -0.01714184
  0.8354047 -0.01643898
  0.8424348 -0.01573602
  0.8494665 -0.01503329
  0.8564829 -0.01433259
  0.8634779 -0.01363443
  0.8704505 -0.01293876
  0.877404 -0.01224511
  0.8843458 -0.01155258
  0.8912877 -0.01085986
  0.8982458 -0.01016519
  0.9052404 -0.009466437
  0.9122588 -0.008764879
  0.9192356 -0.008067165
  0.926195 -0.007371016
  0.933188 -0.006671433
  0.9401513 -0.005974877
  0.9469165 -0.005298297
  0.9534016 -0.004649975
  0.9595479 -0.00403579
  0.9653296 -0.003458271
  0.9707477 -0.002917282
  0.9758194 -0.002411068
  0.98057 -0.001937064
  0.9850277 -0.001492426
  0.9892205 -0.001074335
  0.9931747 -0.0006801482
  0.9969142 -0.0003074648
  1.0 0.0
