 NASA/LANGLEY LS(1)-0417 (GA(W)-1) AIRFOIL
  1.0 -0.00074
  0.9959865 0.0003433036
  0.9911143 0.001661028
  0.9859602 0.003058163
  0.9805053 0.004540377
  0.9747358 0.006112048
  0.9686467 0.007774784
  0.9622416 0.00952606
  0.95553 0.01136077
  0.9485236 0.01327234
  0.941233 0.01525508
  0.9336718 0.01730521
  0.9258596 0.01941784
  0.9178215 0.02158698
  0.9095869 0.02380645
  0.901187 0.02607002
  0.8926528 0.02837137
  0.8840132 0.0307015
  0.8752962 0.03305025
  0.8665286 0.03540778
  0.8577325 0.03776552
  0.848923 0.04011684
  0.8401089 0.0424574
  0.8313008 0.04478377
  0.8225174 0.0470907
  0.8137808 0.04936924
  0.8050978 0.05160955
  0.7964522 0.05380758
  0.7878161 0.05596924
  0.7791767 0.05810488
  0.7705453 0.06021909
  0.7619484 0.0623068
  0.7534067 0.0643588
  0.7449306 0.06636855
  0.736521 0.06833135
  0.7281729 0.07024371
  0.7198761 0.07210365
  0.7116197 0.07391275
  0.7033986 0.07567363
  0.695214 0.07738738
  0.6870707 0.07905227
  0.6789722 0.08066529
  0.6709199 0.08222399
  0.6629124 0.0837263
  0.6549425 0.08517093
  0.646997 0.08655767
  0.6390603 0.08788941
  0.6311262 0.08917132
  0.6232021 0.09040649
  0.6153057 0.09159304
  0.6074469 0.09272306
  0.5996198 0.09379039
  0.5918048 0.09479258
  0.5839794 0.09573369
  0.576127 0.09661789
  0.5682366 0.09744848
  0.5603025 0.0982294
  0.5523239 0.09896462
  0.5443049 0.0996575
  0.5362526 0.1003086
  0.5281731 0.1009171
  0.5200709 0.1014824
  0.5119484 0.1020041
  0.5038058 0.102482
  0.4956418 0.1029161
  0.4874531 0.1033069
  0.4792373 0.1036553
  0.4709927 0.1039622
  0.4627191 0.1042287
  0.4544171 0.1044555
  0.4460889 0.1046434
  0.4377377 0.1047931
  0.4293676 0.1049047
  0.4209834 0.1049785
  0.4125909 0.1050148
  0.4041965 0.1050141
  0.3958073 0.1049769
  0.3874306 0.1049029
  0.3790716 0.1047913
  0.3707333 0.1046409
  0.3624161 0.1044509
  0.3541178 0.1042201
  0.3458343 0.1039476
  0.3375602 0.103633
  0.3292924 0.103277
  0.3210312 0.1028802
  0.3127803 0.1024438
  0.3045468 0.1019689
  0.2963406 0.101457
  0.288174 0.1009089
  0.2800569 0.100324
  0.2719956 0.09970178
  0.2639933 0.09904161
  0.2560499 0.09834264
  0.2481628 0.09760383
  0.2403277 0.09682449
  0.2325443 0.09600522
  0.224819 0.09514752
  0.2171642 0.09425375
  0.2095978 0.09332719
  0.2021413 0.09237203
  0.1948184 0.09139268
  0.1876489 0.09038837
  0.1806395 0.0893546
  0.1737844 0.08828603
  0.1670708 0.08718003
  0.1604911 0.08604244
  0.15405 0.08488175
  0.1477616 0.08370766
  0.1416446 0.08252735
  0.1357155 0.08134333
  0.1299849 0.08015756
  0.1244579 0.07897177
  0.1191359 0.07778694
  0.1140173 0.07660246
  0.1090979 0.07541761
  0.1043715 0.07423185
  0.09983045 0.07304479
  0.09546664 0.07185654
  0.0912723 0.07066878
  0.08724098 0.06948368
  0.083367 0.06830342
  0.07964506 0.06713012
  0.07606992 0.06596573
  0.07263636 0.06481184
  0.06933995 0.06366803
  0.06617632 0.06253302
  0.06314068 0.0614058
  0.06022792 0.06028559
  0.05743276 0.05917178
  0.05474983 0.05806392
  0.05217381 0.05696165
  0.04969946 0.05586468
  0.04732208 0.05477231
  0.04503791 0.05368264
  0.04284303 0.05259371
  0.0407333 0.05150375
  0.03870455 0.0504112
  0.0367527 0.04931464
  0.03487345 0.04821384
  0.03306248 0.04711001
  0.03131606 0.04600441
  0.02963092 0.04489826
  0.02800418 0.04379274
  0.02643327 0.04268898
  0.02491583 0.04158802
  0.02345007 0.0404905
  0.02203539 0.03939579
  0.02067132 0.0383031
  0.0193572 0.03721171
  0.01809226 0.03612101
  0.01687566 0.03503046
  0.01570645 0.03393958
  0.01458366 0.03284796
  0.01350628 0.03175522
  0.01247326 0.03066106
  0.01148395 0.02956527
  0.01053899 0.02846787
  0.009639059 0.0273688
  0.008784568 0.02626786
  0.007975741 0.02516477
  0.007212669 0.02405912
  0.006495354 0.02295044
  0.005823753 0.0218382
  0.0051978 0.0207218
  0.00461727 0.01960069
  0.004080109 0.01847542
  0.00358337 0.01734742
  0.003124431 0.01621836
  0.002700934 0.0150901
  0.002310714 0.01396466
  0.001951758 0.01284415
  0.001622739 0.01173059
  0.00132382 0.0106252
  0.001055201 0.009528626
  0.0008169206 0.008441103
  0.0006089258 0.007362498
  0.0004311281 0.006292374
  0.0002834521 0.005230043
  0.0001658768 0.004174595
  7.847233e-05 0.003124929
  2.143351e-05 0.002079766
  -4.886209e-06 0.00103765
  6.105198e-08 -3.058343e-06
  3.724217e-05 -0.001043825
  0.0001086194 -0.002084691
  0.0002166076 -0.003125116
  0.0003638984 -0.004164292
  0.0005534655 -0.005201127
  0.0007885669 -0.00623421
  0.00107274 -0.007261784
  0.00140979 -0.008281703
  0.00180376 -0.009291398
  0.002258734 -0.01028784
  0.002776089 -0.01126761
  0.003354787 -0.01222716
  0.003993798 -0.01316293
  0.004692262 -0.01407129
  0.005449539 -0.01494871
  0.006264636 -0.01579506
  0.007136083 -0.01661299
  0.008062234 -0.01740525
  0.009041177 -0.01817465
  0.01007061 -0.01892414
  0.01114765 -0.01965684
  0.01226872 -0.0203761
  0.0134298 -0.02108529
  0.01463035 -0.02178611
  0.01587159 -0.02247957
  0.01715472 -0.02316689
  0.01848091 -0.02384945
  0.01985125 -0.02452891
  0.02126673 -0.02520721
  0.02272819 -0.02588658
  0.02423626 -0.02656966
  0.02579135 -0.02725932
  0.0273946 -0.02795618
  0.02904826 -0.0286581
  0.03075504 -0.02936262
  0.03251817 -0.03006696
  0.03434165 -0.03076807
  0.03623045 -0.03146256
  0.03819091 -0.03214673
  0.04023006 -0.03281965
  0.04235429 -0.03348531
  0.04456994 -0.03414883
  0.04688287 -0.03481627
  0.04929782 -0.03549485
  0.05181751 -0.03619239
  0.05444445 -0.0369111
  0.05718147 -0.03764934
  0.06003104 -0.03840486
  0.0629954 -0.0391749
  0.06607691 -0.03995622
  0.06927865 -0.04074517
  0.07260529 -0.04153784
  0.07606438 -0.04233021
  0.079667 -0.04311991
  0.0834259 -0.0439074
  0.08735481 -0.04469347
  0.09146831 -0.04547902
  0.0957813 -0.04626501
  0.1003083 -0.04705249
  0.105062 -0.04784271
  0.1100531 -0.04863781
  0.1152879 -0.04944057
  0.1207664 -0.05025438
  0.1264791 -0.0510831
  0.1324063 -0.05192577
  0.1385257 -0.05277094
  0.1448208 -0.05360567
  0.1512863 -0.05441738
  0.1579326 -0.05519863
  0.1647731 -0.05595231
  0.1718139 -0.05668254
  0.1790491 -0.05739319
  0.1864611 -0.0580847
  0.194027 -0.05875487
  0.2017224 -0.05940191
  0.2095222 -0.0600235
  0.217404 -0.06061557
  0.2253493 -0.06117437
  0.2333454 -0.06169678
  0.2413858 -0.06218024
  0.2494715 -0.06262265
  0.2576106 -0.0630228
  0.265814 -0.06338247
  0.2740894 -0.06370414
  0.2824404 -0.06399016
  0.2908656 -0.06424283
  0.2993583 -0.0644645
  0.3079059 -0.06465718
  0.3164936 -0.06482074
  0.3251083 -0.0649545
  0.3337397 -0.06505804
  0.3423806 -0.06513107
  0.3510267 -0.06517342
  0.3596768 -0.06518497
  0.3683303 -0.06516561
  0.3769864 -0.06511525
  0.3856433 -0.0650338
  0.3942987 -0.06492121
  0.4029493 -0.06477749
  0.4115918 -0.0646026
  0.4202223 -0.06439648
  0.4288377 -0.06415907
  0.4374352 -0.06389037
  0.4460122 -0.0635904
  0.4545665 -0.06325917
  0.4630958 -0.0628961
  0.4715956 -0.06250016
  0.4800594 -0.06207053
  0.4884786 -0.06160663
  0.4968425 -0.0611082
  0.5051393 -0.06057517
  0.5133584 -0.06000562
  0.5214971 -0.05939594
  0.5295613 -0.05874209
  0.5375647 -0.0580394
  0.5455278 -0.05728232
  0.5534778 -0.05646424
  0.5614455 -0.05558257
  0.5694502 -0.05464134
  0.5774933 -0.05364693
  0.5855606 -0.05260374
  0.5936438 -0.05150879
  0.601754 -0.05035583
  0.6099194 -0.04913981
  0.6181655 -0.04786484
  0.6264985 -0.04653939
  0.6349031 -0.04517317
  0.6433583 -0.04377076
  0.6518502 -0.04233486
  0.6603726 -0.0408679
  0.6689197 -0.03937421
  0.6774799 -0.03785949
  0.6860356 -0.03633207
  0.6945597 -0.03480444
  0.7030142 -0.03329098
  0.7113551 -0.03179636
  0.7195501 -0.03030882
  0.7275866 -0.02881417
  0.7354719 -0.0273174
  0.7432324 -0.02585176
  0.7509058 -0.02444782
  0.7585338 -0.02311586
  0.7661414 -0.02181998
  0.7737329 -0.0205203
  0.7812958 -0.01918753
  0.7888187 -0.01783969
  0.7963027 -0.01651126
  0.8037586 -0.01523314
  0.8112003 -0.01401727
  0.818634 -0.01285937
  0.8260581 -0.01175581
  0.8334641 -0.01070418
  0.8408381 -0.009703273
  0.8481622 -0.008752203
  0.8554155 -0.007850755
  0.8625775 -0.007003241
  0.8696312 -0.006215307
  0.8765642 -0.005491282
  0.8833678 -0.004835677
  0.8900401 -0.004254451
  0.8965854 -0.00375235
  0.9030134 -0.003332903
  0.9093354 -0.002995514
  0.9155607 -0.002736057
  0.921696 -0.002550818
  0.9277464 -0.002436499
  0.9337143 -0.002389035
  0.9395942 -0.002403353
  0.9453727 -0.0024742
  0.9510302 -0.002595951
  0.9565451 -0.002768156
  0.9619039 -0.003002132
  0.9671079 -0.003308826
  0.9721684 -0.0036977
  0.9771033 -0.004177493
  0.9819345 -0.00475158
  0.9866833 -0.005417663
  0.9913683 -0.006174398
  0.9960062 -0.00702164
  1.0 -0.00783
