NACA M25 AIRFOIL
  1.0 0.00225
  0.9970757 0.002416392
  0.9935325 0.002627462
  0.9897863 0.002861909
  0.9858144 0.003123162
  0.9815915 0.003415244
  0.9770907 0.003742819
  0.9722845 0.00411117
  0.9671478 0.004526053
  0.9616628 0.004993278
  0.9558269 0.005517892
  0.9496626 0.00610284
  0.9432279 0.0067473
  0.936717 0.007434786
  0.9302921 0.008148333
  0.9238825 0.008895187
  0.9174322 0.009682338
  0.9109115 0.01051456
  0.9044494 0.01137578
  0.8980939 0.01225845
  0.891826 0.01316336
  0.885624 0.01409137
  0.8794696 0.01504323
  0.8733473 0.0160197
  0.8672437 0.01702151
  0.861147 0.01804934
  0.8550471 0.0191038
  0.8489352 0.02018547
  0.8428038 0.02129477
  0.8366466 0.02243203
  0.8304585 0.02359737
  0.8242357 0.02479073
  0.817976 0.02601173
  0.8116786 0.02725971
  0.8053444 0.0285336
  0.7989763 0.02983189
  0.7925789 0.03115277
  0.7861575 0.03249453
  0.7797173 0.03385549
  0.7732634 0.03523392
  0.7668129 0.03662538
  0.7603734 0.03802742
  0.7539411 0.03944001
  0.7475126 0.04086309
  0.741085 0.04229648
  0.7346559 0.04373995
  0.7282234 0.04519313
  0.7217859 0.04665557
  0.7153499 0.04812503
  0.7089231 0.04959893
  0.7025051 0.0510765
  0.6960952 0.05255711
  0.6896922 0.05404011
  0.6832949 0.0555248
  0.6769022 0.05701049
  0.6705133 0.05849644
  0.6641271 0.05998191
  0.6577429 0.06146614
  0.6513599 0.06294834
  0.6449776 0.06442772
  0.6385954 0.06590346
  0.6322128 0.06737471
  0.6258295 0.06884063
  0.6194452 0.07030032
  0.6130596 0.07175289
  0.6066728 0.07319743
  0.6002846 0.074633
  0.5938951 0.07605866
  0.5875044 0.07747356
  0.5811128 0.07887684
  0.5747205 0.08026767
  0.5683278 0.08164518
  0.5619348 0.08300854
  0.555542 0.08435689
  0.5491497 0.08568939
  0.5427582 0.08700518
  0.536368 0.08830342
  0.5299794 0.08958327
  0.5235929 0.0908439
  0.517209 0.09208448
  0.5108281 0.09330418
  0.5044509 0.0945022
  0.4980778 0.09567773
  0.4917095 0.09682967
  0.4853464 0.09795644
  0.478989 0.09905647
  0.4726376 0.1001282
  0.4662924 0.1011702
  0.4599533 0.102181
  0.4536202 0.1031592
  0.4472929 0.1041034
  0.4409709 0.1050122
  0.4346539 0.1058843
  0.4283411 0.1067185
  0.4220318 0.1075134
  0.4157251 0.1082677
  0.4094202 0.1089802
  0.4031157 0.1096495
  0.3968107 0.1102744
  0.3905039 0.1108539
  0.3841947 0.1113873
  0.3778825 0.1118737
  0.3715673 0.1123125
  0.3652491 0.1127028
  0.3589283 0.1130438
  0.3526055 0.1133345
  0.3462818 0.1135743
  0.3399583 0.1137621
  0.3336365 0.1138973
  0.3273181 0.113979
  0.3210053 0.1140066
  0.3147001 0.1139794
  0.3084052 0.1138968
  0.3021234 0.1137584
  0.2958574 0.1135637
  0.2896109 0.1133119
  0.2833868 0.1130018
  0.2771875 0.1126324
  0.2710147 0.1122025
  0.2648692 0.1117111
  0.2587514 0.1111572
  0.2526608 0.1105395
  0.2465968 0.1098569
  0.2405577 0.1091079
  0.2345416 0.1082911
  0.2285461 0.1074046
  0.2225681 0.1064465
  0.2166042 0.1054146
  0.2106503 0.1043063
  0.2047018 0.1031186
  0.1987536 0.1018481
  0.1927998 0.1004921
  0.1868357 0.09905092
  0.1808595 0.09752573
  0.1748726 0.09591855
  0.16888 0.09423255
  0.1628902 0.09247228
  0.1569152 0.09064385
  0.1509707 0.08875509
  0.1450748 0.08681472
  0.1392451 0.08482731
  0.1334914 0.08279372
  0.1278155 0.08071239
  0.1222123 0.07857933
  0.1166704 0.07638791
  0.1111732 0.07412863
  0.1056987 0.07178853
  0.1002185 0.06935019
  0.09469626 0.0667941
  0.08909501 0.06411673
  0.08339749 0.06132991
  0.07761605 0.05846291
  0.07180109 0.05556442
  0.06605313 0.05265735
  0.06050226 0.04974082
  0.05526721 0.04682675
  0.05042827 0.04393457
  0.0460154 0.04109159
  0.04198503 0.03833617
  0.03823443 0.03565887
  0.03464463 0.03301461
  0.03107702 0.030328
  0.02731564 0.02745689
  0.02290429 0.02407838
  0.01897229 0.0210701
  0.01446857 0.0176113
  0.01097286 0.01490751
  0.008751144 0.01314299
  0.007091275 0.01176395
  0.005766434 0.0106037
  0.004669834 0.009585489
  0.003743676 0.008668279
  0.002952938 0.007827284
  0.002274766 0.007046239
  0.001693486 0.006313809
  0.001197992 0.005621725
  0.0007802688 0.004963728
  0.0004345097 0.004334936
  0.0001565718 0.003731445
  -5.637353e-05 0.003150059
  -0.0002060566 0.002588107
  -0.0002932354 0.002043309
  -0.0003177523 0.001513682
  -0.0002785311 0.000997457
  -0.0001735119 0.0004930253
  4.792985e-07 -1.118434e-06
  0.0002466958 -0.0004863466
  0.0005648112 -0.000963574
  0.0009544303 -0.00143336
  0.001416241 -0.001895978
  0.001952026 -0.002351395
  0.002564747 -0.002799217
  0.003258703 -0.003238591
  0.004039783 -0.003668025
  0.004915843 -0.004085106
  0.005897243 -0.004486001
  0.006997595 -0.004864583
  0.008234712 -0.005210808
  0.009631512 -0.005507557
  0.01121555 -0.005724146
  0.01301157 -0.005802887
  0.01504606 -0.005655802
  0.01738255 -0.005186644
  0.02008587 -0.004301885
  0.02318287 -0.003004846
  0.02668668 -0.00150798
  0.03065341 -1.982477e-06
  0.03508197 0.001499959
  0.03990947 0.003005924
  0.04501921 0.004544147
  0.05027899 0.006168966
  0.05560077 0.007934104
  0.0609702 0.009810759
  0.06639232 0.01174773
  0.07188198 0.01369234
  0.07746511 0.01559252
  0.08316484 0.01742572
  0.08898726 0.01920339
  0.09492903 0.02093741
  0.1009757 0.02263804
  0.1071025 0.02430981
  0.1132847 0.0259465
  0.1195001 0.02754156
  0.1257302 0.02908998
  0.1319603 0.03058837
  0.1381806 0.03203478
  0.1443856 0.03342862
  0.1505743 0.03477034
  0.1567494 0.03606085
  0.1629153 0.03730001
  0.1690758 0.03848728
  0.1752343 0.03962193
  0.181394 0.04070302
  0.1875574 0.04172948
  0.1937268 0.04270007
  0.1999039 0.0436134
  0.2060902 0.04446845
  0.2122867 0.04526597
  0.2184941 0.0460072
  0.2247131 0.0466933
  0.230944 0.04732537
  0.2371872 0.04790449
  0.243443 0.0484317
  0.2497115 0.04890801
  0.2559925 0.0493344
  0.2622858 0.04971186
  0.2685911 0.05004135
  0.2749078 0.05032384
  0.2812353 0.0505603
  0.2875728 0.0507517
  0.2939192 0.05089905
  0.3002734 0.05100335
  0.3066341 0.05106554
  0.3130004 0.05108626
  0.3193714 0.05106611
  0.3257463 0.05100567
  0.3321245 0.05090558
  0.3385053 0.05076648
  0.3448884 0.050589
  0.3512732 0.0503738
  0.3576596 0.05012155
  0.3640472 0.04983288
  0.3704361 0.04950846
  0.3768261 0.04914894
  0.3832174 0.04875495
  0.3896103 0.04832713
  0.3960049 0.0478661
  0.4024017 0.04737246
  0.4088012 0.04684707
  0.4152041 0.04629113
  0.4216111 0.04570588
  0.4280228 0.04509254
  0.4344395 0.04445237
  0.4408619 0.04378661
  0.4472903 0.04309653
  0.453725 0.04238341
  0.4601662 0.04164853
  0.4666143 0.0408932
  0.4730693 0.04011874
  0.4795312 0.03932651
  0.4860002 0.03851786
  0.4924761 0.03769418
  0.4989588 0.03685687
  0.5054481 0.03600729
  0.5119437 0.03514619
  0.5184453 0.03427412
  0.5249525 0.03339164
  0.5314648 0.03249934
  0.5379816 0.0315978
  0.5445025 0.03068762
  0.5510266 0.02976944
  0.5575534 0.02884389
  0.5640819 0.02791163
  0.5706113 0.02697331
  0.5771407 0.02602964
  0.5836691 0.02508129
  0.5901954 0.02412897
  0.5967184 0.02317341
  0.6032371 0.02221535
  0.6097503 0.02125589
  0.6162571 0.02029647
  0.6227568 0.01933851
  0.6292491 0.01838337
  0.6357337 0.01743238
  0.6422108 0.01648682
  0.6486807 0.01554792
  0.6551439 0.01461687
  0.6616012 0.01369483
  0.6680536 0.01278291
  0.6745023 0.01188219
  0.6809488 0.01099372
  0.6873946 0.01011853
  0.6938418 0.00925764
  0.7002924 0.008412028
  0.7067487 0.007582522
  0.7132127 0.006769417
  0.7196858 0.005972973
  0.7261689 0.005193535
  0.7326621 0.004431531
  0.7391652 0.003687459
  0.7456772 0.002961886
  0.7521964 0.002255433
  0.7587208 0.001568772
  0.7652475 0.0009026095
  0.7717729 0.0002576752
  0.7782931 -0.0003652901
  0.7848034 -0.0009655505
  0.7912988 -0.001542391
  0.7977735 -0.002095133
  0.8042218 -0.002623108
  0.8106378 -0.003125237
  0.8170178 -0.003600326
  0.8233596 -0.004047411
  0.8296633 -0.004465718
  0.8359302 -0.004854616
  0.8421635 -0.005213571
  0.8483677 -0.005542101
  0.8545483 -0.005839731
  0.8607126 -0.006105952
  0.8668688 -0.006340179
  0.8730265 -0.006541701
  0.879197 -0.006709638
  0.8853932 -0.006842878
  0.8916299 -0.006940009
  0.8979247 -0.006999229
  0.9042983 -0.007018284
  0.9107695 -0.006995012
  0.9173385 -0.006927392
  0.9238906 -0.006815712
  0.9303977 -0.00666099
  0.9369173 -0.006462089
  0.9434797 -0.006217415
  0.9498798 -0.005935699
  0.9560089 -0.005625925
  0.9618125 -0.005296485
  0.9672693 -0.004954652
  0.9723821 -0.004606129
  0.9771681 -0.0042551
  0.9816517 -0.00390449
  0.9858597 -0.003556271
  0.9898185 -0.003211723
  0.9935527 -0.002871641
  0.9970848 -0.002536487
  1.0 -0.00225
