NACA M8 AIRFOIL
  1.0 0.0
  0.9961748 0.0003641441
  0.9916489 0.0008096686
  0.9869945 0.00128447
  0.9822047 0.001790728
  0.977272 0.002330813
  0.9721888 0.002907303
  0.966947 0.003522989
  0.9615386 0.004180889
  0.955955 0.004884245
  0.9501881 0.005636517
  0.9442299 0.006441369
  0.9380729 0.007302626
  0.9317108 0.008224219
  0.9251386 0.009210095
  0.9183534 0.01026409
  0.9113553 0.01138976
  0.9041482 0.01259015
  0.8967402 0.0138675
  0.8891445 0.01522138
  0.8813777 0.01664805
  0.8734597 0.01814218
  0.8654127 0.01969711
  0.8572605 0.02130502
  0.849027 0.02295723
  0.8407355 0.02464461
  0.8324074 0.02635787
  0.8240616 0.02808792
  0.8157136 0.02982617
  0.8073752 0.03156472
  0.7990544 0.03329648
  0.7907559 0.0350172
  0.7824837 0.0367288
  0.7742409 0.03843429
  0.7660302 0.04013673
  0.7578539 0.04183921
  0.7497136 0.04354485
  0.7416102 0.04525678
  0.7335445 0.04697816
  0.7255165 0.04871215
  0.7175261 0.05046192
  0.7095724 0.05223068
  0.7016545 0.05402166
  0.6937707 0.05583743
  0.6859181 0.0576755
  0.6780927 0.0595312
  0.6702902 0.06140006
  0.662506 0.06327781
  0.654735 0.06516036
  0.6469717 0.06704378
  0.6392103 0.06892426
  0.6314445 0.07079812
  0.6236676 0.07266175
  0.6158721 0.07451161
  0.6080502 0.07634416
  0.6001931 0.07815589
  0.5922918 0.07994425
  0.5843387 0.08171105
  0.5763284 0.08345881
  0.5682578 0.08518955
  0.5601264 0.0869048
  0.5519365 0.08860554
  0.5436934 0.09029227
  0.5354059 0.09196491
  0.5270861 0.09362287
  0.51875 0.095265
  0.5104165 0.09688969
  0.5021077 0.09849489
  0.4938477 0.1000777
  0.4856589 0.1016314
  0.4775567 0.1031485
  0.4695499 0.104623
  0.4616415 0.1060508
  0.4538296 0.1074288
  0.4461079 0.1087548
  0.4384671 0.1100277
  0.4308947 0.1112467
  0.423376 0.1124113
  0.4158937 0.1135213
  0.408428 0.1145764
  0.4009565 0.1155762
  0.3934537 0.1165209
  0.3858945 0.1174134
  0.3782585 0.118257
  0.3705308 0.1190539
  0.3627026 0.1198054
  0.3547725 0.120512
  0.346748 0.1211736
  0.3386468 0.12179
  0.3304979 0.1223603
  0.3223416 0.1228841
  0.3142282 0.1233612
  0.3062141 0.123792
  0.2983574 0.1241778
  0.2907094 0.1245152
  0.2832942 0.1247918
  0.276106 0.1249974
  0.269119 0.1251246
  0.2622953 0.125167
  0.2555891 0.125118
  0.2489471 0.1249693
  0.2423099 0.1247152
  0.2356227 0.12436
  0.2288437 0.1239086
  0.2219449 0.1233655
  0.2149146 0.1227361
  0.2077628 0.1220292
  0.2005272 0.1212581
  0.1932754 0.1204377
  0.1860863 0.1195696
  0.1790246 0.1186504
  0.1721348 0.1176777
  0.1654423 0.1166495
  0.158957 0.1155638
  0.1526777 0.1144188
  0.1465956 0.1132123
  0.1407001 0.1119417
  0.1349806 0.1106039
  0.1294254 0.1091955
  0.1240224 0.1077131
  0.1187595 0.1061529
  0.1136247 0.1045105
  0.1086061 0.1027812
  0.1036924 0.1009592
  0.0988724 0.09903819
  0.09413488 0.09701446
  0.08947045 0.09489149
  0.08487327 0.09267416
  0.08034087 0.09036815
  0.07587376 0.0879803
  0.07147489 0.08551814
  0.06715059 0.0829878
  0.06291795 0.08040151
  0.05880426 0.07778044
  0.05484165 0.07515241
  0.05106078 0.072548
  0.04748623 0.06999592
  0.04413902 0.06751686
  0.04102406 0.0651182
  0.0381315 0.06279797
  0.03544505 0.06054945
  0.03294669 0.05836391
  0.03061895 0.05623207
  0.02844598 0.05414475
  0.02641382 0.05209315
  0.02451037 0.05006888
  0.0227187 0.04806162
  0.021016 0.04606211
  0.0193872 0.04406964
  0.01782372 0.04209061
  0.01632108 0.04013581
  0.0148771 0.03821766
  0.01349038 0.03634768
  0.01215947 0.03453481
  0.01088869 0.03278745
  0.00968913 0.03111276
  0.00856556 0.0295117
  0.007518197 0.02798151
  0.006544886 0.02651774
  0.005642395 0.02511536
  0.00480713 0.02376934
  0.004035514 0.02247492
  0.003324178 0.02122774
  0.002670049 0.02002384
  0.002070374 0.01885969
  0.001522729 0.01773211
  0.001024998 0.01663827
  0.0005753609 0.01557563
  0.0001722672 0.01454191
  -0.0001855797 0.01353508
  -0.000499241 0.01255328
  -0.0007695568 0.01159486
  -0.0009971573 0.01065829
  -0.001182471 0.009742204
  -0.001325731 0.008845329
  -0.001426974 0.007966505
  -0.001486042 0.007104659
  -0.001502575 0.006258795
  -0.001476002 0.005427985
  -0.00140553 0.004611356
  -0.00129012 0.003808084
  -0.001128466 0.003017386
  -0.0009189629 0.002238509
  -0.0006596582 0.001470725
  -0.0003482024 0.0007133191
  1.82252e-05 -3.441628e-05
  0.0004421123 -0.0007731461
  0.0009233571 -0.001503314
  0.001461529 -0.002225172
  0.002056492 -0.002938794
  0.002708373 -0.003644068
  0.003417529 -0.00434067
  0.004184519 -0.005028035
  0.005010063 -0.005705309
  0.005894987 -0.006371294
  0.006840147 -0.007024361
  0.007846326 -0.00766235
  0.008914066 -0.008282432
  0.01004343 -0.008880936
  0.01123367 -0.009453126
  0.0124827 -0.009992946
  0.01378803 -0.01049399
  0.01515238 -0.01095406
  0.01658033 -0.0113726
  0.01807696 -0.01174969
  0.01964782 -0.01208634
  0.0212991 -0.01238477
  0.02303767 -0.01264888
  0.02487129 -0.01288474
  0.0268087 -0.01309943
  0.02885904 -0.01329288
  0.03103199 -0.01346222
  0.03333795 -0.01360425
  0.03578789 -0.01371552
  0.03839333 -0.01379231
  0.04116626 -0.01383076
  0.04411919 -0.01382701
  0.04726537 -0.01377735
  0.05061967 -0.01367844
  0.05420119 -0.01352692
  0.05803443 -0.01331855
  0.06214425 -0.01304974
  0.06655236 -0.01271879
  0.07127219 -0.01232748
  0.07630142 -0.01188319
  0.08161401 -0.01139918
  0.08715368 -0.0108933
  0.09283254 -0.01038942
  0.0985425 -0.009914262
  0.1041748 -0.009488657
  0.1096357 -0.009096911
  0.1148692 -0.008708126
  0.1198554 -0.008296847
  0.1245982 -0.007843428
  0.1291138 -0.007332879
  0.1334242 -0.006753409
  0.1375531 -0.006095145
  0.1415238 -0.005349092
  0.1453586 -0.0045063
  0.1490785 -0.003557148
  0.1527044 -0.002492566
  0.1562598 -0.00131819
  0.1597676 -4.601361e-05
  0.1632477 0.001313576
  0.1667183 0.002751223
  0.1701963 0.004258084
  0.1736983 0.005825377
  0.1772408 0.007443942
  0.1808408 0.009103783
  0.1845159 0.01079355
  0.1882848 0.01249992
  0.1921678 0.01420682
  0.1961867 0.01589454
  0.2003651 0.01753851
  0.2047257 0.01911585
  0.2092852 0.02062378
  0.2140599 0.0220641
  0.2190675 0.02343914
  0.2243262 0.02475205
  0.2298542 0.02600711
  0.235668 0.02721022
  0.2417799 0.0283695
  0.2481942 0.0294959
  0.2549026 0.03060246
  0.2618881 0.03169178
  0.269126 0.03275991
  0.2765811 0.03380354
  0.2842087 0.03482047
  0.2919586 0.03581
  0.2997786 0.03677316
  0.307619 0.03771007
  0.3154351 0.03861119
  0.3231905 0.03946576
  0.3308586 0.04026507
  0.338422 0.04100238
  0.3458717 0.04167267
  0.3532055 0.04227229
  0.3604272 0.04279854
  0.3675448 0.04324933
  0.3745698 0.04362288
  0.3815166 0.04391741
  0.3884018 0.04413086
  0.3952447 0.04426069
  0.4020667 0.04430364
  0.4088918 0.0442596
  0.4157433 0.04413441
  0.4226425 0.04393373
  0.4296088 0.04366267
  0.4366603 0.04332607
  0.4438132 0.0429288
  0.4510823 0.04247597
  0.45848 0.04197327
  0.4660157 0.04142722
  0.4736948 0.04084551
  0.4815173 0.04023728
  0.4894761 0.0396134
  0.4975555 0.03898656
  0.5057299 0.03837016
  0.5139661 0.0377677
  0.5222319 0.0371759
  0.5304985 0.03659079
  0.5387422 0.03600797
  0.5469447 0.03542271
  0.5550933 0.03483012
  0.5631806 0.03422516
  0.5712043 0.03360273
  0.5791664 0.03295762
  0.5870729 0.03228451
  0.5949334 0.03157782
  0.6027609 0.03083171
  0.6105713 0.03004371
  0.61838 0.02921663
  0.6262008 0.02835367
  0.6340457 0.02745802
  0.6419252 0.02653298
  0.6498483 0.02558205
  0.6578223 0.02460899
  0.6658529 0.02361792
  0.6739438 0.02261339
  0.6820967 0.02160041
  0.6903111 0.02058455
  0.6985835 0.01957193
  0.706908 0.01856861
  0.7152765 0.01757677
  0.7236807 0.01659682
  0.7321128 0.01562904
  0.7405654 0.01467359
  0.7490319 0.01373047
  0.7575062 0.01279959
  0.7659828 0.01188072
  0.7744573 0.01097353
  0.7829258 0.01007758
  0.7913853 0.009192332
  0.7998336 0.00831715
  0.8082692 0.007452295
  0.8166889 0.006602166
  0.8250863 0.005772488
  0.8334516 0.004969164
  0.8417717 0.004198153
  0.8500308 0.003465304
  0.858211 0.002776167
  0.8662931 0.002135804
  0.8742575 0.001548601
  0.8820847 0.001018115
  0.8897567 0.0005469701
  0.8972575 0.000136802
  0.9045733 -0.0002118673
  0.9116938 -0.0005011929
  0.9186129 -0.0007350544
  0.9253281 -0.0009174958
  0.9318398 -0.001052554
  0.9381509 -0.001144151
  0.9442661 -0.001196026
  0.9501913 -0.00121169
  0.9559333 -0.0011944
  0.9614993 -0.001147153
  0.9668968 -0.001072689
  0.9721334 -0.0009735027
  0.9772168 -0.0008518545
  0.9821541 -0.0007097898
  0.9869525 -0.0005491562
  0.9916189 -0.0003716211
  0.9961598 -0.0001786885
  1.0 0.0
