MH 106  13.07% 
  1.0 0.0
  0.9964934 0.0001284555
  0.9920517 0.000367181
  0.987186 0.0007058465
  0.9819256 0.001132108
  0.9763136 0.001629679
  0.9704155 0.002176496
  0.9643062 0.002743818
  0.9580553 0.003316757
  0.9517231 0.003890018
  0.9453511 0.004460379
  0.9389575 0.005027521
  0.9325493 0.005593816
  0.9261319 0.006162066
  0.9197097 0.006735203
  0.9132856 0.007316018
  0.9068619 0.007905493
  0.9004396 0.008503789
  0.8940193 0.009111111
  0.8876012 0.009727725
  0.8811845 0.01035393
  0.8747682 0.01098981
  0.8683515 0.01163518
  0.8619336 0.01228988
  0.8555142 0.01295369
  0.8490932 0.01362638
  0.8426707 0.01430768
  0.836247 0.01499736
  0.8298224 0.01569519
  0.8233971 0.01640097
  0.8169712 0.01711449
  0.8105447 0.01783558
  0.8041176 0.01856404
  0.7976895 0.0192997
  0.7912604 0.02004234
  0.7848302 0.02079173
  0.7783986 0.02154764
  0.7719655 0.02230985
  0.7655311 0.0230781
  0.7590951 0.02385217
  0.7526578 0.02463179
  0.746219 0.02541673
  0.7397788 0.02620674
  0.7333372 0.0270016
  0.7268942 0.02780107
  0.7204498 0.02860491
  0.714004 0.02941288
  0.7075566 0.03022477
  0.7011076 0.03104031
  0.694657 0.03185928
  0.6882048 0.03268143
  0.6817508 0.0335065
  0.675295 0.03433425
  0.6688375 0.03516442
  0.6623783 0.03599675
  0.6559173 0.03683099
  0.6494547 0.03766686
  0.6429906 0.03850405
  0.636525 0.03934226
  0.6300584 0.04018118
  0.623591 0.04102048
  0.6171233 0.04185982
  0.6106557 0.04269886
  0.6041888 0.04353724
  0.5977231 0.04437457
  0.5912592 0.04521046
  0.5847974 0.04604455
  0.578338 0.04687648
  0.5718813 0.04770589
  0.5654272 0.04853245
  0.558976 0.04935585
  0.5525275 0.05017576
  0.5460815 0.05099185
  0.5396381 0.05180378
  0.533197 0.05261118
  0.5267583 0.0534137
  0.520322 0.05421096
  0.5138881 0.05500262
  0.5074567 0.05578828
  0.5010278 0.05656759
  0.4946016 0.0573401
  0.4881782 0.0581053
  0.4817576 0.05886271
  0.4753401 0.05961182
  0.4689257 0.06035215
  0.4625146 0.06108322
  0.4561069 0.06180453
  0.4497026 0.0625156
  0.4433019 0.06321591
  0.4369049 0.06390493
  0.4305115 0.06458213
  0.4241217 0.06524698
  0.4177353 0.06589898
  0.411352 0.06653762
  0.4049717 0.06716241
  0.3985939 0.06777286
  0.3922184 0.06836836
  0.3858453 0.06894826
  0.3794752 0.06951185
  0.3731089 0.07005841
  0.3667477 0.07058721
  0.3603933 0.07109749
  0.3540477 0.07158848
  0.3477133 0.07205901
  0.3413922 0.07250685
  0.3350864 0.07292967
  0.3287972 0.07332525
  0.3225258 0.07369143
  0.316273 0.07402617
  0.3100392 0.07432747
  0.3038245 0.07459342
  0.2976288 0.07482223
  0.2914515 0.07501218
  0.2852914 0.0751616
  0.2791468 0.0752688
  0.2730154 0.0753321
  0.2668945 0.07534974
  0.2607808 0.07532012
  0.2546711 0.07524302
  0.248563 0.07511872
  0.2424547 0.07494746
  0.2363452 0.07472943
  0.2302345 0.07446483
  0.224123 0.07415387
  0.2180122 0.07379673
  0.2119036 0.0733933
  0.2057989 0.07294351
  0.1997001 0.07244732
  0.193609 0.07190475
  0.1875276 0.07131588
  0.1814578 0.07068071
  0.175402 0.06999854
  0.1693621 0.06926843
  0.1633397 0.0684895
  0.1573366 0.06766085
  0.1513539 0.06678165
  0.1453929 0.06585094
  0.1394551 0.06486749
  0.1335425 0.06383013
  0.1276576 0.06273783
  0.1218033 0.06158974
  0.1159829 0.06038519
  0.1102004 0.05912291
  0.104461 0.05780122
  0.09877026 0.05641882
  0.09313428 0.05497486
  0.08755955 0.05346894
  0.08205389 0.05189998
  0.07662742 0.05026648
  0.07129154 0.04856816
  0.06605835 0.04680608
  0.06094042 0.04498228
  0.05595425 0.0430988
  0.0511212 0.04116042
  0.04646413 0.03917554
  0.0420043 0.03715519
  0.03776416 0.0351113
  0.03377397 0.03306012
  0.03006155 0.03102316
  0.02664302 0.02902201
  0.02352104 0.0270739
  0.02069396 0.02519112
  0.01815373 0.02338455
  0.01588276 0.0216613
  0.01385658 0.02002363
  0.01204857 0.01846972
  0.01043841 0.01699557
  0.009009011 0.01559804
  0.007742746 0.01427403
  0.006621806 0.01301969
  0.005629028 0.01183053
  0.004748553 0.01070167
  0.003966894 0.009628117
  0.003275273 0.008604873
  0.002666157 0.007627628
  0.002132204 0.006692642
  0.001666489 0.005796561
  0.001263775 0.004935798
  0.0009197338 0.004105472
  0.0006301545 0.003300175
  0.0003934992 0.002517326
  0.0002102054 0.001759635
  8.05866e-05 0.001032228
  9.759279e-06 0.000332492
  6.39468e-06 -0.0003586623
  9.273197e-05 -0.001055482
  0.0002979075 -0.001753941
  0.0006121574 -0.002447489
  0.001012258 -0.003134282
  0.001486474 -0.003821417
  0.002027724 -0.004515857
  0.00263748 -0.00522062
  0.003317623 -0.0059391
  0.00407201 -0.006675436
  0.004907389 -0.007434643
  0.005831175 -0.008223009
  0.006854492 -0.009045862
  0.007991973 -0.009908215
  0.009260444 -0.01081613
  0.01067901 -0.01177678
  0.01227165 -0.01279647
  0.01406617 -0.01388009
  0.01609085 -0.01503103
  0.01837094 -0.01625033
  0.02092524 -0.01753692
  0.02376772 -0.01889096
  0.02692021 -0.02031445
  0.03040728 -0.02180334
  0.03423938 -0.02334743
  0.0384073 -0.02493136
  0.04288564 -0.02653846
  0.04764254 -0.02815094
  0.05263545 -0.02974837
  0.05781456 -0.03131279
  0.06313545 -0.03283255
  0.06857024 -0.03430269
  0.07410229 -0.03571955
  0.07971648 -0.03708041
  0.08539924 -0.03838396
  0.0911394 -0.0396302
  0.09692866 -0.04081948
  0.1027605 -0.04195188
  0.1086292 -0.04302794
  0.1145302 -0.0440486
  0.12046 -0.04501522
  0.1264163 -0.04592919
  0.1323976 -0.04679161
  0.1384025 -0.04760362
  0.1444294 -0.04836643
  0.1504771 -0.04908132
  0.1565444 -0.0497496
  0.1626302 -0.05037249
  0.1687338 -0.05095121
  0.1748546 -0.05148699
  0.1809922 -0.05198112
  0.1871466 -0.05243491
  0.1933176 -0.05284972
  0.1995056 -0.05322698
  0.2057105 -0.0535682
  0.2119323 -0.05387491
  0.2181704 -0.05414861
  0.224424 -0.05439086
  0.230692 -0.05460321
  0.2369731 -0.05478709
  0.243266 -0.05494346
  0.2495694 -0.05507319
  0.2558823 -0.05517722
  0.2622039 -0.0552565
  0.2685334 -0.05531199
  0.2748703 -0.0553447
  0.2812141 -0.05535552
  0.2875645 -0.05534516
  0.2939214 -0.0553143
  0.3002845 -0.05526365
  0.3066537 -0.05519388
  0.3130287 -0.05510572
  0.3194097 -0.05499985
  0.3257964 -0.05487699
  0.3321889 -0.05473779
  0.3385871 -0.05458288
  0.3449909 -0.05441293
  0.3514 -0.05422859
  0.3578143 -0.05403051
  0.3642333 -0.05381938
  0.3706566 -0.05359587
  0.3770839 -0.05336056
  0.3835146 -0.05311382
  0.3899485 -0.05285604
  0.3963852 -0.05258759
  0.4028244 -0.05230886
  0.409266 -0.05202021
  0.4157099 -0.05172204
  0.422156 -0.05141471
  0.4286042 -0.05109853
  0.4350545 -0.05077377
  0.4415069 -0.05044068
  0.4479612 -0.05009953
  0.4544172 -0.04975057
  0.4608749 -0.04939409
  0.4673338 -0.04903035
  0.4737938 -0.04865962
  0.4802545 -0.04828208
  0.4867157 -0.04789778
  0.4931771 -0.04750677
  0.4996385 -0.04710912
  0.5060998 -0.04670487
  0.5125608 -0.04629408
  0.5190214 -0.04587678
  0.5254816 -0.04545302
  0.5319415 -0.04502284
  0.5384011 -0.04458628
  0.5448603 -0.04414336
  0.5513193 -0.04369411
  0.5577782 -0.04323856
  0.5642371 -0.04277673
  0.5706961 -0.04230866
  0.5771554 -0.04183436
  0.5836151 -0.04135388
  0.5900754 -0.04086737
  0.5965365 -0.04037496
  0.6029983 -0.03987679
  0.609461 -0.039373
  0.6159246 -0.03886374
  0.6223889 -0.03834916
  0.6288541 -0.03782941
  0.6353198 -0.03730463
  0.6417861 -0.03677491
  0.6482528 -0.03624033
  0.6547198 -0.035701
  0.6611871 -0.035157
  0.6676546 -0.03460842
  0.6741222 -0.03405535
  0.6805899 -0.03349787
  0.6870576 -0.03293606
  0.6935253 -0.03236994
  0.6999929 -0.03179956
  0.7064605 -0.03122495
  0.7129279 -0.03064614
  0.7193953 -0.03006318
  0.7258625 -0.02947611
  0.7323296 -0.02888494
  0.7387965 -0.02828971
  0.7452634 -0.02769045
  0.7517301 -0.02708718
  0.7581966 -0.02647993
  0.7646629 -0.02586872
  0.7711289 -0.02525358
  0.7775947 -0.02463455
  0.7840602 -0.02401161
  0.7905252 -0.02338477
  0.7969899 -0.02275402
  0.803454 -0.02211937
  0.8099176 -0.0214808
  0.8163805 -0.02083832
  0.8228427 -0.02019191
  0.829304 -0.01954151
  0.8357645 -0.01888707
  0.8422239 -0.01822853
  0.8486821 -0.01756583
  0.8551391 -0.01689892
  0.8615947 -0.01622774
  0.8680486 -0.01555218
  0.8745008 -0.01487215
  0.8809509 -0.01418754
  0.8873986 -0.01349828
  0.8938436 -0.01280426
  0.9002853 -0.01210525
  0.9067225 -0.01140088
  0.9131528 -0.01069085
  0.9195732 -0.009975007
  0.9259798 -0.009253253
  0.9323673 -0.008524764
  0.9387297 -0.007788055
  0.9450596 -0.00704182
  0.951349 -0.006284986
  0.9575872 -0.005517019
  0.9637544 -0.004738898
  0.9698202 -0.003953363
  0.9757458 -0.003166577
  0.9814682 -0.00239843
  0.9868925 -0.001674639
  0.9919251 -0.00101602
  0.996477 -0.000436146
  1.0 0.0
