MH 112  Airfoil
  1.0 0.0
  0.9964036 0.001397889
  0.9921108 0.003146913
  0.9876273 0.005039337
  0.9829319 0.007055556
  0.9780253 0.009172534
  0.9729098 0.01136755
  0.967578 0.01361829
  0.9620176 0.01591773
  0.956218 0.01826729
  0.9501685 0.02066853
  0.9438594 0.02312412
  0.9372847 0.02563882
  0.930446 0.02821672
  0.9233546 0.03085996
  0.9160321 0.03356465
  0.9085047 0.03632146
  0.9008006 0.03912081
  0.8929468 0.04195392
  0.8849678 0.04481195
  0.8768864 0.04768556
  0.8687243 0.05056605
  0.8605003 0.05344585
  0.8522302 0.05631836
  0.8439277 0.05917759
  0.8356043 0.06201837
  0.8272694 0.06483641
  0.8189302 0.06762825
  0.8105923 0.07039097
  0.8022602 0.07312203
  0.7939378 0.07581925
  0.7856278 0.07848081
  0.7773324 0.08110521
  0.7690532 0.0836911
  0.7607918 0.08623727
  0.7525493 0.08874262
  0.7443269 0.09120614
  0.7361254 0.09362685
  0.7279457 0.09600373
  0.7197887 0.09833576
  0.7116555 0.100622
  0.703547 0.1028614
  0.6954643 0.1050531
  0.6874079 0.107196
  0.6793779 0.1092891
  0.6713735 0.1113317
  0.6633933 0.1133234
  0.6554354 0.1152638
  0.6474977 0.1171528
  0.6395781 0.1189906
  0.6316743 0.1207773
  0.6237842 0.122513
  0.6159057 0.1241978
  0.6080367 0.1258316
  0.6001755 0.1274148
  0.5923207 0.1289476
  0.5844717 0.1304302
  0.5766282 0.1318626
  0.5687905 0.1332448
  0.5609592 0.1345767
  0.5531352 0.1358578
  0.5453193 0.1370879
  0.5375121 0.1382666
  0.529714 0.1393939
  0.5219253 0.1404693
  0.5141463 0.1414928
  0.5063771 0.1424643
  0.4986184 0.1433834
  0.4908708 0.1442501
  0.4831352 0.1450641
  0.4754128 0.1458253
  0.4677047 0.1465334
  0.4600125 0.1471881
  0.4523378 0.1477889
  0.4446821 0.1483355
  0.4370475 0.1488275
  0.4294356 0.1492647
  0.4218485 0.1496468
  0.4142879 0.149973
  0.406755 0.1502429
  0.3992504 0.1504558
  0.3917741 0.1506113
  0.3843257 0.1507088
  0.3769044 0.1507479
  0.3695091 0.1507284
  0.3621385 0.1506504
  0.3547912 0.1505136
  0.3474654 0.1503178
  0.3401596 0.1500628
  0.3328717 0.1497483
  0.3256005 0.1493749
  0.318346 0.1489431
  0.3111094 0.1484537
  0.3038933 0.1479074
  0.2967014 0.1473051
  0.2895385 0.1466479
  0.2824101 0.1459362
  0.2753219 0.1451702
  0.2682799 0.1443509
  0.26129 0.1434789
  0.2543582 0.1425555
  0.2474903 0.1415814
  0.2406918 0.1405565
  0.2339669 0.1394809
  0.2273189 0.1383547
  0.2207502 0.1371779
  0.2142623 0.1359507
  0.2078564 0.1346735
  0.2015338 0.1333465
  0.195296 0.1319706
  0.1891447 0.1305464
  0.1830815 0.1290748
  0.1771081 0.1275571
  0.1712264 0.1259946
  0.1654391 0.1243887
  0.1597487 0.1227415
  0.1541584 0.121055
  0.148671 0.1193316
  0.1432894 0.1175739
  0.1380168 0.1157841
  0.1328562 0.1139648
  0.1278107 0.1121186
  0.1228826 0.1102483
  0.1180742 0.1083568
  0.1133869 0.1064469
  0.1088223 0.1045215
  0.104382 0.1025831
  0.1000669 0.1006346
  0.09587776 0.09867859
  0.09181445 0.096718
  0.08787652 0.09475545
  0.08406326 0.09279335
  0.08037394 0.09083389
  0.07680747 0.08887921
  0.07336235 0.0869314
  0.07003664 0.08499243
  0.06682804 0.08306412
  0.06373389 0.0811481
  0.0607517 0.07924569
  0.05787906 0.07735801
  0.05511337 0.07548616
  0.05245182 0.0736311
  0.04989145 0.07179374
  0.04742912 0.06997483
  0.04506159 0.06817503
  0.04278568 0.0663948
  0.0405986 0.06463437
  0.03849753 0.06289385
  0.03647958 0.06117331
  0.0345418 0.05947272
  0.03268124 0.05779202
  0.03089494 0.05613108
  0.02917998 0.05448973
  0.02753355 0.05286774
  0.02595338 0.05126473
  0.0244376 0.04968027
  0.02298434 0.04811399
  0.02159173 0.04656555
  0.02025789 0.04503465
  0.01898096 0.04352099
  0.0177591 0.0420243
  0.01659046 0.04054431
  0.01547323 0.03908075
  0.0144058 0.03763343
  0.01338683 0.03620218
  0.01241497 0.03478673
  0.01148875 0.03338666
  0.01060673 0.03200148
  0.009767445 0.03063063
  0.008969473 0.0292735
  0.00821143 0.02792948
  0.007491986 0.02659791
  0.00680987 0.02527816
  0.006163915 0.02396961
  0.005553282 0.02267189
  0.004977344 0.02138493
  0.004435564 0.02010885
  0.003927453 0.01884392
  0.003452543 0.01759054
  0.003010361 0.01634922
  0.002600408 0.01512051
  0.002222148 0.01390501
  0.001874997 0.01270331
  0.001558319 0.01151604
  0.001271532 0.01034382
  0.001014512 0.00918742
  0.0007871147 0.008047085
  0.0005890649 0.00692253
  0.0004200369 0.005813049
  0.0002797199 0.004717612
  0.0001678692 0.003634939
  8.434737e-05 0.002563541
  2.916022e-05 0.001501759
  2.490997e-06 0.0004477649
  4.735945e-06 -0.0006004342
  3.660811e-05 -0.001644981
  9.986884e-05 -0.002687471
  0.000196993 -0.003728285
  0.0003305404 -0.004766623
  0.0005033397 -0.005800385
  0.0007184612 -0.006827239
  0.0009791056 -0.007845153
  0.001288862 -0.008851294
  0.001651658 -0.009842036
  0.00207265 -0.01081298
  0.002565103 -0.01175466
  0.003146247 -0.01265228
  0.003832866 -0.01348035
  0.004624282 -0.01422776
  0.005492702 -0.01490804
  0.006418725 -0.01553619
  0.007390866 -0.01612659
  0.008404191 -0.01668601
  0.009456506 -0.01721797
  0.01054546 -0.01772612
  0.01167014 -0.01821349
  0.01283026 -0.01868303
  0.01402534 -0.01913793
  0.01525587 -0.0195798
  0.01652318 -0.02000891
  0.01782866 -0.02042554
  0.01917377 -0.02083006
  0.02055998 -0.02122293
  0.02198879 -0.02160471
  0.02346172 -0.02197609
  0.02498024 -0.02233791
  0.02654634 -0.02269047
  0.02816254 -0.02303354
  0.02983156 -0.02336691
  0.03155633 -0.02369036
  0.03333996 -0.02400376
  0.03518577 -0.02430701
  0.03709733 -0.02460011
  0.03907841 -0.02488316
  0.04113306 -0.02515637
  0.04326555 -0.02542016
  0.04548042 -0.02567508
  0.04778286 -0.02592099
  0.05017863 -0.02615716
  0.05267393 -0.02638284
  0.0552754 -0.02659724
  0.05799011 -0.0267996
  0.06082564 -0.02698914
  0.06379002 -0.02716518
  0.06689186 -0.0273271
  0.07014037 -0.02747446
  0.07354551 -0.02760652
  0.07711797 -0.0277217
  0.0808688 -0.0278182
  0.08480921 -0.02789416
  0.08895042 -0.0279477
  0.09330349 -0.02797699
  0.09787931 -0.02798033
  0.1026888 -0.02795623
  0.1077427 -0.02790261
  0.1130508 -0.02781697
  0.1186202 -0.02769694
  0.1244557 -0.02754051
  0.1305592 -0.02734613
  0.1369305 -0.02711291
  0.1435678 -0.02683998
  0.1504664 -0.02652604
  0.1576178 -0.02617032
  0.1650102 -0.02577272
  0.1726299 -0.02533388
  0.1804635 -0.02485498
  0.188498 -0.02433703
  0.1967191 -0.02378117
  0.2051112 -0.02318909
  0.2136586 -0.02256291
  0.2223463 -0.02190512
  0.231161 -0.02121794
  0.2400901 -0.02050319
  0.2491216 -0.0197628
  0.2582442 -0.01899884
  0.2674484 -0.01821341
  0.2767263 -0.01740849
  0.2860711 -0.01658569
  0.2954765 -0.01574655
  0.3049367 -0.01489267
  0.3144465 -0.01402565
  0.3240016 -0.01314706
  0.333598 -0.01225828
  0.3432314 -0.01136058
  0.3528976 -0.01045529
  0.3625918 -0.009543791
  0.3723089 -0.008627525
  0.3820437 -0.007707885
  0.3917905 -0.006785989
  0.4015436 -0.005862919
  0.4112969 -0.004939777
  0.4210444 -0.004017677
  0.4307798 -0.003097747
  0.440497 -0.002181358
  0.4501901 -0.001270244
  0.4598542 -0.0003660919
  0.4694848 0.0005295041
  0.4790783 0.001415047
  0.4886315 0.002289134
  0.4981421 0.003150246
  0.5076086 0.003996681
  0.5170306 0.004826852
  0.5264087 0.005639306
  0.5357441 0.006432709
  0.5450393 0.007205829
  0.5542969 0.007957672
  0.56352 0.008687658
  0.5727109 0.00939524
  0.5818716 0.01007984
  0.5910039 0.01074087
  0.6001089 0.01137768
  0.6091878 0.01198966
  0.618241 0.01257625
  0.6272692 0.01313694
  0.6362725 0.01367123
  0.6452512 0.01417861
  0.6542053 0.01465858
  0.6631346 0.01511064
  0.6720391 0.01553427
  0.6809183 0.01592893
  0.6897719 0.01629406
  0.6985994 0.01662916
  0.7074003 0.01693371
  0.716174 0.01720722
  0.72492 0.01744921
  0.7336374 0.01765916
  0.7423249 0.01783655
  0.7509809 0.01798089
  0.7596035 0.01809173
  0.7681904 0.01816866
  0.7767391 0.01821129
  0.7852467 0.01821905
  0.79371 0.01819137
  0.8021253 0.01812775
  0.8104889 0.01802778
  0.8187967 0.01789116
  0.8270444 0.01771768
  0.8352271 0.01750704
  0.8433386 0.01725909
  0.8513718 0.01697386
  0.8593185 0.01665163
  0.8671703 0.01629292
  0.8749182 0.01589803
  0.8825517 0.01546683
  0.8900593 0.01499955
  0.8974288 0.01449694
  0.9046481 0.01396021
  0.9117062 0.0133905
  0.9185934 0.01278713
  0.9253031 0.01214943
  0.9318313 0.0114772
  0.9381767 0.01077069
  0.9443394 0.01003035
  0.9503203 0.009256324
  0.9561201 0.008449107
  0.9617397 0.007609697
  0.9671808 0.006739479
  0.9724452 0.005839502
  0.9775362 0.004910048
  0.9824582 0.003951534
  0.987217 0.002964599
  0.991818 0.001951214
  0.9962656 0.0009146817
  1.0 0.0
