NACA 1-H-15 AIRFOIL
  1.0 0.0
  0.9963977 0.0002583714
  0.9920157 0.0005538709
  0.9873731 0.000844499
  0.9824573 0.001127118
  0.9772637 0.001397723
  0.9718008 0.001651432
  0.966095 0.001882665
  0.9601948 0.002085615
  0.9541709 0.002255017
  0.9481104 0.002387182
  0.9421042 0.002490595
  0.9362261 0.002590809
  0.9305205 0.002712244
  0.9250058 0.002875235
  0.9196821 0.003096172
  0.9145373 0.003388399
  0.9095527 0.003763339
  0.9047055 0.004231581
  0.8999709 0.004803896
  0.8953223 0.005488859
  0.8907329 0.006283891
  0.8861789 0.007185306
  0.8816396 0.008191134
  0.8770959 0.009300837
  0.8725299 0.01051512
  0.8679239 0.01183581
  0.8632602 0.01326581
  0.8585208 0.01480907
  0.8536865 0.01647056
  0.8487368 0.01825627
  0.8436499 0.02017317
  0.8384017 0.02222907
  0.8329665 0.02443241
  0.8273167 0.02679168
  0.8214241 0.02931449
  0.8152617 0.03200572
  0.8088083 0.03486464
  0.8020557 0.03788031
  0.79502 0.04102651
  0.7878927 0.04420656
  0.7809319 0.0473014
  0.774075 0.05033557
  0.7672632 0.05333185
  0.7604472 0.05630835
  0.753584 0.05927997
  0.7466343 0.06225916
  0.7395617 0.0652563
  0.7323957 0.06825334
  0.725352 0.0711565
  0.7184526 0.07395561
  0.7116872 0.07665427
  0.7050408 0.07925811
  0.6984954 0.08177391
  0.6920316 0.08420878
  0.6856329 0.08656878
  0.6792855 0.08885862
  0.6729776 0.09108201
  0.666699 0.09324174
  0.6604408 0.09533991
  0.6541955 0.09737796
  0.6479563 0.09935681
  0.6417175 0.1012769
  0.635474 0.1031382
  0.6292215 0.1049404
  0.6229564 0.1066826
  0.6166757 0.108364
  0.6103772 0.1099829
  0.6040592 0.111538
  0.5977208 0.1130273
  0.5913617 0.1144497
  0.5849822 0.1158057
  0.5785827 0.1170957
  0.5721633 0.1183202
  0.5657244 0.1194795
  0.559266 0.1205742
  0.5527885 0.1216046
  0.5462918 0.1225711
  0.5397762 0.1234742
  0.5332416 0.1243141
  0.5266882 0.1250912
  0.520116 0.125806
  0.5135248 0.1264586
  0.5069148 0.1270494
  0.5002856 0.1275786
  0.4936372 0.1280466
  0.4869692 0.128454
  0.4802813 0.1288014
  0.4735731 0.1290894
  0.4668446 0.1293188
  0.4600958 0.12949
  0.453327 0.1296039
  0.4465386 0.1296609
  0.439731 0.1296618
  0.4329049 0.1296071
  0.4260612 0.1294977
  0.4192009 0.1293343
  0.4123252 0.1291176
  0.4054356 0.1288484
  0.3985336 0.1285276
  0.391621 0.128156
  0.3846994 0.1277337
  0.3777704 0.127261
  0.3708356 0.126738
  0.3638965 0.1261651
  0.3569544 0.1255425
  0.3500109 0.1248707
  0.3430671 0.1241498
  0.3361244 0.1233804
  0.329184 0.1225628
  0.3222469 0.1216975
  0.3153144 0.1207848
  0.3083872 0.1198252
  0.3014665 0.1188192
  0.2945529 0.1177672
  0.2876473 0.1166694
  0.2807499 0.1155257
  0.2738607 0.1143364
  0.2669797 0.1131012
  0.2601062 0.11182
  0.2532395 0.1104927
  0.2463783 0.1091189
  0.2395215 0.1076986
  0.2326684 0.1062319
  0.2258191 0.1047191
  0.2189742 0.1031608
  0.2121354 0.1015577
  0.205305 0.09991068
  0.198486 0.09822091
  0.1916822 0.09648955
  0.1848975 0.09471726
  0.1781352 0.09290459
  0.1713983 0.09105207
  0.1646892 0.08916012
  0.1580099 0.08722914
  0.1513617 0.08525941
  0.144746 0.08325101
  0.1381655 0.08120336
  0.1316271 0.07911675
  0.1251414 0.07699298
  0.1187224 0.07483542
  0.1123869 0.07264893
  0.1061533 0.0704397
  0.1000406 0.06821496
  0.09406802 0.06598216
  0.08825736 0.06374755
  0.08263015 0.06151811
  0.07720536 0.05930152
  0.07199777 0.05710538
  0.06701573 0.05493614
  0.06226387 0.05279993
  0.05774439 0.05070297
  0.05345616 0.04865075
  0.04939452 0.0466476
  0.04555515 0.04469837
  0.04194262 0.04281284
  0.0385632 0.04100175
  0.03541906 0.03927374
  0.03250641 0.03763402
  0.02981584 0.03608425
  0.02733379 0.03462306
  0.02504433 0.03324692
  0.02293017 0.03194731
  0.02097365 0.03070295
  0.01915978 0.02949629
  0.01747547 0.02831577
  0.01590882 0.02715392
  0.01444879 0.02600598
  0.01308514 0.02486897
  0.01180879 0.02374133
  0.01061597 0.02262648
  0.009505249 0.02152953
  0.008473425 0.02045321
  0.007516478 0.01939857
  0.006630201 0.01836573
  0.005810523 0.0173542
  0.00505367 0.01636318
  0.00435623 0.0153917
  0.003715168 0.0144387
  0.003127817 0.01350309
  0.002591856 0.01258383
  0.002105288 0.01167987
  0.001666414 0.01079022
  0.001273808 0.009913926
  0.0009263002 0.009050081
  0.0006229598 0.008197816
  0.0003630814 0.007356301
  0.0001461765 0.006524738
  -2.803214e-05 0.005702359
  -0.0001596124 0.004888414
  -0.0002484204 0.004082176
  -0.0002940949 0.003282925
  -0.0002960455 0.002489945
  -0.0002534372 0.001702518
  -0.000165168 0.0009199156
  -2.983799e-05 0.000141388
  0.000153982 -0.0006337741
  0.0003859358 -0.001405789
  0.0006650656 -0.002174587
  0.0009906843 -0.002939999
  0.001362355 -0.00370175
  0.001779875 -0.004459447
  0.002243262 -0.005212569
  0.002752745 -0.005960444
  0.003308764 -0.006702224
  0.003911962 -0.007436855
  0.004563192 -0.008163031
  0.00526351 -0.008879146
  0.006014184 -0.009583222
  0.006816688 -0.01027282
  0.007672697 -0.01094493
  0.008584077 -0.0115958
  0.00955285 -0.01222079
  0.01058114 -0.01281406
  0.01167107 -0.01336825
  0.01282462 -0.01387409
  0.01404518 -0.01432422
  0.01533968 -0.01471809
  0.01671655 -0.01505662
  0.0181856 -0.01534191
  0.01975812 -0.01557797
  0.02144693 -0.01577181
  0.02326602 -0.01593524
  0.0252295 -0.01608747
  0.0273509 -0.01624996
  0.02964563 -0.01642653
  0.03212822 -0.01661651
  0.03480968 -0.01681795
  0.03769543 -0.01702721
  0.04078427 -0.01723862
  0.04407005 -0.01744449
  0.04754785 -0.01763537
  0.05122524 -0.01780041
  0.05513333 -0.01793272
  0.05931881 -0.01803401
  0.06383677 -0.01810841
  0.06874662 -0.01816323
  0.07409877 -0.01821154
  0.07990143 -0.01827165
  0.08609971 -0.01834551
  0.09260348 -0.01842372
  0.09932388 -0.01849398
  0.106211 -0.01854458
  0.1132492 -0.01857452
  0.120425 -0.01858705
  0.127723 -0.01858608
  0.1351256 -0.01857612
  0.1426143 -0.01856221
  0.15017 -0.01854978
  0.1577736 -0.01854302
  0.1654077 -0.01854041
  0.1730573 -0.01853902
  0.1807108 -0.01853586
  0.18836 -0.01852794
  0.1959999 -0.01851228
  0.2036293 -0.01848608
  0.2112497 -0.01844973
  0.2188637 -0.01840706
  0.2264746 -0.01836201
  0.2340864 -0.01831851
  0.2417035 -0.01828049
  0.2493313 -0.01825192
  0.2569755 -0.01823601
  0.2646415 -0.0182319
  0.2723335 -0.01823734
  0.2800534 -0.01825008
  0.2878018 -0.01826782
  0.2955769 -0.01828819
  0.3033751 -0.01830881
  0.3111912 -0.01832849
  0.3190197 -0.01834753
  0.3268557 -0.01836631
  0.3346949 -0.0183852
  0.3425336 -0.0184046
  0.3503688 -0.0184249
  0.358198 -0.01844647
  0.3660196 -0.01846972
  0.3738324 -0.01849502
  0.381636 -0.01852276
  0.3894305 -0.01855332
  0.3972168 -0.01858707
  0.4049961 -0.01862438
  0.4127704 -0.01866507
  0.4205412 -0.01870864
  0.4283102 -0.01875459
  0.4360785 -0.0188024
  0.4438474 -0.01885156
  0.4516178 -0.01890157
  0.4593905 -0.01895192
  0.4671661 -0.01900209
  0.474945 -0.01905157
  0.4827275 -0.01909985
  0.4905137 -0.0191464
  0.4983033 -0.0191907
  0.5060961 -0.01923227
  0.5138917 -0.01927095
  0.5216897 -0.0193067
  0.5294894 -0.01933951
  0.5372903 -0.01936937
  0.545092 -0.01939625
  0.5528937 -0.01942014
  0.5606949 -0.01944102
  0.5684949 -0.01945888
  0.576293 -0.0194737
  0.5840885 -0.01948547
  0.5918806 -0.01949419
  0.5996687 -0.01949983
  0.6074519 -0.01950231
  0.6152294 -0.01950118
  0.6230005 -0.0194959
  0.6307646 -0.01948591
  0.6385211 -0.0194707
  0.6462695 -0.01944971
  0.6540092 -0.01942242
  0.66174 -0.01938831
  0.6694613 -0.01934685
  0.677173 -0.01929754
  0.6848747 -0.01923987
  0.6925664 -0.01917332
  0.7002479 -0.0190974
  0.7079191 -0.01901165
  0.71558 -0.0189158
  0.7232309 -0.01880959
  0.7308721 -0.01869277
  0.7385041 -0.01856509
  0.7461277 -0.01842628
  0.7537437 -0.01827609
  0.7613531 -0.01811424
  0.7689572 -0.01794045
  0.7765572 -0.01775443
  0.7841548 -0.01755587
  0.7917516 -0.01734446
  0.7993494 -0.01711985
  0.8069502 -0.01688162
  0.8145555 -0.01662885
  0.8221652 -0.01636054
  0.8297776 -0.01607573
  0.8373898 -0.01577354
  0.8449968 -0.01545319
  0.8525926 -0.01511401
  0.8601695 -0.01475548
  0.8677185 -0.01437724
  0.8752294 -0.0139791
  0.8826913 -0.01356109
  0.8900924 -0.01312343
  0.8974206 -0.01266655
  0.9046638 -0.01219072
  0.9118075 -0.01169192
  0.9188328 -0.01116407
  0.9257178 -0.01060249
  0.9324394 -0.01000404
  0.9389756 -0.009367144
  0.945307 -0.008691721
  0.9514182 -0.007978961
  0.957299 -0.007232598
  0.9629459 -0.00645949
  0.9683611 -0.005665974
  0.973551 -0.00485742
  0.9785245 -0.004038292
  0.983292 -0.003212248
  0.9878649 -0.002382249
  0.9922548 -0.00155067
  0.9964729 -0.0007194029
  1.0 0.0
