NACA 6-H-20 AIRFOIL
  1.0 0.0
  0.9958896 0.0004243045
  0.9908882 0.0009433374
  0.9855864 0.001496853
  0.9799677 0.002087162
  0.9740242 0.002715745
  0.9677623 0.003382613
  0.9612096 0.004085531
  0.9544199 0.004819331
  0.9474749 0.005575807
  0.9404758 0.006351278
  0.933517 0.007152209
  0.9266668 0.007987034
  0.9199635 0.008865005
  0.9134196 0.009796029
  0.9070281 0.01079084
  0.9007675 0.01186149
  0.8946061 0.01302009
  0.8885076 0.01426939
  0.8824397 0.01560944
  0.8763742 0.01704136
  0.8702854 0.01856723
  0.8641495 0.02018992
  0.8579435 0.021913
  0.8516455 0.02374062
  0.8452337 0.02567733
  0.8386869 0.02772789
  0.8319851 0.02989687
  0.8251097 0.03218816
  0.8180454 0.03460407
  0.8107821 0.03714425
  0.8033184 0.03980403
  0.7956654 0.04257285
  0.7878479 0.04543899
  0.7798976 0.04839206
  0.7718485 0.05142017
  0.7637353 0.05451051
  0.7555911 0.05765017
  0.7474454 0.06082689
  0.7393234 0.0640297
  0.7312447 0.06724939
  0.7232231 0.07047873
  0.7152669 0.0737126
  0.707379 0.07694795
  0.6995578 0.08018364
  0.6917974 0.08341916
  0.6840897 0.08665074
  0.6764281 0.08987342
  0.6688076 0.0930818
  0.6612251 0.09627002
  0.6536787 0.09943183
  0.646168 0.1025606
  0.6386939 0.1056496
  0.6312583 0.1086917
  0.6238644 0.1116798
  0.6165161 0.1146069
  0.609218 0.1174659
  0.6019756 0.1202503
  0.5947946 0.1229538
  0.5876811 0.1255705
  0.5806395 0.1280959
  0.5736717 0.1305265
  0.5667778 0.1328603
  0.5599558 0.1350959
  0.5532028 0.1372328
  0.5465144 0.1392709
  0.5398854 0.1412103
  0.5333097 0.1430515
  0.5267808 0.1447951
  0.5202914 0.1464415
  0.5138337 0.1479912
  0.5073995 0.1494444
  0.5009797 0.1508013
  0.4945652 0.152062
  0.4881474 0.1532296
  0.4817191 0.1543077
  0.4752734 0.1552995
  0.4688038 0.1562075
  0.4623045 0.1570338
  0.4557699 0.1577801
  0.4491949 0.1584478
  0.4425747 0.159038
  0.4359047 0.1595514
  0.4291808 0.1599886
  0.4223993 0.1603499
  0.415557 0.1606355
  0.4086509 0.1608453
  0.4016789 0.1609792
  0.3946394 0.161037
  0.3875307 0.1610181
  0.3803524 0.1609218
  0.3731059 0.1607473
  0.3657946 0.1604943
  0.358424 0.1601626
  0.3510025 0.1597526
  0.3435408 0.1592649
  0.3360525 0.1587013
  0.328554 0.1580641
  0.321064 0.1573565
  0.313603 0.1565827
  0.3061932 0.1557476
  0.2988572 0.1548572
  0.2916167 0.1539157
  0.2844847 0.1529224
  0.2774603 0.1518742
  0.2705313 0.1507667
  0.2636758 0.1495935
  0.256863 0.1483456
  0.2500535 0.1470108
  0.2431969 0.1455752
  0.2362429 0.1440325
  0.2291588 0.1423822
  0.2219377 0.1406298
  0.2146067 0.138791
  0.2072345 0.1368944
  0.1999301 0.1349816
  0.1928245 0.1330943
  0.1860182 0.1312416
  0.1795439 0.1294145
  0.1733876 0.1275972
  0.1675118 0.1257707
  0.1618694 0.1239144
  0.1564096 0.1220057
  0.1510795 0.1200188
  0.1458223 0.1179251
  0.140577 0.1157082
  0.1352921 0.1133598
  0.1299284 0.1108748
  0.12446 0.1082544
  0.1188796 0.1055104
  0.1132053 0.1026704
  0.1074874 0.09978178
  0.1018083 0.09691068
  0.0962708 0.09412896
  0.09097182 0.091465
  0.08595444 0.08890368
  0.08121394 0.08641596
  0.07672186 0.08396804
  0.07243987 0.08152579
  0.06832595 0.07907076
  0.06435321 0.07660374
  0.06051353 0.07413487
  0.05681109 0.07168117
  0.05325701 0.06926379
  0.04986436 0.06690479
  0.04664634 0.06462243
  0.04361545 0.06242363
  0.04077321 0.06030764
  0.03811292 0.05826983
  0.03562379 0.05630373
  0.03329346 0.05440226
  0.03110941 0.05255842
  0.02905976 0.05076561
  0.02713355 0.04901779
  0.02532092 0.0473095
  0.02361232 0.04563548
  0.0219951 0.04398928
  0.02045818 0.04236637
  0.01899345 0.04076473
  0.01759475 0.03918404
  0.01625724 0.03762512
  0.01497685 0.03608938
  0.01375004 0.03457846
  0.01257358 0.03309398
  0.01144572 0.03163785
  0.01037025 0.03021373
  0.009350367 0.02882394
  0.008387256 0.02746916
  0.007480815 0.02614897
  0.006630148 0.02486227
  0.005833913 0.02360761
  0.005090541 0.02238331
  0.004398394 0.02118765
  0.003755848 0.02001888
  0.003161361 0.01887529
  0.002613498 0.01775524
  0.00211096 0.01665719
  0.001652587 0.01557966
  0.001237365 0.01452125
  0.0008644278 0.01348066
  0.0005330567 0.01245666
  0.000242677 0.01144807
  -7.141293e-06 0.0104538
  -0.0002166841 0.009472787
  -0.0003860925 0.008504041
  -0.0005153609 0.007546597
  -0.000604333 0.006599529
  -0.0006526957 0.005661936
  -0.0006599713 0.00473294
  -0.0006255063 0.00381167
  -0.0005484569 0.002897265
  -0.000427771 0.001988857
  -0.0002621643 0.001085565
  -5.009161e-05 0.0001864862
  0.0002100318 -0.000709223
  0.0005181415 -0.001601697
  0.0008735351 -0.00249066
  0.001275733 -0.003375727
  0.001724462 -0.004256396
  0.002219648 -0.005132029
  0.002761393 -0.006001843
  0.003349979 -0.006864882
  0.00398585 -0.007719989
  0.004669613 -0.008565778
  0.005402024 -0.009400585
  0.006183987 -0.01022242
  0.00701654 -0.0110289
  0.007900837 -0.01181719
  0.008838129 -0.01258386
  0.009829727 -0.01332481
  0.01087695 -0.01403512
  0.01198105 -0.01470884
  0.01314315 -0.01533909
  0.01436539 -0.01592301
  0.01565106 -0.01646229
  0.01700368 -0.01695944
  0.01842694 -0.01741781
  0.01992458 -0.01784189
  0.02150025 -0.01823768
  0.02315724 -0.01861321
  0.02489804 -0.01897913
  0.02672468 -0.019347
  0.02864208 -0.01971945
  0.03065646 -0.02009593
  0.03277424 -0.0204757
  0.03500202 -0.02085786
  0.0373466 -0.02124133
  0.0398151 -0.02162484
  0.04241517 -0.02200698
  0.04515558 -0.02238624
  0.04804714 -0.02276109
  0.05110445 -0.02313017
  0.05434767 -0.0234934
  0.05780136 -0.02385285
  0.06149368 -0.02421169
  0.06545598 -0.02457455
  0.06972115 -0.02494811
  0.07431954 -0.02534183
  0.079271 -0.02576664
  0.08458022 -0.02622287
  0.09023749 -0.02670356
  0.09622072 -0.02719832
  0.1025035 -0.0276941
  0.1090638 -0.02818031
  0.1158769 -0.02865119
  0.1229127 -0.02910141
  0.1301398 -0.02952615
  0.1375304 -0.02992143
  0.1450662 -0.03028424
  0.1527429 -0.03061259
  0.1605714 -0.03090736
  0.1685636 -0.03117288
  0.1767227 -0.03141404
  0.1850399 -0.03163623
  0.1934906 -0.03184534
  0.2020326 -0.0320478
  0.2106074 -0.03225025
  0.219161 -0.03245951
  0.2276565 -0.03268257
  0.236076 -0.03292638
  0.2444183 -0.03319792
  0.2526972 -0.0335042
  0.2609381 -0.03384554
  0.2691661 -0.03421152
  0.2774017 -0.03459087
  0.2856607 -0.03497217
  0.2939543 -0.0353436
  0.3022894 -0.03569285
  0.3106682 -0.03601262
  0.3190905 -0.03630557
  0.3275553 -0.03657548
  0.3360605 -0.03682629
  0.3446035 -0.03706201
  0.3531805 -0.0372868
  0.3617868 -0.03750489
  0.3704165 -0.0377206
  0.3790631 -0.03793832
  0.3877187 -0.03816243
  0.3963749 -0.03839733
  0.4050219 -0.03864723
  0.4136504 -0.03891482
  0.4222523 -0.03920155
  0.4308219 -0.03950883
  0.4393554 -0.03983803
  0.4478509 -0.04019054
  0.4563085 -0.04056776
  0.4647299 -0.04097114
  0.4731184 -0.04140219
  0.4814789 -0.04186253
  0.4898178 -0.04235391
  0.4981428 -0.04287825
  0.5064632 -0.04343724
  0.5147888 -0.04402917
  0.5231283 -0.04465067
  0.5314886 -0.04529832
  0.5398755 -0.04596859
  0.5482931 -0.04665778
  0.5567438 -0.04736201
  0.5652284 -0.04807717
  0.573746 -0.04879887
  0.5822937 -0.04952247
  0.5908666 -0.05024305
  0.5994579 -0.05095548
  0.6080586 -0.05165439
  0.6166585 -0.05233423
  0.6252454 -0.0529894
  0.6338049 -0.05361433
  0.6423211 -0.05420363
  0.6507771 -0.05475227
  0.659155 -0.05525566
  0.667437 -0.05570985
  0.6756056 -0.05611156
  0.6836446 -0.0564583
  0.6915393 -0.05674841
  0.6992768 -0.05698099
  0.7068461 -0.05715506
  0.714238 -0.0572659
  0.7214489 -0.05730866
  0.7284802 -0.05727973
  0.7353374 -0.05717637
  0.7420282 -0.05699647
  0.7485619 -0.05673827
  0.7549491 -0.05640024
  0.7612005 -0.05598085
  0.7673272 -0.05547848
  0.7733405 -0.05489134
  0.7792513 -0.05421732
  0.7850707 -0.05345395
  0.7908095 -0.05259828
  0.7964786 -0.0516468
  0.8020891 -0.05059545
  0.8076531 -0.04944479
  0.8131842 -0.04820214
  0.8186947 -0.04687464
  0.8241963 -0.04546892
  0.8297003 -0.04399126
  0.8352174 -0.0424477
  0.8407583 -0.0408442
  0.8463335 -0.03918673
  0.8519536 -0.03748144
  0.8576294 -0.03573477
  0.863372 -0.03395359
  0.8691928 -0.03214533
  0.8751038 -0.0303182
  0.8811176 -0.02848138
  0.8872475 -0.02664523
  0.8935074 -0.02482158
  0.8999123 -0.02302406
  0.9064766 -0.02126443
  0.9132066 -0.01953981
  0.9200952 -0.01784499
  0.9271186 -0.016177
  0.9342322 -0.01453553
  0.9413704 -0.01292299
  0.9484501 -0.01134424
  0.9553812 -0.009806455
  0.9620849 -0.008322851
  0.9685071 -0.006904941
  0.9746187 -0.005558694
  0.9804108 -0.004285603
  0.9858888 -0.003084043
  0.9910669 -0.001950486
  0.9959641 -0.0008804165
  1.0 0.0
