NACA 63,3-418
  1.0 1e-05
  0.9961987 0.0006640101
  0.9915989 0.001613173
  0.9866769 0.002588877
  0.9814135 0.003653192
  0.9758035 0.004788366
  0.9698619 0.005988668
  0.9636075 0.007252407
  0.9570668 0.0085792
  0.9502716 0.009965116
  0.9432569 0.01140387
  0.9360579 0.01288881
  0.9287101 0.01441305
  0.9212467 0.01597104
  0.9136964 0.01755895
  0.9060813 0.01917428
  0.8984164 0.02081579
  0.8907099 0.02248347
  0.8829654 0.02417636
  0.8751869 0.02589237
  0.8673795 0.02762926
  0.859548 0.0293856
  0.8516939 0.03116071
  0.8438158 0.03295405
  0.835913 0.03476393
  0.8279869 0.03658798
  0.8200417 0.03842356
  0.8120827 0.04026874
  0.8041149 0.04212174
  0.7961429 0.04398035
  0.7881699 0.04584087
  0.7801978 0.0476995
  0.7722269 0.04955294
  0.7642583 0.05139988
  0.7562956 0.05323957
  0.7483455 0.05507059
  0.7404165 0.05689023
  0.7325145 0.05869454
  0.7246406 0.06048053
  0.716791 0.06224642
  0.7089594 0.06399228
  0.7011418 0.06571874
  0.6933377 0.06742574
  0.6855494 0.06911242
  0.6777806 0.07077683
  0.6700327 0.07241705
  0.6623048 0.07403167
  0.6545939 0.07561989
  0.6468961 0.07718182
  0.6392091 0.07871761
  0.6315322 0.08022708
  0.623866 0.08170972
  0.6162119 0.08316462
  0.6085709 0.08459084
  0.600943 0.0859876
  0.5933276 0.08735427
  0.5857238 0.0886904
  0.5781316 0.08999548
  0.5705519 0.09126882
  0.5629872 0.09250958
  0.5554403 0.09371648
  0.547913 0.09488788
  0.5404052 0.09602242
  0.5329151 0.09711905
  0.525439 0.09817712
  0.5179739 0.09919683
  0.5105186 0.1001783
  0.503074 0.1011214
  0.4956433 0.1020257
  0.4882302 0.1028898
  0.4808375 0.1037121
  0.473466 0.1044911
  0.4661146 0.1052255
  0.4587808 0.1059146
  0.4514621 0.1065581
  0.4441564 0.107156
  0.4368623 0.1077079
  0.4295791 0.1082136
  0.4223065 0.1086727
  0.4150455 0.1090851
  0.4077979 0.1094504
  0.4005665 0.1097683
  0.3933548 0.1100382
  0.386165 0.1102586
  0.3789978 0.1104279
  0.3718517 0.1105449
  0.3647238 0.1106082
  0.3576099 0.1106174
  0.3505067 0.1105725
  0.3434108 0.1104731
  0.3363194 0.110319
  0.32923 0.1101101
  0.3221409 0.1098471
  0.3150511 0.1095306
  0.3079607 0.1091612
  0.3008704 0.1087395
  0.2937818 0.1082659
  0.286697 0.1077408
  0.2796189 0.1071648
  0.2725511 0.1065385
  0.265497 0.1058619
  0.2584595 0.1051346
  0.2514403 0.1043563
  0.2444406 0.1035267
  0.2374612 0.1026456
  0.230504 0.1017132
  0.2235716 0.1007296
  0.2166677 0.09969536
  0.2097965 0.09861041
  0.202961 0.09747455
  0.1961639 0.09628751
  0.1894066 0.09504907
  0.1826913 0.09375961
  0.1760217 0.09242014
  0.1694036 0.09103216
  0.1628443 0.08959741
  0.1563516 0.08811729
  0.1499339 0.08659338
  0.1435988 0.08502758
  0.1373545 0.08342194
  0.1312105 0.08177899
  0.1251777 0.08010212
  0.1192676 0.07839535
  0.1134916 0.07666221
  0.10786 0.07490619
  0.1023813 0.07313098
  0.09706227 0.07134088
  0.09191071 0.0695419
  0.08693573 0.06774126
  0.08214614 0.06594665
  0.07754959 0.06416451
  0.07315154 0.06239972
  0.06895416 0.06065664
  0.0649564 0.05893902
  0.06115499 0.05725009
  0.05754567 0.05559284
  0.05412295 0.05396988
  0.0508801 0.05238326
  0.04780958 0.05083417
  0.04490396 0.04932305
  0.04215565 0.04785018
  0.03955674 0.04641565
  0.03709908 0.04501922
  0.03477504 0.04365943
  0.03257752 0.04233357
  0.03049905 0.04103901
  0.02853209 0.03977334
  0.02666928 0.03853433
  0.02490361 0.03732003
  0.02322879 0.03612911
  0.0216392 0.03496059
  0.02012968 0.03381364
  0.01869548 0.03268757
  0.01733217 0.03158173
  0.01603572 0.03049541
  0.01480343 0.02942696
  0.01363292 0.02837444
  0.01252172 0.0273361
  0.01146729 0.02631038
  0.01046712 0.0252959
  0.009518756 0.0242914
  0.008620129 0.02329594
  0.007770137 0.0223091
  0.006967773 0.02133057
  0.006211964 0.02036009
  0.005501597 0.01939742
  0.004835528 0.01844233
  0.0042126 0.01749462
  0.003631812 0.01655389
  0.00309257 0.01561919
  0.002594254 0.0146895
  0.002136165 0.01376383
  0.001717567 0.01284126
  0.001337708 0.0119209
  0.0009958464 0.01100189
  0.0006915688 0.01008437
  0.000425047 0.009170121
  0.0001964456 0.008260617
  5.927402e-06 0.007356839
  -0.0001462691 0.006459377
  -0.0002597621 0.005568498
  -0.0003339651 0.004684196
  -0.0003680244 0.003806234
  -0.0003607501 0.002934164
  -0.0003105335 0.00206734
  -0.000215241 0.001204906
  -7.207164e-05 0.0003457847
  0.0001223208 -0.0005114516
  0.0003673342 -0.001369497
  0.00065878 -0.002231284
  0.0009918594 -0.003098724
  0.001361394 -0.00397236
  0.001766464 -0.004850848
  0.002208492 -0.00573223
  0.002689001 -0.006614548
  0.003209664 -0.007495884
  0.003772388 -0.008374397
  0.00437942 -0.009248358
  0.005032868 -0.01011679
  0.00573361 -0.01098032
  0.006482275 -0.01183982
  0.00727939 -0.01269613
  0.0081253 -0.01355006
  0.009020057 -0.01440238
  0.00996329 -0.01525375
  0.01095529 -0.01610465
  0.01199783 -0.01695532
  0.01309287 -0.01780612
  0.01424243 -0.01865757
  0.01544858 -0.01951031
  0.01671348 -0.02036524
  0.01803948 -0.02122346
  0.01942986 -0.02208583
  0.02088852 -0.02295312
  0.02241961 -0.02382623
  0.02402746 -0.02470621
  0.02571655 -0.02559432
  0.02749146 -0.02649202
  0.02935756 -0.02740047
  0.0313212 -0.02832047
  0.03338909 -0.02925299
  0.03556833 -0.03019919
  0.03786631 -0.03116055
  0.04029087 -0.03213866
  0.04285093 -0.03313424
  0.04555606 -0.03414765
  0.04841606 -0.03517924
  0.05144101 -0.03622949
  0.05464126 -0.03729889
  0.05802764 -0.0383874
  0.06161041 -0.03949463
  0.06539864 -0.04062004
  0.06939978 -0.04176301
  0.07361989 -0.04292158
  0.07806304 -0.04409242
  0.08273092 -0.04527187
  0.0876235 -0.04645632
  0.09273926 -0.04764207
  0.09807324 -0.04882516
  0.1036165 -0.05000163
  0.1093566 -0.05116734
  0.1152796 -0.05231688
  0.1213706 -0.05344506
  0.1276155 -0.05454764
  0.1340026 -0.05562156
  0.1405191 -0.05666444
  0.1471512 -0.05767444
  0.1538846 -0.05864981
  0.1607057 -0.0595882
  0.1676024 -0.06048764
  0.1745649 -0.06134684
  0.1815857 -0.06216495
  0.1886583 -0.06294134
  0.1957769 -0.06367569
  0.2029367 -0.06436792
  0.2101334 -0.06501812
  0.2173623 -0.0656265
  0.2246186 -0.06619336
  0.2318974 -0.06671879
  0.2391946 -0.06720245
  0.2465069 -0.06764412
  0.253832 -0.06804371
  0.2611685 -0.06840124
  0.2685146 -0.06871684
  0.2758685 -0.06899061
  0.2832275 -0.0692227
  0.2905892 -0.06941293
  0.2979514 -0.0695609
  0.3053125 -0.06966626
  0.3126715 -0.0697287
  0.320028 -0.06974785
  0.3273818 -0.06972332
  0.3347337 -0.0696547
  0.3420845 -0.06954155
  0.3494357 -0.06938362
  0.3567892 -0.06918092
  0.3641472 -0.06893339
  0.3715124 -0.06864092
  0.378888 -0.06830355
  0.386277 -0.06792196
  0.3936816 -0.06749693
  0.4011037 -0.06702922
  0.4085444 -0.06651964
  0.4160044 -0.06596909
  0.4234842 -0.06537854
  0.4309841 -0.06474897
  0.4385041 -0.06408138
  0.4460442 -0.06337674
  0.453604 -0.06263594
  0.4611831 -0.0618599
  0.4687806 -0.06104961
  0.4763955 -0.06020601
  0.4840274 -0.0593298
  0.4916764 -0.05842157
  0.4993432 -0.05748184
  0.5070296 -0.05651111
  0.5147374 -0.0555103
  0.5224674 -0.05448057
  0.5302196 -0.05342325
  0.537993 -0.05233981
  0.5457857 -0.05123144
  0.5535966 -0.05009902
  0.561425 -0.0489434
  0.569271 -0.04776531
  0.5771353 -0.04656551
  0.5850187 -0.04534482
  0.5929218 -0.04410407
  0.6008454 -0.04284413
  0.60879 -0.04156605
  0.6167562 -0.04027106
  0.6247444 -0.03896046
  0.6327547 -0.03763562
  0.6407869 -0.03629806
  0.6488393 -0.03494963
  0.6569084 -0.03359257
  0.6649889 -0.03222945
  0.6730739 -0.03086336
  0.6811566 -0.02949756
  0.6892308 -0.02813526
  0.6972908 -0.02677953
  0.7053317 -0.02543302
  0.71335 -0.024098
  0.7213436 -0.02277647
  0.7293117 -0.02147011
  0.7372535 -0.02018044
  0.7451678 -0.01890897
  0.7530524 -0.01765731
  0.760905 -0.01642745
  0.7687239 -0.01522166
  0.7765087 -0.01404201
  0.7842599 -0.01289029
  0.7919787 -0.01176787
  0.7996664 -0.01067595
  0.8073245 -0.009615664
  0.8149541 -0.008587931
  0.8225546 -0.007593511
  0.8301232 -0.006633374
  0.8376555 -0.005708919
  0.8451478 -0.004822313
  0.8525986 -0.003975508
  0.8600086 -0.003169756
  0.8673771 -0.002404268
  0.8746977 -0.001678006
  0.881959 -0.0009905523
  0.8891444 -0.0003430274
  0.8962325 0.0002628642
  0.9031991 0.0008243092
  0.9100239 0.001333161
  0.9166952 0.001781498
  0.9232086 0.002162211
  0.929566 0.002466956
  0.9357737 0.002688728
  0.9418417 0.002821877
  0.9477854 0.002861565
  0.9536245 0.002805137
  0.9593746 0.002660822
  0.9650378 0.002440063
  0.9706041 0.002157101
  0.9760505 0.001828795
  0.9813471 0.001467745
  0.9864698 0.001083452
  0.991397 0.0007027471
  0.996101 0.0003276964
  1.0 1e-05
