NACA 1410
  1.0 0.00105
  0.9967469 0.00153943
  0.9928129 0.002128605
  0.9886647 0.002746645
  0.9842822 0.003396054
  0.9796439 0.004079359
  0.9747291 0.004798931
  0.9695191 0.005556682
  0.9640011 0.006353604
  0.9581723 0.007189112
  0.9520464 0.008060248
  0.9456592 0.008960931
  0.9390687 0.009882162
  0.9323543 0.01081225
  0.9256585 0.01173128
  0.9189706 0.01264076
  0.912252 0.01354595
  0.9055316 0.0144429
  0.8988691 0.01532375
  0.8922571 0.01618975
  0.8856827 0.0170428
  0.8791347 0.01788455
  0.8726034 0.01871642
  0.8660804 0.0195396
  0.8595583 0.02035511
  0.8530307 0.02116382
  0.8464925 0.02196642
  0.8399393 0.02276349
  0.8333677 0.02355545
  0.8267753 0.02434261
  0.8201607 0.02512514
  0.8135237 0.02590309
  0.806865 0.02667637
  0.8001866 0.02744476
  0.7934915 0.02820791
  0.7867834 0.02896534
  0.7800656 0.02971657
  0.7733411 0.03046119
  0.7666126 0.03119884
  0.7598826 0.03192917
  0.7531531 0.03265192
  0.7464258 0.03336685
  0.7397022 0.03407377
  0.7329832 0.03477253
  0.7262696 0.03546302
  0.7195618 0.03614519
  0.7128597 0.03681898
  0.706163 0.0374844
  0.6994712 0.03814149
  0.6927832 0.03879029
  0.6860982 0.03943086
  0.6794152 0.04006328
  0.6727335 0.04068756
  0.6660523 0.04130374
  0.659371 0.04191184
  0.6526891 0.04251186
  0.6460062 0.04310378
  0.6393221 0.04368759
  0.6326364 0.04426327
  0.625949 0.04483078
  0.6192599 0.04539007
  0.6125692 0.04594109
  0.6058769 0.04648377
  0.5991834 0.04701806
  0.5924891 0.04754386
  0.5857941 0.04806101
  0.5790989 0.04856937
  0.5724038 0.04906878
  0.565709 0.04955911
  0.5590148 0.05004021
  0.5523213 0.05051195
  0.5456288 0.05097419
  0.5389374 0.05142679
  0.5322472 0.05186964
  0.5255584 0.05230261
  0.5188709 0.05272557
  0.5121849 0.05313841
  0.5055002 0.053541
  0.498817 0.05393323
  0.4921352 0.05431493
  0.4854547 0.05468585
  0.4787755 0.05504568
  0.4720977 0.05539416
  0.4654215 0.05573099
  0.4587469 0.0560559
  0.4520742 0.05636858
  0.4454035 0.05666876
  0.4387352 0.05695615
  0.4320695 0.05723046
  0.4254069 0.05749141
  0.4187476 0.05773872
  0.4120922 0.05797211
  0.4054412 0.05819131
  0.3987949 0.05839605
  0.3921541 0.05858597
  0.3855191 0.05876059
  0.3788905 0.05891936
  0.3722686 0.05906177
  0.3656535 0.05918731
  0.3590453 0.05929549
  0.352444 0.0593858
  0.3458495 0.05945775
  0.3392616 0.05951085
  0.3326798 0.05954462
  0.3261039 0.05955855
  0.3195332 0.05955215
  0.3129671 0.05952493
  0.3064049 0.05947638
  0.2998457 0.05940597
  0.2932887 0.05931323
  0.286733 0.05919794
  0.2801785 0.05905993
  0.2736252 0.05889906
  0.267074 0.05871521
  0.260526 0.05850827
  0.2539827 0.05827817
  0.2474464 0.05802489
  0.2409195 0.05774812
  0.2344043 0.05744695
  0.2279024 0.05712045
  0.2214148 0.05676765
  0.214942 0.05638759
  0.2084838 0.05597927
  0.2020394 0.0555417
  0.1956076 0.0550738
  0.1891869 0.05457462
  0.1827765 0.05404335
  0.1763765 0.05347926
  0.1699878 0.05288171
  0.1636123 0.05225017
  0.1572527 0.05158423
  0.1509124 0.05088365
  0.1445958 0.05014826
  0.1383075 0.04937681
  0.1320522 0.04856727
  0.1258341 0.04771773
  0.1196566 0.0468264
  0.1135228 0.04589158
  0.1074353 0.04491168
  0.1013963 0.04388523
  0.09540752 0.04281083
  0.08947418 0.04168797
  0.08361123 0.04051839
  0.07784262 0.0393064
  0.07219853 0.0380588
  0.06671048 0.0367801
  0.06140709 0.03546902
  0.05631362 0.03412661
  0.05144927 0.03275661
  0.04682576 0.03136454
  0.04245697 0.02996209
  0.03836476 0.02856795
  0.03456444 0.02719957
  0.03106011 0.02587082
  0.02784487 0.02459119
  0.02490342 0.02336601
  0.02221492 0.02219494
  0.01975864 0.02105505
  0.01752953 0.01992911
  0.01552387 0.01881678
  0.01372799 0.01772375
  0.01211973 0.01665556
  0.01067529 0.01561657
  0.009380766 0.01461498
  0.008221809 0.01365439
  0.007182324 0.01273342
  0.006247633 0.01184873
  0.005405368 0.01099663
  0.004645454 0.01017358
  0.003959691 0.009376388
  0.003341422 0.00860219
  0.002785251 0.007848459
  0.002286809 0.007112961
  0.00184257 0.006393715
  0.001449715 0.005688947
  0.001106027 0.004997058
  0.0008098102 0.004316587
  0.0005598367 0.003646186
  0.0003553061 0.002984594
  0.0001958251 0.00233061
  8.139959e-05 0.001683075
  1.244255e-05 0.001040851
  -1.020272e-05 0.0004027925
  1.474948e-05 -0.000232274
  8.769109e-05 -0.0008656229
  0.0002075279 -0.001498575
  0.0003734924 -0.002132385
  0.0005852561 -0.002768261
  0.0008429076 -0.003407391
  0.001146947 -0.004050966
  0.001498295 -0.004700206
  0.001898318 -0.005356378
  0.002348871 -0.006020822
  0.00285236 -0.00669498
  0.003411825 -0.007380417
  0.004031057 -0.00807886
  0.004714751 -0.008792226
  0.005468706 -0.009522659
  0.006300082 -0.01027256
  0.007217701 -0.01104457
  0.008232491 -0.01184158
  0.009358024 -0.01266667
  0.0106104 -0.01352233
  0.01200743 -0.01440921
  0.01356529 -0.01532323
  0.01529798 -0.01625466
  0.01722973 -0.01719616
  0.01938198 -0.01813895
  0.02176499 -0.01907457
  0.02437746 -0.02000225
  0.02722289 -0.02094001
  0.03032381 -0.02190817
  0.0337015 -0.0229052
  0.03737254 -0.02392543
  0.04134624 -0.02496014
  0.04562153 -0.02599737
  0.05018535 -0.0270222
  0.05501579 -0.02801868
  0.06009646 -0.02897739
  0.06540895 -0.02989391
  0.07092743 -0.03076679
  0.07662268 -0.03159858
  0.08246589 -0.03239338
  0.08842672 -0.03314853
  0.09447706 -0.033861
  0.1005949 -0.03452948
  0.1067665 -0.0351543
  0.1129862 -0.03573651
  0.1192495 -0.03627742
  0.1255524 -0.03677858
  0.1318912 -0.03724176
  0.1382625 -0.03766892
  0.1446634 -0.03806222
  0.1510914 -0.03842396
  0.1575446 -0.03875635
  0.1640215 -0.03906066
  0.17052 -0.03933792
  0.1770381 -0.0395892
  0.1835733 -0.03981561
  0.190123 -0.04001831
  0.1966844 -0.04019852
  0.2032541 -0.04035748
  0.2098291 -0.04049604
  0.2164067 -0.04061437
  0.2229858 -0.04071261
  0.229566 -0.04079094
  0.2361481 -0.04084952
  0.2427341 -0.04088854
  0.2493272 -0.04090815
  0.2559315 -0.0409087
  0.2625516 -0.04089241
  0.2691908 -0.04086253
  0.2758511 -0.04082233
  0.2825326 -0.04077513
  0.2892338 -0.04072437
  0.2959516 -0.04067352
  0.3026809 -0.04062612
  0.3094152 -0.04058368
  0.3161479 -0.04054422
  0.3228732 -0.04050545
  0.3295863 -0.04046508
  0.3362832 -0.04042083
  0.3429611 -0.04037047
  0.3496179 -0.0403118
  0.3562524 -0.04024268
  0.3628644 -0.04016098
  0.3694543 -0.04006463
  0.3760234 -0.03995157
  0.3825736 -0.03981976
  0.3891078 -0.03966715
  0.3956292 -0.03949165
  0.4021419 -0.03929117
  0.4086506 -0.0390651
  0.4151599 -0.03881525
  0.4216737 -0.0385436
  0.4281958 -0.03825209
  0.4347293 -0.03794268
  0.4412769 -0.03761732
  0.4478408 -0.03727802
  0.4544229 -0.03692682
  0.4610242 -0.03656579
  0.4676457 -0.03619708
  0.4742876 -0.03582293
  0.4809496 -0.03544561
  0.4876308 -0.03506751
  0.4943296 -0.03469105
  0.501044 -0.03431875
  0.5077712 -0.03395225
  0.5145083 -0.03359108
  0.5212528 -0.03323447
  0.5280021 -0.0328816
  0.534754 -0.03253165
  0.5415068 -0.03218375
  0.5482588 -0.03183706
  0.5550088 -0.03149067
  0.5617556 -0.03114369
  0.5684986 -0.03079521
  0.5752373 -0.03044431
  0.5819716 -0.03009006
  0.5887016 -0.02973152
  0.5954276 -0.02936773
  0.6021505 -0.02899772
  0.608871 -0.02862105
  0.6155901 -0.02823795
  0.6223089 -0.02784868
  0.6290283 -0.02745353
  0.6357489 -0.02705278
  0.6424717 -0.0266467
  0.6491975 -0.02623557
  0.6559268 -0.02581968
  0.6626604 -0.0253993
  0.6693989 -0.02497473
  0.6761428 -0.02454624
  0.6828927 -0.02411414
  0.689649 -0.02367872
  0.6964123 -0.02324028
  0.7031828 -0.02279912
  0.7099608 -0.02235535
  0.7167464 -0.02190897
  0.7235375 -0.0214601
  0.7303235 -0.02100943
  0.7371032 -0.02055702
  0.7438777 -0.02010281
  0.7506483 -0.0196467
  0.7574167 -0.01918857
  0.7641847 -0.01872828
  0.7709545 -0.01826567
  0.7777286 -0.01780057
  0.7845097 -0.01733276
  0.791298 -0.01686223
  0.7980763 -0.01639014
  0.8048376 -0.01591699
  0.8115787 -0.01544297
  0.8182978 -0.01496817
  0.8249941 -0.01449259
  0.8316678 -0.01401619
  0.8383207 -0.01353881
  0.8449551 -0.01306023
  0.8515746 -0.01258015
  0.8581838 -0.0120982
  0.8647881 -0.01161392
  0.8713942 -0.01112677
  0.8780095 -0.01063613
  0.8846431 -0.01014126
  0.8913049 -0.009641319
  0.8980066 -0.009135314
  0.904761 -0.008622168
  0.9115187 -0.008105575
  0.9182227 -0.007589932
  0.9248959 -0.007073557
  0.9315763 -0.006553518
  0.9383163 -0.00602571
  0.94501 -0.00549843
  0.9514962 -0.004984539
  0.9577135 -0.004489242
  0.9636242 -0.004015908
  0.9692144 -0.00356603
  0.9744874 -0.00313971
  0.9794571 -0.002736154
  0.9841434 -0.002354062
  0.9885681 -0.001991906
  0.9927535 -0.001648101
  0.9967208 -0.001321103
  1.0 -0.00105
