NACA 65(2)-415
  1.0 0.0
  0.9967546 0.0006724824
  0.9928308 0.001489214
  0.988694 0.002354668
  0.984323 0.00327401
  0.9796952 0.004252837
  0.9747875 0.005297007
  0.9695783 0.006412289
  0.9640498 0.007603741
  0.9581932 0.008874702
  0.9520147 0.01022536
  0.9455424 0.01165099
  0.9388278 0.01314108
  0.9319354 0.01468141
  0.9249325 0.01625666
  0.917879 0.01785271
  0.9108188 0.01945866
  0.9037765 0.02106788
  0.896756 0.02267839
  0.8897464 0.02429123
  0.8827361 0.02590748
  0.8757164 0.02752753
  0.868681 0.02915115
  0.8616269 0.03077746
  0.8545535 0.03240487
  0.8474635 0.0340311
  0.840362 0.03565399
  0.8332545 0.03727195
  0.8261461 0.03888354
  0.8190414 0.04048747
  0.8119444 0.04208258
  0.8048585 0.04366784
  0.7977866 0.04524236
  0.7907308 0.04680493
  0.7836922 0.04835407
  0.7766707 0.04988854
  0.7696655 0.05140732
  0.7626746 0.05290963
  0.7556951 0.05439487
  0.7487233 0.05586267
  0.7417549 0.0573132
  0.7347867 0.05874716
  0.7278165 0.060165
  0.7208436 0.06156689
  0.7138685 0.06295274
  0.706893 0.06432222
  0.6999201 0.06567477
  0.6929539 0.06700932
  0.6859981 0.06832418
  0.6790551 0.06961782
  0.6721263 0.07088893
  0.6652119 0.0721365
  0.6583108 0.07335968
  0.6514212 0.07455783
  0.6445402 0.07573058
  0.6376647 0.07687796
  0.6307929 0.07799999
  0.6239238 0.0790965
  0.6170573 0.08016715
  0.6101944 0.08121146
  0.6033369 0.08222885
  0.5964876 0.08321858
  0.5896495 0.0841794
  0.5828253 0.08510984
  0.5760163 0.08600859
  0.5692234 0.0868745
  0.5624465 0.08770656
  0.5556847 0.08850387
  0.5489363 0.08926562
  0.5421991 0.08999125
  0.5354709 0.09068055
  0.5287501 0.09133334
  0.5220353 0.09194933
  0.5153253 0.09252819
  0.5086196 0.09306954
  0.5019177 0.09357295
  0.4952195 0.09403799
  0.4885253 0.09446435
  0.4818351 0.09485182
  0.4751485 0.09520021
  0.4684649 0.0955093
  0.4617836 0.09577889
  0.4551036 0.09600877
  0.4484234 0.09619868
  0.4417416 0.09634857
  0.4350565 0.09645883
  0.4283667 0.09652991
  0.4216705 0.09656222
  0.4149665 0.09655612
  0.4082534 0.09651195
  0.4015298 0.09643
  0.3947944 0.09631056
  0.388046 0.09615415
  0.3812839 0.09596148
  0.3745081 0.09573328
  0.3677191 0.09547031
  0.3609183 0.09517337
  0.3541075 0.09484337
  0.3472895 0.09448125
  0.3404675 0.09408775
  0.3336448 0.09366288
  0.3268242 0.09320657
  0.3200081 0.09271878
  0.3131983 0.09219945
  0.3063962 0.09164853
  0.2996027 0.09106593
  0.2928181 0.09045156
  0.2860428 0.08980516
  0.2792767 0.08912646
  0.2725201 0.08841518
  0.265773 0.08767104
  0.2590356 0.08689375
  0.2523079 0.08608303
  0.2455901 0.08523861
  0.2388825 0.08436019
  0.2321854 0.08344749
  0.2254996 0.08250028
  0.2188262 0.0815184
  0.2121668 0.08050174
  0.205523 0.0794503
  0.1988969 0.07836415
  0.1922908 0.07724339
  0.1857075 0.07608765
  0.1791498 0.07489634
  0.1726203 0.07366896
  0.1661218 0.07240508
  0.159657 0.07110436
  0.1532287 0.06976653
  0.1468393 0.06839142
  0.1404918 0.06697876
  0.1341897 0.06552782
  0.1279379 0.06403813
  0.1217423 0.06250965
  0.1156095 0.06094281
  0.1095465 0.05933851
  0.1035609 0.05769808
  0.09766024 0.05602329
  0.09185257 0.05431633
  0.08615243 0.05258124
  0.08058668 0.05082655
  0.07519018 0.04906492
  0.06999933 0.04731134
  0.06504495 0.0455786
  0.0603426 0.04387311
  0.05589228 0.04219746
  0.0516842 0.04055179
  0.04770337 0.03893472
  0.0439332 0.03734421
  0.04036592 0.03578134
  0.0370078 0.03425382
  0.03386892 0.03277245
  0.03095502 0.03134726
  0.02826424 0.02998535
  0.02578737 0.02869022
  0.02351006 0.02746219
  0.02141547 0.02629926
  0.01948784 0.02519501
  0.01771296 0.02414021
  0.01607659 0.02312721
  0.01456523 0.0221499
  0.01316644 0.02120332
  0.01186901 0.02028344
  0.01066293 0.01938692
  0.00953947 0.01851099
  0.008492874 0.01765295
  0.007519212 0.01681024
  0.006614513 0.01598063
  0.00577488 0.01516224
  0.004996687 0.0143532
  0.004278134 0.01354793
  0.003618653 0.01273872
  0.003017415 0.01191938
  0.002473209 0.01108803
  0.001984257 0.01024954
  0.001548612 0.009408361
  0.001164379 0.008567813
  0.0008298332 0.007730347
  0.0005434919 0.006897746
  0.000304157 0.006071291
  0.0001109425 0.005251875
  -3.670405e-05 0.0044401
  -0.0001389796 0.003636339
  -0.0001956986 0.002840787
  -0.0002062565 0.002053497
  -0.0001695779 0.001274403
  -8.404306e-05 0.000503341
  5.258443e-05 -0.0002599597
  0.0002415371 -0.001016416
  0.0004820667 -0.001767692
  0.0007737595 -0.002515278
  0.001116687 -0.003260439
  0.001511351 -0.004004222
  0.00195863 -0.00474744
  0.002459723 -0.005490635
  0.003016067 -0.006234009
  0.003629212 -0.006977313
  0.004300621 -0.007719678
  0.005031346 -0.008459376
  0.005821515 -0.00919349
  0.006669554 -0.009917489
  0.007572068 -0.0106253
  0.008531065 -0.0113139
  0.009553992 -0.01198377
  0.01065098 -0.01263775
  0.01182927 -0.01327981
  0.0130951 -0.01391457
  0.01445438 -0.01454764
  0.01591214 -0.01518543
  0.01747714 -0.01583134
  0.01916188 -0.01648704
  0.02098038 -0.01715483
  0.02294813 -0.01783793
  0.02508247 -0.01854111
  0.02740235 -0.01927138
  0.02992709 -0.02003729
  0.03267743 -0.02084202
  0.03567357 -0.02168542
  0.03893076 -0.02256531
  0.04245562 -0.023477
  0.04624466 -0.02441358
  0.05028803 -0.02536756
  0.05458066 -0.02633385
  0.0591341 -0.02731176
  0.06396607 -0.02830185
  0.06908824 -0.0293041
  0.0745005 -0.0303175
  0.08018389 -0.0313395
  0.0860972 -0.03236288
  0.09218945 -0.03337588
  0.09841362 -0.03436838
  0.1047369 -0.03533372
  0.1111456 -0.03626937
  0.1176342 -0.03717538
  0.1241966 -0.0380521
  0.1308264 -0.03890012
  0.1375162 -0.03972024
  0.1442585 -0.04051344
  0.151045 -0.04128095
  0.1578671 -0.04202401
  0.164717 -0.04274264
  0.1715877 -0.04343624
  0.1784738 -0.04410444
  0.1853713 -0.04474712
  0.1922778 -0.04536431
  0.1991922 -0.04595624
  0.2061153 -0.04652328
  0.2130488 -0.04706601
  0.2199943 -0.04758512
  0.2269528 -0.04808123
  0.2339243 -0.04855491
  0.2409083 -0.04900669
  0.2479035 -0.04943706
  0.2549078 -0.04984648
  0.2619185 -0.05023515
  0.2689333 -0.05060294
  0.2759503 -0.05094972
  0.2829682 -0.05127544
  0.2899864 -0.05158007
  0.2970049 -0.05186362
  0.3040241 -0.0521261
  0.3110449 -0.05236757
  0.318068 -0.05258808
  0.3250933 -0.05278764
  0.33212 -0.05296628
  0.3391465 -0.05312398
  0.3461705 -0.05326075
  0.353189 -0.05337661
  0.3601986 -0.05347126
  0.3671959 -0.05354375
  0.3741788 -0.0535931
  0.381146 -0.05361839
  0.3880969 -0.05361871
  0.3950319 -0.05359318
  0.4019523 -0.05354091
  0.40886 -0.05346115
  0.415757 -0.05335349
  0.4226449 -0.05321757
  0.4295251 -0.053053
  0.4363985 -0.05285938
  0.4432658 -0.05263633
  0.4501274 -0.05238342
  0.4569831 -0.05210034
  0.4638331 -0.05178693
  0.470678 -0.05144311
  0.4775186 -0.05106875
  0.4843564 -0.05066367
  0.4911933 -0.05022763
  0.4980316 -0.04976031
  0.5048743 -0.04926142
  0.5117244 -0.0487313
  0.5185849 -0.04817074
  0.5254584 -0.04758049
  0.5323472 -0.04696133
  0.5392532 -0.04631405
  0.5461778 -0.04563946
  0.5531222 -0.0449384
  0.5600872 -0.04421187
  0.5670731 -0.04346098
  0.5740796 -0.04268696
  0.5811059 -0.04189114
  0.5881503 -0.04107496
  0.5952107 -0.04023996
  0.6022842 -0.03938783
  0.6093674 -0.03851986
  0.6164578 -0.03763675
  0.6235539 -0.03673906
  0.6306553 -0.03582719
  0.6377629 -0.03490141
  0.644879 -0.03396179
  0.6520068 -0.03300826
  0.6591506 -0.0320411
  0.6663142 -0.03106123
  0.6734997 -0.03006985
  0.6807079 -0.02906835
  0.687938 -0.02805838
  0.6951875 -0.02704186
  0.7024523 -0.02602093
  0.7097271 -0.02499745
  0.7170066 -0.02397273
  0.7242865 -0.02294796
  0.731563 -0.0219242
  0.7388336 -0.02090241
  0.7460963 -0.0198834
  0.7533501 -0.01886791
  0.7605943 -0.01785691
  0.7678279 -0.01685166
  0.7750487 -0.01585354
  0.782254 -0.014864
  0.7894402 -0.01388459
  0.796603 -0.0129169
  0.8037375 -0.01196264
  0.810839 -0.01102415
  0.8179052 -0.01010382
  0.8249357 -0.009203652
  0.8319325 -0.008325341
  0.8388995 -0.007470277
  0.8458426 -0.006639621
  0.8527691 -0.005834297
  0.859687 -0.005054279
  0.8666 -0.004299194
  0.8735069 -0.003569221
  0.8804017 -0.002865012
  0.8872733 -0.002187595
  0.8941064 -0.001538243
  0.9008821 -0.0009183693
  0.9075783 -0.0003327822
  0.9141723 0.0002077207
  0.9206418 0.000693086
  0.9269669 0.001115112
  0.9331303 0.001467616
  0.9391184 0.001746458
  0.944921 0.001949421
  0.9505319 0.002076008
  0.9559481 0.002128686
  0.9611705 0.002114262
  0.9662028 0.002039796
  0.9710509 0.001911843
  0.9757219 0.001736386
  0.9802241 0.001518821
  0.9845658 0.001263966
  0.9887555 0.0009761028
  0.9928018 0.0006590174
  0.9967126 0.0003160497
  1.0 0.0
