NACA 66-018
  1.0 0.0
  0.9965624 0.0003766982
  0.9923173 0.000844214
  0.9877764 0.001349701
  0.9829649 0.001897289
  0.9779221 0.002491499
  0.9726921 0.003137537
  0.9673167 0.00384042
  0.9618331 0.00460564
  0.9562658 0.005440375
  0.9506209 0.006354843
  0.944881 0.007362133
  0.9390123 0.00846837
  0.9329817 0.009676336
  0.9267615 0.0109877
  0.9203326 0.01240151
  0.9136847 0.0139135
  0.9068173 0.01551493
  0.8997447 0.01719078
  0.8925009 0.01892162
  0.8851332 0.02069476
  0.8776879 0.02250008
  0.8702034 0.02432901
  0.862707 0.02617545
  0.8552132 0.02803631
  0.8477234 0.0299117
  0.840227 0.03180329
  0.8327122 0.03371088
  0.8251714 0.03563297
  0.8176015 0.0375668
  0.8100045 0.0395083
  0.8023875 0.04145196
  0.794763 0.043391
  0.7871464 0.04531864
  0.7795517 0.04722916
  0.7719894 0.04911769
  0.7644673 0.05098029
  0.7569903 0.05281384
  0.7495605 0.05461602
  0.7421777 0.05638515
  0.7348401 0.05811987
  0.7275452 0.05981905
  0.7202898 0.0614818
  0.71307 0.06310739
  0.705881 0.06469524
  0.6987179 0.0662449
  0.6915752 0.06775601
  0.6844501 0.06922794
  0.6773433 0.07065932
  0.6702596 0.0720481
  0.6632071 0.0733917
  0.6561971 0.07468723
  0.6492435 0.0759316
  0.6423616 0.07712108
  0.6355614 0.07825078
  0.6288443 0.07931737
  0.6222038 0.08031905
  0.6156269 0.08125504
  0.6090954 0.08212507
  0.6025858 0.08292904
  0.5960692 0.08366698
  0.5895142 0.08434324
  0.5828936 0.08496468
  0.5761857 0.08553705
  0.5693749 0.08606527
  0.5624525 0.08655378
  0.555419 0.08700671
  0.5482862 0.08742812
  0.5410772 0.0878201
  0.5338174 0.08818102
  0.5265282 0.08850944
  0.5192259 0.08880449
  0.5119209 0.08906581
  0.5046176 0.0892934
  0.4973144 0.0894875
  0.4900046 0.08964867
  0.4826817 0.08977772
  0.4753411 0.08987537
  0.4679804 0.08994224
  0.4605995 0.0899789
  0.4532005 0.08998595
  0.445788 0.08996401
  0.438368 0.0899132
  0.4309459 0.08983326
  0.4235257 0.08972395
  0.4161104 0.08958508
  0.4087012 0.08941648
  0.4012984 0.08921794
  0.3939007 0.08898927
  0.3865065 0.08873041
  0.3791141 0.0884414
  0.3717226 0.08812224
  0.3643312 0.08777295
  0.3569398 0.08739357
  0.3495484 0.08698412
  0.3421578 0.08654467
  0.3347687 0.08607522
  0.3273823 0.08557579
  0.32 0.08504644
  0.3126235 0.08448726
  0.3052546 0.08389841
  0.2978953 0.08328007
  0.2905481 0.08263227
  0.2832149 0.08195473
  0.2758974 0.08124714
  0.268597 0.08050915
  0.2613144 0.07974041
  0.2540501 0.07894054
  0.2468042 0.07810913
  0.2395766 0.07724573
  0.2323681 0.07634992
  0.2251805 0.07542145
  0.2180162 0.07446023
  0.210879 0.07346634
  0.2037731 0.07244009
  0.1967039 0.07138198
  0.189677 0.07029213
  0.1826978 0.06917017
  0.175771 0.06801575
  0.1689004 0.06682853
  0.1620893 0.06560822
  0.1553401 0.06435455
  0.1486549 0.06306726
  0.1420355 0.06174601
  0.135487 0.06039074
  0.1290183 0.05900243
  0.1226415 0.05758318
  0.1163711 0.05613614
  0.1102226 0.05466538
  0.104212 0.05317569
  0.09835415 0.05167236
  0.09266378 0.05016131
  0.08716088 0.04865058
  0.08186962 0.04715032
  0.07681286 0.0456713
  0.07200793 0.04422334
  0.06746381 0.04281179
  0.06317839 0.04143792
  0.05914114 0.04010123
  0.05533692 0.03880021
  0.05174863 0.03753277
  0.04835884 0.03629662
  0.0451526 0.03508981
  0.0421208 0.03391223
  0.03925784 0.03276524
  0.03655887 0.03165065
  0.03401838 0.03057008
  0.03162968 0.02952463
  0.02938495 0.02851474
  0.0272755 0.02754025
  0.02529218 0.02660045
  0.02342609 0.0256937
  0.02167025 0.02481511
  0.02001766 0.02395927
  0.01846096 0.02312169
  0.0169929 0.02229863
  0.01560666 0.02148702
  0.01429592 0.0206843
  0.0130549 0.01988836
  0.01187846 0.01909743
  0.01076329 0.0183094
  0.009707501 0.0175221
  0.008709221 0.01673375
  0.007766593 0.01594294
  0.006878084 0.0151483
  0.006044883 0.01434614
  0.005268878 0.01353151
  0.004551015 0.01269996
  0.003890464 0.01185119
  0.003285828 0.0109878
  0.002736204 0.0101125
  0.002240998 0.009228075
  0.00179977 0.00833733
  0.001412108 0.007443121
  0.001077448 0.006548314
  0.000793793 0.005655756
  0.0005580429 0.004767545
  0.0003671768 0.003884787
  0.0002184527 0.003007771
  0.0001095146 0.002136124
  3.84613e-05 0.00126891
  3.898623e-06 0.0004046863
  5.005013e-06 -0.0004584873
  4.181115e-05 -0.001322846
  0.000115179 -0.002190299
  0.0002265359 -0.003062259
  0.0003778128 -0.003939627
  0.0005713923 -0.004822742
  0.0008100372 -0.005711265
  0.001096781 -0.006604036
  0.001434709 -0.007498891
  0.001825696 -0.008392967
  0.002270276 -0.009283402
  0.002768859 -0.01016734
  0.003321892 -0.01104198
  0.003929981 -0.01190453
  0.004594057 -0.0127523
  0.005315541 -0.01358273
  0.006095148 -0.01439644
  0.006931861 -0.01519799
  0.007823742 -0.01599231
  0.008769784 -0.01678293
  0.009771593 -0.01757117
  0.01083103 -0.01835847
  0.01194995 -0.0191466
  0.0131303 -0.0199378
  0.0143755 -0.0207341
  0.01569078 -0.02153731
  0.01708193 -0.02234956
  0.0185553 -0.02317343
  0.02011777 -0.02401203
  0.02177657 -0.02486915
  0.02353909 -0.02574932
  0.02541226 -0.02665802
  0.02740317 -0.02759995
  0.02952079 -0.02857664
  0.03177424 -0.02958874
  0.03417218 -0.0306364
  0.03672237 -0.03171913
  0.03943141 -0.03283579
  0.04230475 -0.03398474
  0.04534723 -0.03516417
  0.04856459 -0.03637279
  0.05196626 -0.03761082
  0.05556749 -0.03888027
  0.05938574 -0.04018346
  0.06343805 -0.04152243
  0.06773935 -0.04289865
  0.07229977 -0.04431253
  0.07712076 -0.04576265
  0.08219271 -0.0472433
  0.08749786 -0.04874453
  0.09301313 -0.05025555
  0.09871446 -0.05176633
  0.1045822 -0.05326897
  0.1106019 -0.05475763
  0.1167584 -0.05622706
  0.123036 -0.05767247
  0.1294189 -0.05908988
  0.1358929 -0.06047618
  0.142446 -0.06182934
  0.1490696 -0.06314847
  0.1557589 -0.06443365
  0.1625119 -0.06568523
  0.1693268 -0.06690347
  0.176201 -0.06808864
  0.1831312 -0.06924103
  0.1901135 -0.07036098
  0.1971432 -0.07144884
  0.2042149 -0.07250498
  0.2113229 -0.07352922
  0.2184619 -0.07452108
  0.2256277 -0.07548027
  0.2328168 -0.0764067
  0.2400265 -0.07730047
  0.2472552 -0.07816187
  0.2545022 -0.0789913
  0.2617677 -0.07978922
  0.2690514 -0.08055603
  0.2763529 -0.08129212
  0.2836714 -0.08199783
  0.2910055 -0.0826735
  0.2983536 -0.08331946
  0.3057135 -0.08393597
  0.313083 -0.08452298
  0.3204599 -0.0850803
  0.3278425 -0.08560779
  0.3352291 -0.08610535
  0.3426183 -0.08657293
  0.350009 -0.08701052
  0.3574004 -0.08741809
  0.3647918 -0.0877956
  0.3721832 -0.08814301
  0.3795747 -0.08846029
  0.3869672 -0.08874742
  0.3943616 -0.0890044
  0.4017595 -0.08923119
  0.4091627 -0.08942786
  0.4165723 -0.0895946
  0.423988 -0.08973162
  0.4314084 -0.0898391
  0.4388305 -0.08991722
  0.4462502 -0.08996622
  0.4536621 -0.08998636
  0.46106 -0.08997748
  0.4684397 -0.08993896
  0.4757991 -0.0898702
  0.4831385 -0.08977061
  0.4904604 -0.08963957
  0.4977696 -0.08947637
  0.5050727 -0.0892802
  0.5123761 -0.08905051
  0.5196811 -0.08878709
  0.526983 -0.08848994
  0.5342709 -0.08815947
  0.5415282 -0.08779656
  0.5487332 -0.08740271
  0.5558604 -0.08697945
  0.5628872 -0.08652441
  0.5698025 -0.08603356
  0.5766065 -0.08550272
  0.5833084 -0.08492746
  0.5899242 -0.08430278
  0.5964759 -0.08362289
  0.6029912 -0.0828809
  0.6095014 -0.0820728
  0.6160351 -0.08119864
  0.6226156 -0.08025853
  0.6292608 -0.07925274
  0.6359831 -0.07818212
  0.6427887 -0.07704856
  0.6496756 -0.07585549
  0.6566331 -0.07460784
  0.663646 -0.07330928
  0.6707003 -0.07196287
  0.677785 -0.0705715
  0.6848922 -0.06913769
  0.6920178 -0.06766342
  0.6991612 -0.06614997
  0.7063259 -0.06459787
  0.7135175 -0.06300743
  0.7207411 -0.0613791
  0.7280012 -0.05971349
  0.7353013 -0.05801142
  0.7426442 -0.05627394
  0.7500316 -0.05450238
  0.757464 -0.05269838
  0.7649409 -0.05086384
  0.7724597 -0.04900113
  0.7800162 -0.04711321
  0.7876039 -0.04520366
  0.7952143 -0.0432767
  0.8028369 -0.04133722
  0.8104599 -0.03939112
  0.8180731 -0.03744483
  0.8256687 -0.03550417
  0.8332417 -0.03357422
  0.8407898 -0.03165933
  0.8483129 -0.02976314
  0.8558134 -0.02788828
  0.8632929 -0.02603436
  0.8707505 -0.02420021
  0.8781827 -0.02238535
  0.885581 -0.020591
  0.8929189 -0.01882361
  0.9001468 -0.01709502
  0.907202 -0.01542263
  0.9140376 -0.01382926
  0.9206377 -0.01232981
  0.9270089 -0.01093108
  0.9331713 -0.009634709
  0.9391522 -0.008439499
  0.9449824 -0.007342991
  0.9506947 -0.006342486
  0.9563202 -0.005432356
  0.9618732 -0.004600345
  0.9673457 -0.003836869
  0.9727121 -0.003135152
  0.9779349 -0.002489957
  0.982972 -0.001896397
  0.9877798 -0.001349273
  0.9923185 -0.00084407
  0.9965626 -0.0003766821
  1.0 0.0
