NACA 64-209
  1.0 0.0
  0.9969431 0.0003201275
  0.9932449 0.0007096208
  0.9893428 0.00112318
  0.9852165 0.001563412
  0.9808444 0.002033144
  0.9762043 0.002535336
  0.9712756 0.003072896
  0.9660424 0.003648356
  0.9604976 0.004263336
  0.9546497 0.0049178
  0.9485298 0.005609145
  0.9422305 0.006327563
  0.936006 0.007044034
  0.9298437 0.00775956
  0.9236906 0.008479984
  0.9175084 0.009209595
  0.9112717 0.009951273
  0.9049689 0.01070635
  0.8986495 0.01146875
  0.8923736 0.01223084
  0.8861212 0.01299438
  0.879875 0.0137608
  0.8736217 0.01453111
  0.8673522 0.01530582
  0.8610607 0.01608501
  0.8547458 0.01686826
  0.8484108 0.01765449
  0.8420789 0.01844032
  0.8357548 0.01922488
  0.8294329 0.02000864
  0.8231086 0.02079189
  0.8167787 0.02157479
  0.810441 0.02235734
  0.8041035 0.0231383
  0.797774 0.02391646
  0.7914513 0.0246916
  0.785134 0.02546339
  0.7788207 0.02623147
  0.7725103 0.02699545
  0.7662021 0.02775493
  0.7598952 0.02850946
  0.7535894 0.02925858
  0.7472841 0.03000182
  0.7409795 0.03073884
  0.7346754 0.03146949
  0.7283718 0.0321936
  0.7220686 0.03291103
  0.7157658 0.03362162
  0.7094634 0.03432522
  0.7031613 0.03502167
  0.6968593 0.03571082
  0.6905575 0.0363925
  0.6842559 0.03706655
  0.6779545 0.03773279
  0.6716533 0.03839103
  0.6653524 0.03904108
  0.6590521 0.03968275
  0.6527525 0.04031586
  0.6464539 0.04094019
  0.6401566 0.04155548
  0.6338606 0.04216141
  0.6275661 0.04275766
  0.621273 0.04334396
  0.6149813 0.04392
  0.6086906 0.04448552
  0.6024007 0.04504024
  0.5961111 0.04558391
  0.5898214 0.04611636
  0.5835313 0.0466375
  0.5772406 0.04714719
  0.5709495 0.0476453
  0.5646582 0.04813169
  0.5583672 0.04860618
  0.5520769 0.04906861
  0.5457883 0.04951877
  0.539502 0.04995628
  0.5332187 0.05038064
  0.5269386 0.05079137
  0.5206617 0.05118804
  0.5143875 0.05157022
  0.5081154 0.05193748
  0.5018445 0.05228944
  0.4955736 0.05262572
  0.4893013 0.05294615
  0.4830269 0.05325066
  0.4767504 0.05353913
  0.4704723 0.05381144
  0.4641937 0.05406742
  0.4579163 0.0543069
  0.4516426 0.05452972
  0.4453754 0.05473562
  0.4391179 0.05492359
  0.4328719 0.05509219
  0.4266383 0.05524007
  0.4204169 0.05536592
  0.4142061 0.05546847
  0.4080034 0.05554642
  0.4018052 0.05559849
  0.3956069 0.05562347
  0.3894034 0.05562185
  0.3831905 0.05559523
  0.3769652 0.05554517
  0.3707259 0.05547324
  0.3644723 0.05538101
  0.3582051 0.05527011
  0.3519268 0.05514222
  0.3456411 0.054999
  0.3393525 0.05484087
  0.3330648 0.05466734
  0.3267812 0.05447786
  0.3205038 0.05427194
  0.3142337 0.05404903
  0.3079712 0.05380859
  0.3017157 0.05355005
  0.2954656 0.0532728
  0.2892191 0.05297664
  0.2829742 0.05266161
  0.2767296 0.0523278
  0.2704844 0.05197528
  0.2642382 0.05160414
  0.2579907 0.05121449
  0.2517423 0.05080647
  0.2454938 0.05038024
  0.2392463 0.04993578
  0.2330006 0.0494729
  0.2267578 0.04899143
  0.2205183 0.04849118
  0.2142829 0.04797195
  0.2080518 0.04743356
  0.2018253 0.04687579
  0.1956035 0.04629841
  0.1893863 0.04570091
  0.1831742 0.04508257
  0.1769678 0.04444271
  0.1707678 0.04378069
  0.1645754 0.04309589
  0.1583921 0.04238777
  0.1522195 0.04165583
  0.1460596 0.04089962
  0.1399143 0.04011846
  0.1337852 0.03931136
  0.1276729 0.03847722
  0.1215774 0.03761484
  0.1154975 0.03672293
  0.1094315 0.03580003
  0.103377 0.03484455
  0.09733064 0.03385472
  0.09129 0.03282821
  0.08526109 0.03176313
  0.07926201 0.03065986
  0.07332198 0.02952155
  0.06747663 0.02835216
  0.06174675 0.02714977
  0.05612575 0.02590711
  0.05058481 0.02461203
  0.04507821 0.02324705
  0.03959085 0.02180002
  0.03421975 0.02028992
  0.02914968 0.01877026
  0.02455177 0.01730537
  0.02050772 0.01593373
  0.01705898 0.01465208
  0.01418871 0.01346285
  0.01181026 0.01236408
  0.00982309 0.01134826
  0.008150043 0.01041096
  0.006729424 0.009545296
  0.005509889 0.008730029
  0.004450076 0.007918339
  0.003526836 0.007094119
  0.002735897 0.006279009
  0.002067121 0.005486908
  0.00150746 0.004721391
  0.001045543 0.003981886
  0.0006726266 0.003266255
  0.0003825274 0.002571851
  0.0001713724 0.001895913
  3.741502e-05 0.001235693
  -1.899437e-05 0.0005884527
  4.767086e-06 -4.861527e-05
  0.000111413 -0.000678658
  0.0002982947 -0.001305142
  0.0005636177 -0.001930993
  0.0009076601 -0.002558587
  0.001332554 -0.003189787
  0.001842171 -0.003825829
  0.002441992 -0.00446699
  0.003138695 -0.00511187
  0.003938924 -0.005755937
  0.004845945 -0.006388806
  0.005851815 -0.006989822
  0.006934219 -0.007550055
  0.008072779 -0.008122902
  0.009252482 -0.008782752
  0.01047975 -0.009522618
  0.01177333 -0.01029178
  0.01316243 -0.01102478
  0.01468836 -0.01165162
  0.01638685 -0.01215893
  0.01829974 -0.01255573
  0.02048789 -0.01285736
  0.0230407 -0.01309714
  0.0260812 -0.01335851
  0.02973752 -0.01379721
  0.03408648 -0.01449759
  0.038974 -0.01544559
  0.04399774 -0.01650213
  0.04887381 -0.01750612
  0.05362408 -0.01837263
  0.05842513 -0.01911298
  0.06343677 -0.01977473
  0.06879474 -0.02039696
  0.07459135 -0.02101899
  0.0807803 -0.0216768
  0.08711001 -0.02235321
  0.09343526 -0.02302038
  0.09964982 -0.02365504
  0.1057391 -0.02424634
  0.1117566 -0.02479932
  0.1177484 -0.02532147
  0.1237499 -0.0258184
  0.1297874 -0.02629448
  0.1358796 -0.02675314
  0.1420368 -0.02719707
  0.1482599 -0.02762833
  0.1545393 -0.02804835
  0.1608566 -0.02845677
  0.1671941 -0.02885219
  0.1735371 -0.02923357
  0.1798744 -0.02960019
  0.1861989 -0.02995162
  0.1925073 -0.03028773
  0.1988 -0.03060859
  0.2050809 -0.03091447
  0.211356 -0.03120596
  0.2176305 -0.03148376
  0.2239083 -0.03174846
  0.2301922 -0.03200055
  0.2364834 -0.03224049
  0.2427822 -0.03246866
  0.2490873 -0.0326854
  0.2553964 -0.03289097
  0.2617063 -0.03308518
  0.2680146 -0.0332676
  0.2743198 -0.03343788
  0.2806212 -0.03359566
  0.2869188 -0.03374064
  0.2932135 -0.03387251
  0.2995072 -0.03399099
  0.3058023 -0.03409587
  0.3121014 -0.03418749
  0.3184064 -0.0342664
  0.324718 -0.03433314
  0.3310358 -0.03438822
  0.3373585 -0.03443216
  0.3436836 -0.0344655
  0.3500077 -0.03448876
  0.3563263 -0.0345022
  0.3626349 -0.03450454
  0.3689307 -0.03449406
  0.3752118 -0.03446909
  0.3814781 -0.03442799
  0.3877308 -0.03436913
  0.3939723 -0.03429085
  0.4002063 -0.03419149
  0.4064378 -0.03406978
  0.4126718 -0.03392649
  0.4189123 -0.03376287
  0.4251625 -0.03358017
  0.4314241 -0.03337966
  0.437698 -0.03316261
  0.4439838 -0.03293039
  0.4502798 -0.0326844
  0.4565834 -0.03242591
  0.4628917 -0.03215534
  0.4692022 -0.0318729
  0.4755129 -0.03157882
  0.4818227 -0.03127328
  0.4881308 -0.03095645
  0.4944372 -0.03062849
  0.5007425 -0.03028951
  0.5070477 -0.02993966
  0.5133541 -0.02957929
  0.5196626 -0.02920879
  0.5259739 -0.02882859
  0.5322885 -0.0284391
  0.5386066 -0.02804076
  0.5449281 -0.02763403
  0.5512526 -0.02721938
  0.5575795 -0.02679723
  0.5639082 -0.02636785
  0.5702382 -0.02593148
  0.5765692 -0.02548836
  0.5829009 -0.02503871
  0.5892331 -0.02458276
  0.5955659 -0.02412071
  0.6018994 -0.02365278
  0.6082337 -0.02317917
  0.6145693 -0.02270015
  0.6209062 -0.02221598
  0.6272447 -0.02172691
  0.6335848 -0.02123321
  0.6399268 -0.02073515
  0.6462706 -0.020233
  0.6526163 -0.01972703
  0.658964 -0.01921753
  0.6653135 -0.01870476
  0.6716649 -0.01818902
  0.6780181 -0.01767057
  0.684373 -0.01714972
  0.6907294 -0.01662675
  0.6970873 -0.01610195
  0.7034464 -0.01557563
  0.7098066 -0.0150481
  0.7161675 -0.01451972
  0.722529 -0.01399086
  0.7288907 -0.01346189
  0.7352522 -0.01293317
  0.7416131 -0.01240507
  0.7479729 -0.01187798
  0.754331 -0.01135228
  0.7606871 -0.01082842
  0.7670406 -0.01030688
  0.7733913 -0.009788127
  0.779739 -0.00927262
  0.7860836 -0.008760805
  0.7924251 -0.008253119
  0.7987636 -0.007749989
  0.8050994 -0.00725189
  0.8114325 -0.006759642
  0.8177626 -0.006274217
  0.8240892 -0.005796614
  0.8304111 -0.005327855
  0.8367269 -0.004868976
  0.8430348 -0.004421028
  0.8493326 -0.003985064
  0.8556179 -0.003562013
  0.861889 -0.003152156
  0.8681464 -0.002755465
  0.8743926 -0.002371785
  0.8806323 -0.00200086
  0.8868721 -0.001642355
  0.8931208 -0.001295873
  0.8993894 -0.0009609701
  0.9056907 -0.0006378056
  0.9120336 -0.0003298732
  0.9184097 -4.255277e-05
  0.9247791 0.0002175299
  0.9311556 0.0004462246
  0.9374914 0.0006374218
  0.943719 0.0007858647
  0.9497829 0.0008885813
  0.9556325 0.0009453132
  0.961232 0.0009600269
  0.9665632 0.0009380515
  0.9716228 0.000884735
  0.9764172 0.0008050448
  0.9809592 0.0007033734
  0.9852646 0.0005834858
  0.9893505 0.0004485474
  0.9932341 0.0003011885
  0.9969318 0.0001435818
  1.0 0.0
