 ONERA NACA CAMBRE AIRFOIL
  1.0 0.0011998
  0.9966494 0.001697761
  0.9925037 0.002314979
  0.988018 0.002984178
  0.9831556 0.003711181
  0.97789 0.00450034
  0.9722202 0.005352255
  0.9661837 0.006261363
  0.9598443 0.007217573
  0.9532739 0.008208937
  0.9465484 0.009222267
  0.9397372 0.01024512
  0.9328912 0.01126727
  0.9260403 0.0122786
  0.9191976 0.01327066
  0.9123604 0.01423758
  0.9055149 0.01518153
  0.8986494 0.01611222
  0.8917595 0.01703891
  0.8848475 0.01797009
  0.8779237 0.01891336
  0.871004 0.01987107
  0.8640982 0.02083123
  0.8572029 0.02178063
  0.8503013 0.02270863
  0.8433697 0.0236158
  0.83639 0.02451009
  0.8293517 0.02539876
  0.8222532 0.02628815
  0.8151029 0.02718366
  0.8079175 0.02808671
  0.8007147 0.02899371
  0.793509 0.02990101
  0.7863111 0.03080539
  0.7791282 0.03170412
  0.7719636 0.032595
  0.7648172 0.03347629
  0.757686 0.03434706
  0.7505662 0.03520684
  0.7434539 0.03605518
  0.7363449 0.03689166
  0.729235 0.03771588
  0.7221198 0.03852844
  0.7149954 0.03933088
  0.7078582 0.04012475
  0.7007055 0.0409115
  0.6935346 0.04169258
  0.6863437 0.04246935
  0.6791312 0.04324313
  0.6718973 0.04401498
  0.6646462 0.04478546
  0.6573867 0.04555465
  0.6501328 0.04632211
  0.6429025 0.04708682
  0.6357144 0.04784482
  0.6285773 0.04859062
  0.6214891 0.04932003
  0.6144375 0.05003005
  0.6074009 0.05071877
  0.6003526 0.05138896
  0.5932729 0.05204699
  0.5861524 0.05269842
  0.5789931 0.05334791
  0.571809 0.05399913
  0.5646242 0.0546517
  0.5574597 0.05529992
  0.5503271 0.05593842
  0.543229 0.05656282
  0.5361596 0.0571696
  0.5291059 0.05775751
  0.5220546 0.05832836
  0.5149947 0.05888402
  0.5079175 0.05942607
  0.5008167 0.05995587
  0.4936882 0.06047466
  0.4865305 0.06098386
  0.4793451 0.06148476
  0.4721363 0.06197852
  0.4649116 0.06246612
  0.4576817 0.06294839
  0.4504603 0.06342599
  0.4432636 0.06389819
  0.436105 0.06436055
  0.4289927 0.06480843
  0.4219293 0.0652377
  0.4149127 0.06564472
  0.4079364 0.06602722
  0.4009919 0.06638549
  0.3940694 0.06672011
  0.3871576 0.06703163
  0.3802439 0.06732048
  0.373314 0.067587
  0.3663518 0.06783139
  0.3593395 0.06805482
  0.3522678 0.06826129
  0.3451436 0.06845508
  0.3379929 0.06864025
  0.3308611 0.06882061
  0.3238061 0.06899531
  0.3168587 0.0691492
  0.3099963 0.06926645
  0.3031595 0.06934099
  0.2962966 0.06937975
  0.2893839 0.06939007
  0.2824263 0.06937851
  0.275447 0.06934659
  0.2684694 0.06929393
  0.2615133 0.06922034
  0.2545948 0.06912579
  0.2477251 0.06900857
  0.2409085 0.06886459
  0.234142 0.06868962
  0.2274159 0.06847937
  0.2207146 0.06823016
  0.2140227 0.06794231
  0.2073313 0.06761725
  0.200638 0.06725659
  0.1939471 0.06686231
  0.1872705 0.06643631
  0.1806307 0.06598044
  0.1740608 0.06549712
  0.1675916 0.06498158
  0.1612267 0.06442251
  0.1549419 0.06380767
  0.1487009 0.06313303
  0.1424826 0.06240133
  0.1362846 0.0616167
  0.1301211 0.06078246
  0.1240173 0.05990269
  0.1180067 0.05898347
  0.112124 0.05802644
  0.1063841 0.05702484
  0.1007795 0.05596928
  0.09528768 0.05485133
  0.08989513 0.05367538
  0.08461541 0.05245361
  0.07948165 0.05119787
  0.07452611 0.04991334
  0.06976972 0.04860445
  0.06522372 0.04727342
  0.06089055 0.04591952
  0.05676553 0.04454233
  0.05284607 0.0431461
  0.04913702 0.04173949
  0.045644 0.04032743
  0.04236049 0.03890614
  0.0392684 0.03746922
  0.03634614 0.03601886
  0.03358131 0.03456863
  0.03097101 0.03313453
  0.028516 0.03173211
  0.02621792 0.03036881
  0.02407452 0.02904467
  0.02207868 0.02775817
  0.02022064 0.02650711
  0.01848976 0.0252893
  0.01687639 0.02410463
  0.01537163 0.02295335
  0.01396707 0.02183518
  0.01265485 0.02074948
  0.01142766 0.01969532
  0.01027882 0.01867156
  0.00920322 0.01767334
  0.008197921 0.01669299
  0.007260676 0.01572531
  0.006389268 0.01476712
  0.005581227 0.01381668
  0.004835059 0.01287503
  0.004150906 0.01194648
  0.003527467 0.01103364
  0.00296246 0.0101375
  0.002453242 0.009258055
  0.00199717 0.008394655
  0.001591792 0.007546302
  0.00123495 0.006711791
  0.0009248222 0.005889802
  0.0006599452 0.005078958
  0.0004392183 0.004277851
  0.0002619075 0.003485052
  0.0001276532 0.002699107
  3.648287e-05 0.001918529
  -1.116272e-05 0.001141776
  -1.439003e-05 0.0003672213
  2.812461e-05 -0.0004068427
  0.0001165788 -0.001181528
  0.0002501482 -0.001957185
  0.0004284546 -0.002733936
  0.0006515719 -0.003511693
  0.0009199885 -0.004290132
  0.001234583 -0.005068651
  0.001596608 -0.005846318
  0.002007674 -0.006621789
  0.002469731 -0.007393207
  0.002985038 -0.008158061
  0.003556111 -0.008913012
  0.004185617 -0.009653669
  0.004876215 -0.01037432
  0.005630267 -0.01106773
  0.006449156 -0.01172913
  0.007333272 -0.01235884
  0.008282659 -0.01295829
  0.009297129 -0.01352988
  0.01037639 -0.01407719
  0.01152186 -0.01460404
  0.01273899 -0.01511241
  0.01403442 -0.01560447
  0.01541533 -0.01608305
  0.01688913 -0.01655199
  0.01846283 -0.01701653
  0.02014185 -0.01748351
  0.0219324 -0.01795629
  0.02384295 -0.01843395
  0.02588253 -0.0189153
  0.0280615 -0.01939936
  0.03039318 -0.01988588
  0.0328934 -0.02037867
  0.0355758 -0.02088588
  0.03844684 -0.02141835
  0.04149835 -0.02198849
  0.04470815 -0.02258787
  0.0480547 -0.02318399
  0.05152859 -0.02374181
  0.0551287 -0.02427235
  0.05884425 -0.02483523
  0.06265486 -0.02548459
  0.06655525 -0.02617988
  0.07056869 -0.0268396
  0.07474767 -0.02740376
  0.07914769 -0.02790688
  0.08381219 -0.02841417
  0.08875541 -0.02900083
  0.09396816 -0.02967147
  0.09944662 -0.03038061
  0.1052032 -0.03108178
  0.1112483 -0.03177284
  0.117563 -0.03246498
  0.1240814 -0.03316709
  0.1307119 -0.03386967
  0.1373926 -0.03455794
  0.144112 -0.03522309
  0.1508874 -0.03586717
  0.1577168 -0.03649518
  0.1645682 -0.03711183
  0.1714031 -0.0377286
  0.1782001 -0.03835969
  0.1849568 -0.03900637
  0.191683 -0.03964554
  0.1983947 -0.04025355
  0.2051092 -0.04082232
  0.2118398 -0.04135464
  0.2185947 -0.041853
  0.2253775 -0.04231941
  0.2321871 -0.04275554
  0.2390209 -0.04316285
  0.2458778 -0.04354295
  0.2527588 -0.04389761
  0.2596666 -0.04422865
  0.2666035 -0.04453743
  0.2735644 -0.04482471
  0.2805352 -0.045091
  0.2874928 -0.04533668
  0.2944092 -0.04555966
  0.3012753 -0.04575284
  0.3081134 -0.04590936
  0.3149761 -0.04602385
  0.3219245 -0.04610458
  0.3289814 -0.04616825
  0.3361154 -0.04622896
  0.3432684 -0.0462855
  0.3503948 -0.04633251
  0.357469 -0.04636503
  0.3644841 -0.04637856
  0.3714499 -0.0463694
  0.3783842 -0.04633703
  0.3853033 -0.04628178
  0.3922215 -0.04620382
  0.3991514 -0.04610311
  0.4061042 -0.04597953
  0.4130899 -0.0458328
  0.4201168 -0.04566294
  0.4271911 -0.04547248
  0.434315 -0.04526511
  0.4414854 -0.04504485
  0.4486942 -0.0448161
  0.4559275 -0.04458278
  0.4631695 -0.04434507
  0.4704063 -0.04410183
  0.4776275 -0.04385188
  0.4848255 -0.04359399
  0.4919961 -0.04332687
  0.499138 -0.04304916
  0.5062526 -0.04275953
  0.513344 -0.04245685
  0.5204186 -0.04213999
  0.5274851 -0.04180764
  0.5345547 -0.04145831
  0.5416408 -0.04109064
  0.548756 -0.04070636
  0.5559064 -0.04030917
  0.5630889 -0.03990339
  0.5702918 -0.03949398
  0.5774936 -0.03908593
  0.5846705 -0.03867874
  0.5918086 -0.03826826
  0.5989063 -0.03784976
  0.6059731 -0.03741801
  0.6130291 -0.0369673
  0.6201009 -0.03649584
  0.6272102 -0.03600626
  0.634369 -0.03550198
  0.6415792 -0.03498728
  0.6488316 -0.03446733
  0.6561075 -0.03394544
  0.6633888 -0.03342201
  0.6706618 -0.032897
  0.6779174 -0.03237003
  0.6851517 -0.0318404
  0.6923646 -0.03130704
  0.6995576 -0.03076868
  0.7067328 -0.03022402
  0.7138926 -0.02967172
  0.7210401 -0.02911041
  0.7281787 -0.02853867
  0.7353125 -0.02795509
  0.7424457 -0.02735923
  0.7495827 -0.02675165
  0.7567275 -0.02613291
  0.7638842 -0.02550357
  0.7710564 -0.02486422
  0.778247 -0.02421592
  0.7854562 -0.02356039
  0.7926805 -0.02289974
  0.7999128 -0.02223647
  0.8071419 -0.02157341
  0.8143534 -0.02091374
  0.8215295 -0.02026044
  0.8286534 -0.01961145
  0.8357172 -0.01896111
  0.8427227 -0.01830311
  0.8496806 -0.01763055
  0.8566095 -0.01693611
  0.8635331 -0.01622013
  0.8704675 -0.01549386
  0.8774158 -0.01477065
  0.8843676 -0.01406204
  0.8913069 -0.01336504
  0.8982241 -0.01267171
  0.9051169 -0.01197348
  0.9119904 -0.01126123
  0.9188564 -0.01052567
  0.9257289 -0.00976522
  0.9326103 -0.008985846
  0.939487 -0.008195593
  0.9463288 -0.00740352
  0.9530844 -0.006618118
  0.9596834 -0.005849468
  0.9660492 -0.005108201
  0.9721095 -0.004403985
  0.9778008 -0.003744925
  0.9830862 -0.003135251
  0.9879675 -0.002574251
  0.9924714 -0.00205838
  0.9966346 -0.001583015
  1.0 -0.0011998
