 NLR-7223-43 AIRFOIL
  1.0 0.0
  0.9971261 0.0005109032
  0.9934681 0.001170338
  0.9893853 0.001918457
  0.9848443 0.002765398
  0.979869 0.003703503
  0.974533 0.004700935
  0.9689102 0.00572074
  0.9630581 0.006744417
  0.9570374 0.007760306
  0.9509043 0.008759418
  0.9446978 0.009736956
  0.9384318 0.01069294
  0.9320957 0.01163278
  0.9256749 0.01256461
  0.9191628 0.01349596
  0.9125628 0.01443347
  0.9058904 0.01538247
  0.89917 0.01634299
  0.8924254 0.01731139
  0.8856754 0.01828449
  0.8789335 0.01925987
  0.8722073 0.02023568
  0.8655006 0.02120863
  0.8588169 0.02217441
  0.8521599 0.0231287
  0.8455335 0.02406751
  0.838938 0.02498837
  0.8323657 0.02589024
  0.8258007 0.02677314
  0.8192205 0.02763898
  0.8126059 0.02849283
  0.8059505 0.02933889
  0.7992622 0.03017964
  0.792563 0.03101521
  0.7858765 0.03184187
  0.7792131 0.03265643
  0.7725687 0.03345755
  0.7659252 0.03424563
  0.7592596 0.03502374
  0.7525637 0.03579483
  0.7458509 0.03655948
  0.739157 0.03731583
  0.7325341 0.03805747
  0.7260191 0.03877172
  0.7196157 0.03944915
  0.7132996 0.04008408
  0.7070248 0.04067375
  0.7007353 0.04122381
  0.6943875 0.04174365
  0.6879542 0.04224093
  0.6814263 0.04272196
  0.6748168 0.04319188
  0.668158 0.04365293
  0.6614787 0.04410534
  0.6547951 0.04454911
  0.648114 0.04498209
  0.6414361 0.04540242
  0.6347571 0.04580995
  0.6280695 0.04620519
  0.6213638 0.04658946
  0.614639 0.04696525
  0.6079078 0.04733414
  0.6011867 0.04769437
  0.5944765 0.04804331
  0.5877627 0.04838062
  0.5810371 0.0487087
  0.5743087 0.04902873
  0.5675878 0.049339
  0.5608696 0.04963812
  0.5541434 0.04992721
  0.5474066 0.05020795
  0.5406662 0.05048109
  0.5339315 0.05074542
  0.5272061 0.05099964
  0.5204878 0.0512432
  0.5137674 0.05147603
  0.5070301 0.05169878
  0.5002689 0.05191427
  0.4934991 0.05212529
  0.4867534 0.05233111
  0.4800439 0.05252518
  0.4733429 0.05270323
  0.4666157 0.05286909
  0.4598543 0.05302799
  0.4530775 0.05318268
  0.4463084 0.05333198
  0.4395593 0.05347426
  0.4328304 0.05360696
  0.4261095 0.05372765
  0.419378 0.05383674
  0.4126301 0.05393727
  0.4058788 0.05403129
  0.3991397 0.0541172
  0.3924145 0.05419264
  0.385693 0.05425677
  0.3789662 0.05431023
  0.3722301 0.05435385
  0.3654877 0.0543889
  0.3587484 0.05441621
  0.3520203 0.05443445
  0.3453012 0.05444179
  0.3385817 0.05443781
  0.331858 0.05442372
  0.3251345 0.05440006
  0.3184165 0.05436637
  0.3117065 0.05432209
  0.3050037 0.0542665
  0.2983046 0.05419889
  0.291605 0.05411935
  0.2849067 0.05402874
  0.2782172 0.05392703
  0.2715409 0.05381258
  0.2648748 0.05368395
  0.258212 0.05354098
  0.251544 0.05338384
  0.2448693 0.05321383
  0.2382064 0.05303306
  0.2315801 0.05283944
  0.2249791 0.05262603
  0.2183638 0.05239132
  0.211738 0.0521434
  0.2051445 0.0518827
  0.1985864 0.05160212
  0.1920269 0.05129825
  0.1854541 0.05097608
  0.1788994 0.050639
  0.1723848 0.05028266
  0.1658995 0.04990281
  0.1594245 0.04949899
  0.1529553 0.04907325
  0.1465299 0.04863145
  0.1402065 0.04817264
  0.1339761 0.04768306
  0.1277854 0.04716107
  0.1216978 0.04663129
  0.115821 0.0460873
  0.1101526 0.04551083
  0.1047037 0.04492282
  0.09958166 0.04431135
  0.09466888 0.04364133
  0.08978388 0.04286729
  0.08484792 0.04199136
  0.07987565 0.04103668
  0.0749366 0.04001131
  0.07003895 0.03891333
  0.06520128 0.03775334
  0.06047518 0.0365467
  0.05590591 0.03530362
  0.05152107 0.0340291
  0.04733587 0.032728
  0.0433655 0.03141109
  0.03962587 0.03009213
  0.03612656 0.02878304
  0.03287181 0.02748929
  0.02985784 0.02621469
  0.02707388 0.02496229
  0.02450513 0.02373526
  0.02213775 0.0225396
  0.0199596 0.02138145
  0.01795807 0.02026539
  0.01611968 0.01919375
  0.01443239 0.01816506
  0.01288471 0.01717691
  0.01146487 0.01622713
  0.01016116 0.01531353
  0.008962662 0.0144336
  0.007862072 0.01358201
  0.006852915 0.0127527
  0.005928173 0.01194068
  0.005080979 0.01114187
  0.004304941 0.01035297
  0.003595008 0.009571246
  0.002951224 0.008794177
  0.002374781 0.008019732
  0.001866015 0.007246392
  0.001424627 0.006473021
  0.00104971 0.005698988
  0.0007380098 0.004926591
  0.0004848936 0.004158979
  0.0002862609 0.003397845
  0.0001387641 0.002643798
  3.988665e-05 0.001896662
  -1.201335e-05 0.001155665
  -1.76497e-05 0.0004195378
  2.342952e-05 -0.0003133838
  0.0001175174 -0.00104215
  0.0002780494 -0.001761558
  0.0005207975 -0.002464686
  0.0008594181 -0.00314362
  0.001287199 -0.003793118
  0.001794158 -0.004408574
  0.002377723 -0.004985164
  0.00303641 -0.00551745
  0.003767767 -0.006006764
  0.004567314 -0.006461168
  0.005430649 -0.006889438
  0.006359428 -0.007299087
  0.007355666 -0.007699409
  0.008421036 -0.008099828
  0.009561769 -0.008502188
  0.01078669 -0.008907006
  0.01210649 -0.009315675
  0.01353328 -0.009730411
  0.01508067 -0.01015359
  0.01676509 -0.01058654
  0.0186065 -0.01103101
  0.02062953 -0.01149017
  0.02286154 -0.01196856
  0.02533073 -0.01246916
  0.0280661 -0.01299187
  0.0310975 -0.01353558
  0.03445601 -0.01409754
  0.03817916 -0.01467597
  0.04229806 -0.015275
  0.0468064 -0.01589049
  0.05169447 -0.01651581
  0.05692932 -0.01714798
  0.06244448 -0.01777265
  0.0682209 -0.01838336
  0.07422446 -0.01899032
  0.08037094 -0.0195857
  0.08662094 -0.02016037
  0.09297545 -0.02071477
  0.09941061 -0.02125828
  0.1058568 -0.02178302
  0.112334 -0.02227925
  0.1188852 -0.02276049
  0.1254677 -0.02323215
  0.1320487 -0.0236873
  0.1386396 -0.02412467
  0.1452535 -0.02454588
  0.1518864 -0.02495413
  0.158514 -0.0253491
  0.1651388 -0.02572599
  0.1717919 -0.02608752
  0.1784636 -0.02643994
  0.1851105 -0.02677967
  0.1917414 -0.02709873
  0.198411 -0.02740066
  0.2051264 -0.02769671
  0.2118376 -0.02798725
  0.2185221 -0.02826485
  0.2251995 -0.02852725
  0.2318927 -0.02877572
  0.238613 -0.02901356
  0.2453466 -0.02924506
  0.2520661 -0.02946886
  0.2587677 -0.02968026
  0.2654728 -0.02987819
  0.2721947 -0.03006568
  0.2789247 -0.03024462
  0.285652 -0.03041405
  0.2923802 -0.03057314
  0.2991176 -0.03072294
  0.305862 -0.03086496
  0.312602 -0.03099922
  0.3193327 -0.03112383
  0.3260606 -0.03123786
  0.3327901 -0.03134167
  0.3395191 -0.03143547
  0.3462474 -0.03151904
  0.3529839 -0.0315923
  0.3597389 -0.03165691
  0.3665063 -0.03171579
  0.3732609 -0.0317699
  0.3799871 -0.03181478
  0.3866995 -0.03184619
  0.393422 -0.03186528
  0.4001599 -0.03187496
  0.4069033 -0.03187629
  0.4136435 -0.03186893
  0.4203775 -0.03185257
  0.4271053 -0.03182683
  0.4338279 -0.03179132
  0.440547 -0.03174565
  0.4472648 -0.03168941
  0.4539844 -0.03162233
  0.4607085 -0.03154477
  0.4674384 -0.03145725
  0.4741744 -0.03136031
  0.4809151 -0.03125449
  0.4876578 -0.03114025
  0.4943992 -0.03101734
  0.5011351 -0.03088536
  0.5078612 -0.03074395
  0.5145725 -0.03059276
  0.5212642 -0.03043129
  0.5279325 -0.03025838
  0.5345756 -0.03007274
  0.5411943 -0.02987307
  0.5477911 -0.02965802
  0.5543699 -0.02942588
  0.56093 -0.02917419
  0.5674612 -0.02890078
  0.5739445 -0.02860411
  0.5803535 -0.02828344
  0.5866574 -0.02793793
  0.5928359 -0.02756271
  0.598891 -0.02715146
  0.6048435 -0.02669719
  0.6107284 -0.02619163
  0.6165937 -0.02562432
  0.6224992 -0.02498777
  0.6284998 -0.02428352
  0.6346343 -0.02351518
  0.640921 -0.02268946
  0.6473489 -0.02181849
  0.6538695 -0.0209206
  0.660419 -0.02001344
  0.6669532 -0.01911128
  0.6734538 -0.01822465
  0.6799282 -0.01736028
  0.6864027 -0.01651888
  0.692901 -0.01569582
  0.6994332 -0.01488778
  0.7059952 -0.01409322
  0.7125676 -0.01331239
  0.7191221 -0.01254935
  0.7256387 -0.0118098
  0.732111 -0.01109774
  0.7385449 -0.01041564
  0.7449577 -0.00976459
  0.7513715 -0.00914285
  0.7578001 -0.008547904
  0.7642464 -0.007978377
  0.7707022 -0.007433864
  0.7771502 -0.006915353
  0.7835786 -0.006424905
  0.7899898 -0.005963602
  0.7964001 -0.005531628
  0.8028401 -0.005128382
  0.8093454 -0.004749171
  0.8159316 -0.004386956
  0.8225822 -0.00403593
  0.8292449 -0.003692277
  0.8358536 -0.003361732
  0.8423757 -0.00305414
  0.8488192 -0.002776793
  0.8552258 -0.002535152
  0.8616598 -0.00232643
  0.868171 -0.002137656
  0.8747775 -0.001955641
  0.88146 -0.001768623
  0.8881743 -0.001576946
  0.8948823 -0.001387031
  0.9015597 -0.001204907
  0.9081968 -0.00103601
  0.914797 -0.000884399
  0.9213716 -0.0007493992
  0.9279346 -0.0006288998
  0.9345026 -0.0005208946
  0.9410945 -0.0004234584
  0.9477292 -0.0003347896
  0.9543938 -0.0002535968
  0.9610147 -0.0001791617
  0.9674666 -0.0001110848
  0.9736077 -4.902668e-05
  0.9793222 4.844224e-06
  0.9845314 4.099706e-05
  0.9892043 5.420733e-05
  0.9933667 4.736771e-05
  0.9970824 2.635489e-05
  1.0 0.0
