 NLR-7223-62 AIRFOIL
  1.0 0.0
  0.9970842 0.0003199164
  0.9934253 0.0007485186
  0.9893971 0.001255436
  0.9849488 0.001857881
  0.9800432 0.002563931
  0.9746686 0.003358611
  0.9688487 0.00421079
  0.9626543 0.00510135
  0.9561994 0.006015584
  0.9496104 0.006938991
  0.9429882 0.007861908
  0.9363839 0.008782083
  0.9298065 0.009703076
  0.9232547 0.0106297
  0.9167256 0.01156696
  0.9102142 0.01252007
  0.9037139 0.01349389
  0.8972173 0.01448997
  0.890718 0.0155086
  0.8842112 0.0165499
  0.8776936 0.01761383
  0.8711631 0.01869912
  0.8646173 0.01979911
  0.8580527 0.02090528
  0.8514656 0.02200908
  0.8448516 0.02310405
  0.8382085 0.02419117
  0.8315356 0.02527284
  0.8248343 0.02635122
  0.818108 0.02742802
  0.8113646 0.0285038
  0.8046181 0.02957815
  0.7978883 0.03064975
  0.7911993 0.03171439
  0.7845731 0.0327621
  0.7780255 0.03378324
  0.7715672 0.03476965
  0.7652036 0.03571463
  0.7589338 0.03661281
  0.752747 0.03746061
  0.7466237 0.03825582
  0.7405363 0.038997
  0.7344502 0.03968416
  0.7283305 0.04032385
  0.7221495 0.04092373
  0.7158877 0.04149021
  0.7095345 0.04202886
  0.7030891 0.0425443
  0.6965571 0.04304023
  0.6899486 0.04352039
  0.6832781 0.04398868
  0.6765657 0.04444911
  0.6698346 0.04490381
  0.6631036 0.04535041
  0.6563804 0.04578655
  0.6496646 0.04621056
  0.6429513 0.04662123
  0.6362329 0.04701907
  0.6295036 0.04740545
  0.6227598 0.04778174
  0.6160025 0.04814944
  0.60924 0.04850972
  0.602484 0.04886171
  0.5957407 0.04920291
  0.589008 0.04953157
  0.5822759 0.04984749
  0.5755281 0.05015136
  0.5687543 0.05044666
  0.5619699 0.05073687
  0.5552028 0.05101999
  0.5484584 0.0512917
  0.541713 0.05154977
  0.5349417 0.0517981
  0.5281532 0.05204132
  0.5213785 0.05227817
  0.5146282 0.05250439
  0.5078847 0.05271741
  0.5011232 0.05291957
  0.4943405 0.05311444
  0.4875572 0.05330349
  0.4807904 0.05348356
  0.4740327 0.05365185
  0.4672663 0.05380959
  0.4604841 0.05395913
  0.453692 0.05410197
  0.4469022 0.0542379
  0.4401267 0.05436614
  0.4333696 0.05448442
  0.4266182 0.05459027
  0.4198491 0.05468432
  0.4130553 0.0547709
  0.4062571 0.05485329
  0.3994802 0.05492885
  0.392727 0.05499333
  0.3859802 0.05504506
  0.3792238 0.05508539
  0.3724531 0.05511591
  0.3656735 0.05513848
  0.3588997 0.05515434
  0.3521443 0.05516134
  0.3454046 0.05515635
  0.3386663 0.05513833
  0.3319196 0.05510879
  0.3251653 0.055069
  0.318409 0.05501963
  0.3116589 0.05496111
  0.3049207 0.05489226
  0.2981909 0.05481128
  0.2914613 0.05471795
  0.2847325 0.05461344
  0.2780141 0.05449784
  0.2713102 0.05436931
  0.2646137 0.05422628
  0.2579178 0.05406925
  0.2512253 0.05389907
  0.2445431 0.05371519
  0.2378742 0.05351635
  0.2312161 0.0533015
  0.2245622 0.05306976
  0.2179061 0.05282172
  0.2112582 0.05255994
  0.2046367 0.05228333
  0.1980396 0.05198789
  0.1914497 0.05167182
  0.1848681 0.05133748
  0.1783174 0.05098516
  0.1717996 0.05060942
  0.1652906 0.05020807
  0.1587855 0.04978743
  0.1523159 0.04935115
  0.1459315 0.04889989
  0.139671 0.0484289
  0.1335133 0.04792611
  0.1274226 0.04739936
  0.1214992 0.04688047
  0.1158063 0.04632937
  0.1102913 0.04576489
  0.1050412 0.04518919
  0.1000522 0.04459201
  0.09531945 0.04394729
  0.09065746 0.04321732
  0.0859054 0.04238116
  0.08106007 0.04145645
  0.07621419 0.04046252
  0.07139296 0.03939311
  0.06660566 0.03825541
  0.06190559 0.03706712
  0.05734279 0.03583752
  0.05294168 0.03457377
  0.048733 0.03328899
  0.04474436 0.03199087
  0.04098213 0.03068445
  0.03744994 0.02938577
  0.03415951 0.02810588
  0.03111217 0.02684752
  0.02829716 0.02561151
  0.02569743 0.0243978
  0.02329536 0.0232096
  0.02107745 0.02205315
  0.01903212 0.02093413
  0.01714758 0.01985662
  0.01541224 0.01882174
  0.01381584 0.01782708
  0.01234764 0.0168701
  0.01099665 0.01594839
  0.00975206 0.01505959
  0.008604539 0.01420066
  0.007548123 0.01336596
  0.006576756 0.01255021
  0.005684132 0.01174909
  0.004864158 0.01095912
  0.004111171 0.01017745
  0.003421619 0.009401637
  0.002796976 0.008629342
  0.002238702 0.007858654
  0.001747374 0.007088076
  0.001322934 0.006316437
  0.0009644922 0.005543307
  0.0006682446 0.004771486
  0.0004295462 0.004003844
  0.0002444009 0.003241926
  0.0001095895 0.002486309
  2.271975e-05 0.001736857
  -1.77412e-05 0.000992872
  -1.241765e-05 0.0002531799
  3.965185e-05 -0.0004835152
  0.000147618 -0.001214522
  0.0003268913 -0.00193352
  0.0005951159 -0.002632645
  0.0009623292 -0.003304399
  0.001415568 -0.003945004
  0.001945188 -0.004550472
  0.002549395 -0.005115993
  0.003226817 -0.005636898
  0.003974686 -0.006116012
  0.004788565 -0.006560032
  0.005665804 -0.006976878
  0.006607891 -0.007376333
  0.007614744 -0.007771141
  0.008686969 -0.008170057
  0.009831506 -0.008570241
  0.01105872 -0.008968166
  0.0123798 -0.009366071
  0.01380594 -0.009769276
  0.01534884 -0.01018221
  0.01702303 -0.01060596
  0.01884633 -0.01104175
  0.02084101 -0.0114911
  0.02303276 -0.0119556
  0.02545006 -0.01243736
  0.0281225 -0.01293935
  0.03107728 -0.01346327
  0.03434068 -0.01400517
  0.03794707 -0.01456047
  0.04193896 -0.01513145
  0.04633232 -0.01572371
  0.05109395 -0.01633711
  0.05618919 -0.01694656
  0.06162233 -0.01754889
  0.06733983 -0.01815211
  0.07326904 -0.01874372
  0.07938819 -0.01932322
  0.085639 -0.01989131
  0.0919778 -0.02044099
  0.09839328 -0.02097291
  0.1048527 -0.02148472
  0.1113581 -0.02197265
  0.1179308 -0.02244547
  0.1245396 -0.02290918
  0.1311462 -0.02335776
  0.1377462 -0.02378622
  0.144371 -0.02419331
  0.1510426 -0.02458836
  0.1577132 -0.02497598
  0.1643574 -0.02534456
  0.1710242 -0.02569328
  0.1777279 -0.026032
  0.184424 -0.02636091
  0.1911011 -0.02667256
  0.1977969 -0.02696729
  0.204524 -0.0272525
  0.2112512 -0.02752919
  0.2179665 -0.02779251
  0.2246907 -0.02804225
  0.2314305 -0.02828204
  0.2381702 -0.02851216
  0.244905 -0.02873035
  0.2516454 -0.02893663
  0.2583965 -0.02913265
  0.2651529 -0.02931919
  0.2719102 -0.02949585
  0.2786708 -0.02966252
  0.2854372 -0.02981984
  0.2922061 -0.0299684
  0.2989718 -0.03010785
  0.3057312 -0.03023753
  0.3124852 -0.03035687
  0.3192382 -0.03046536
  0.3259972 -0.03056314
  0.332768 -0.03065132
  0.3395535 -0.030731
  0.3463526 -0.03080327
  0.3531613 -0.03086915
  0.3599733 -0.03092883
  0.3667836 -0.03098194
  0.3735894 -0.0310281
  0.3803903 -0.03106698
  0.3871879 -0.03109831
  0.3939846 -0.03112213
  0.4007825 -0.03113857
  0.4075826 -0.03114777
  0.4143851 -0.03114985
  0.4211899 -0.03114488
  0.4279958 -0.03113283
  0.4348016 -0.03111366
  0.4416055 -0.03108734
  0.4484055 -0.03105385
  0.4551993 -0.03101305
  0.4619854 -0.03096452
  0.4687641 -0.03090779
  0.475537 -0.03084235
  0.4823078 -0.03076771
  0.4890809 -0.03068354
  0.4958597 -0.03059011
  0.5026441 -0.03048782
  0.5094309 -0.0303771
  0.5162132 -0.03025849
  0.5229822 -0.03013187
  0.5297322 -0.02999604
  0.536464 -0.02984964
  0.5431838 -0.02969118
  0.5499035 -0.02951903
  0.5566391 -0.02933328
  0.563403 -0.02913652
  0.5702014 -0.02893169
  0.577033 -0.02872203
  0.5838892 -0.02851104
  0.5907555 -0.02830019
  0.5976186 -0.02808845
  0.604469 -0.02787459
  0.6113012 -0.02765727
  0.6181138 -0.02743504
  0.6249085 -0.0272067
  0.6316888 -0.02697128
  0.6384591 -0.02672781
  0.6452248 -0.02647526
  0.6519923 -0.02621262
  0.6587681 -0.02594006
  0.6655565 -0.02565866
  0.6723589 -0.02536968
  0.6791737 -0.02507447
  0.6859966 -0.02477486
  0.6928212 -0.0244735
  0.6996404 -0.02417324
  0.7064459 -0.02387694
  0.7132289 -0.02358721
  0.7199813 -0.0233025
  0.7267011 -0.02301765
  0.7333926 -0.02272725
  0.7400671 -0.02242572
  0.7467413 -0.02210832
  0.7534322 -0.02177737
  0.7601483 -0.02143839
  0.7668873 -0.02109753
  0.7736363 -0.02076113
  0.7803763 -0.02042938
  0.7870952 -0.02009748
  0.7937903 -0.01976012
  0.8004686 -0.01941163
  0.8071447 -0.01904915
  0.8138313 -0.01867772
  0.8205313 -0.01830414
  0.8272373 -0.01793577
  0.8339338 -0.01757529
  0.8406071 -0.01721689
  0.8472508 -0.01685373
  0.8538664 -0.01647873
  0.860461 -0.01608634
  0.8670409 -0.01567579
  0.8736052 -0.01524748
  0.8801465 -0.01480212
  0.886651 -0.01433774
  0.8931014 -0.01385021
  0.8994778 -0.01333607
  0.9057592 -0.01279272
  0.9119245 -0.01221851
  0.9179588 -0.01161229
  0.923868 -0.01097157
  0.9296787 -0.01029161
  0.9354341 -0.009564945
  0.9411937 -0.008780394
  0.9470333 -0.007924758
  0.9530056 -0.00699498
  0.9590871 -0.006001908
  0.9651534 -0.004975576
  0.9709985 -0.00396314
  0.9764195 -0.003013856
  0.9813262 -0.002180367
  0.9857648 -0.00149276
  0.9898262 -0.0009509081
  0.9935896 -0.0005318174
  0.9971107 -0.000211451
  1.0 0.0
