NN7 MK20
  1.0 0.0
  0.9965251 0.0009348046
  0.9920968 0.002121898
  0.9872289 0.003425479
  0.9819688 0.004822129
  0.9763942 0.006284085
  0.9705753 0.007779225
  0.9645485 0.009293146
  0.9583524 0.01082332
  0.9520353 0.01236249
  0.9456301 0.01390416
  0.9391509 0.01544976
  0.9326165 0.0170036
  0.9260588 0.0185667
  0.9195048 0.0201384
  0.9129615 0.02172216
  0.9064181 0.02332245
  0.8998619 0.02494029
  0.8932859 0.02657518
  0.8866886 0.02822488
  0.8800737 0.02988541
  0.8734507 0.03155128
  0.8668327 0.03321575
  0.860228 0.03487277
  0.8536372 0.03651831
  0.8470534 0.03815094
  0.8404679 0.03977285
  0.8338734 0.04138653
  0.8272645 0.04299402
  0.8206381 0.0445974
  0.8139935 0.046199
  0.807333 0.04780057
  0.8006614 0.04940319
  0.7939854 0.05100672
  0.7873099 0.0526106
  0.7806378 0.05421479
  0.7739697 0.05581972
  0.7673048 0.05742514
  0.7606431 0.05902975
  0.7539863 0.06063183
  0.7473377 0.06222926
  0.7407016 0.06381931
  0.7340811 0.06539912
  0.7274772 0.06696629
  0.7208888 0.06851898
  0.7143132 0.07005595
  0.7077474 0.0715768
  0.7011888 0.07308111
  0.6946358 0.07456833
  0.6880871 0.07603774
  0.6815422 0.07748866
  0.6750008 0.07892055
  0.6684625 0.08033286
  0.6619272 0.08172503
  0.6553945 0.08309651
  0.6488644 0.0844467
  0.6423367 0.08577502
  0.6358116 0.08708085
  0.6292891 0.08836357
  0.6227695 0.08962252
  0.616253 0.09085693
  0.6097399 0.09206602
  0.6032305 0.09324901
  0.5967251 0.09440513
  0.590224 0.09553358
  0.5837274 0.09663345
  0.5772357 0.09770381
  0.5707489 0.09874379
  0.5642671 0.09975251
  0.5577904 0.1007291
  0.5513186 0.1016728
  0.5448515 0.1025827
  0.5383888 0.1034582
  0.5319296 0.1042984
  0.5254733 0.1051027
  0.519019 0.1058707
  0.512566 0.1066021
  0.5061136 0.1072966
  0.4996611 0.1079536
  0.4932078 0.1085729
  0.4867529 0.1091546
  0.4802954 0.1096988
  0.473834 0.1102056
  0.4673671 0.1106753
  0.4608928 0.111108
  0.4544098 0.1115045
  0.4479178 0.1118653
  0.4414179 0.1121912
  0.4349123 0.1124827
  0.4284044 0.1127403
  0.4218979 0.1129635
  0.4153948 0.1131517
  0.4088964 0.1133042
  0.4024026 0.1134207
  0.3959121 0.1135007
  0.3894236 0.1135439
  0.3829371 0.1135503
  0.3764535 0.1135197
  0.369975 0.113452
  0.3635047 0.1133468
  0.3570453 0.1132033
  0.3505979 0.1130205
  0.3441624 0.1127973
  0.3377366 0.1125325
  0.3313177 0.1122255
  0.324903 0.111876
  0.3184914 0.111484
  0.3120832 0.1110495
  0.3056805 0.1105729
  0.299286 0.1100539
  0.2929014 0.1094922
  0.2865263 0.1088871
  0.2801584 0.1082379
  0.2737936 0.1075436
  0.2674273 0.1068043
  0.2610574 0.1060208
  0.2546845 0.1051942
  0.2483118 0.104326
  0.2419453 0.1034175
  0.23559 0.1024688
  0.2292485 0.1014794
  0.2229209 0.1004486
  0.2166046 0.09937531
  0.2102971 0.09825914
  0.2039988 0.09710029
  0.1977131 0.0958996
  0.1914464 0.09465849
  0.1852069 0.09337712
  0.1789999 0.0920542
  0.1728272 0.09068784
  0.1666871 0.08927549
  0.1605763 0.08781496
  0.1544938 0.08630517
  0.1484413 0.08474579
  0.1424239 0.08313725
  0.136448 0.08147936
  0.1305178 0.07977083
  0.1246351 0.07800972
  0.1187988 0.07619355
  0.1130085 0.07432061
  0.1072668 0.07239047
  0.1015797 0.07040407
  0.09595595 0.06836266
  0.09040287 0.06626607
  0.08492428 0.06411303
  0.07952098 0.06190176
  0.07419615 0.05963395
  0.06896211 0.05731646
  0.06383953 0.05496055
  0.05885652 0.05257748
  0.05404415 0.05017916
  0.04943106 0.04777959
  0.04504227 0.04539098
  0.04089657 0.04302263
  0.03700317 0.04068286
  0.03336559 0.03838034
  0.02999171 0.03612986
  0.0268891 0.03394978
  0.02405825 0.03185505
  0.02149278 0.02984958
  0.01917602 0.02793022
  0.01708529 0.02609111
  0.015197 0.02432606
  0.01349184 0.02263321
  0.01195461 0.02101379
  0.01057123 0.01946901
  0.00932762 0.01799881
  0.008209354 0.01660189
  0.007201163 0.01527512
  0.006288494 0.01401322
  0.005458499 0.01281021
  0.004700221 0.01166017
  0.004004525 0.01055763
  0.003366349 0.009496663
  0.002785165 0.00847291
  0.002260955 0.007485013
  0.001793063 0.00653312
  0.001379807 0.005617776
  0.001018474 0.004739292
  0.0007081769 0.003897855
  0.0004523622 0.003091953
  0.0002525057 0.002316525
  0.000109205 0.001564848
  2.361829e-05 0.0008295131
  -1.56936e-06 0.0001025273
  3.772614e-05 -0.0006245693
  0.0001421775 -0.001357423
  0.0003129867 -0.002098917
  0.0005537769 -0.002849787
  0.0008699312 -0.003607759
  0.001267368 -0.004366122
  0.00174917 -0.005119092
  0.002314631 -0.005866479
  0.002960701 -0.006609441
  0.003681854 -0.007350636
  0.004470012 -0.00809481
  0.005320247 -0.008846771
  0.006238392 -0.009607427
  0.007232772 -0.01037706
  0.008313153 -0.01115584
  0.009490993 -0.01194369
  0.01077943 -0.01274058
  0.01219224 -0.01354846
  0.01374449 -0.01437094
  0.01545267 -0.01521315
  0.017334 -0.01608257
  0.01940775 -0.0169877
  0.02170006 -0.01793367
  0.02423932 -0.01892574
  0.02705343 -0.01997069
  0.03016874 -0.02107464
  0.03360735 -0.02223582
  0.03737999 -0.02344784
  0.04148589 -0.02470163
  0.04591447 -0.02598374
  0.05063997 -0.02727679
  0.05562857 -0.02856371
  0.06084737 -0.0298294
  0.06626612 -0.03106147
  0.07186611 -0.032253
  0.07763851 -0.0334052
  0.0835725 -0.03452251
  0.08965334 -0.03561043
  0.09586297 -0.03667321
  0.1021791 -0.03771514
  0.1085753 -0.03874044
  0.1150245 -0.03974785
  0.1215024 -0.04073429
  0.127988 -0.04169745
  0.1344659 -0.04263305
  0.1409264 -0.04353566
  0.1473661 -0.04440082
  0.1537866 -0.04522544
  0.1601929 -0.04600818
  0.1665918 -0.04674803
  0.1729927 -0.04744413
  0.1794057 -0.04809747
  0.185839 -0.04871112
  0.1922975 -0.04928781
  0.1987832 -0.04982995
  0.2052951 -0.05033968
  0.2118323 -0.05081907
  0.218394 -0.05127033
  0.2249799 -0.05169571
  0.2315895 -0.05209729
  0.2382211 -0.05247686
  0.2448708 -0.05283612
  0.251532 -0.05317674
  0.2581967 -0.0534993
  0.2648571 -0.0538023
  0.2715078 -0.05408417
  0.2781457 -0.05434347
  0.2847694 -0.05457887
  0.2913793 -0.05478902
  0.2979767 -0.05497251
  0.3045638 -0.05512798
  0.3111434 -0.05525407
  0.3177193 -0.05535016
  0.3242951 -0.05541668
  0.3308746 -0.05545406
  0.3374615 -0.05546265
  0.3440593 -0.05544286
  0.3506712 -0.05539591
  0.3572987 -0.05532357
  0.3639417 -0.0552276
  0.3705977 -0.05510985
  0.3772629 -0.0549719
  0.3839323 -0.05481399
  0.3906012 -0.05463605
  0.3972655 -0.05443806
  0.4039214 -0.05422005
  0.4105653 -0.05398155
  0.4171946 -0.05372112
  0.4238071 -0.05343719
  0.4304014 -0.05312821
  0.436977 -0.05279266
  0.4435337 -0.05242899
  0.4500719 -0.05203571
  0.4565923 -0.0516113
  0.4630959 -0.05115422
  0.469584 -0.05066293
  0.4760582 -0.05013621
  0.4825205 -0.04957339
  0.4889731 -0.04897377
  0.4954185 -0.04833657
  0.5018594 -0.04766091
  0.5082989 -0.04694638
  0.5147399 -0.04619346
  0.521185 -0.04540275
  0.527636 -0.04457485
  0.5340945 -0.04371037
  0.5405617 -0.04281015
  0.5470384 -0.04187535
  0.5535253 -0.04090727
  0.5600226 -0.03990722
  0.5665305 -0.03887659
  0.5730488 -0.03781677
  0.5795774 -0.03672903
  0.586116 -0.03561463
  0.592665 -0.03447482
  0.5992242 -0.03331086
  0.6057942 -0.03212405
  0.6123756 -0.03091579
  0.6189693 -0.02968744
  0.6255767 -0.02844032
  0.6321993 -0.02717569
  0.6388388 -0.02589503
  0.6454954 -0.02460029
  0.6521673 -0.02329393
  0.6588501 -0.02197884
  0.6655377 -0.02065851
  0.6722222 -0.01933734
  0.6788962 -0.01802008
  0.6855523 -0.01671138
  0.6921838 -0.0154157
  0.6987845 -0.01413773
  0.7053497 -0.01288286
  0.7118767 -0.01165614
  0.7183643 -0.01046206
  0.724813 -0.00930463
  0.7312245 -0.008187484
  0.7376011 -0.00711398
  0.7439462 -0.006087236
  0.7502636 -0.005110182
  0.7565579 -0.004185244
  0.7628338 -0.003313455
  0.7690965 -0.002495587
  0.7753518 -0.001732479
  0.7816063 -0.001024972
  0.7878661 -0.000372503
  0.7941359 0.0002263373
  0.8004184 0.0007726539
  0.8067144 0.001267304
  0.813023 0.001711001
  0.819344 0.00210448
  0.8256782 0.002448539
  0.8320276 0.002744005
  0.8383951 0.002992071
  0.8447824 0.003194391
  0.851189 0.003352588
  0.8576125 0.003468226
  0.8640496 0.003542109
  0.8705003 0.003574542
  0.8769686 0.003565802
  0.8834622 0.003516974
  0.8899898 0.003431333
  0.8965596 0.003312457
  0.9031782 0.003164396
  0.9098483 0.002993268
  0.9165654 0.002806182
  0.9233166 0.002609751
  0.9300837 0.002407989
  0.9368453 0.002204578
  0.9435768 0.002003197
  0.9502475 0.001807463
  0.9568228 0.00161579
  0.9632722 0.001417679
  0.9695671 0.001207525
  0.9756493 0.0009911262
  0.9814355 0.0007712953
  0.986857 0.0005474263
  0.9918634 0.0003403002
  0.9964159 0.0001490315
  1.0 0.0
