 NPL 9626 AIRFOIL
  1.0 0.0012599
  0.9966087 0.001778041
  0.9923863 0.002412146
  0.9878076 0.003094976
  0.9828658 0.00383104
  0.9775668 0.004617586
  0.9719244 0.005450245
  0.9659613 0.006323988
  0.9597084 0.007232528
  0.9531988 0.008170073
  0.9464699 0.009131616
  0.9395629 0.0101121
  0.9325173 0.01110631
  0.9253677 0.01210835
  0.9181411 0.01311319
  0.9108542 0.0141174
  0.9035154 0.01511979
  0.8961331 0.01611996
  0.8887168 0.01711738
  0.8812776 0.01811131
  0.8738258 0.01910012
  0.8663687 0.02008212
  0.8589094 0.02105614
  0.8514471 0.02202156
  0.8439778 0.02297868
  0.836498 0.02392859
  0.8290064 0.02487217
  0.8215038 0.02581004
  0.8139934 0.02674249
  0.80648 0.02766913
  0.7989676 0.02858904
  0.7914589 0.0295015
  0.783955 0.03040595
  0.7764557 0.03130201
  0.7689593 0.03218959
  0.7614642 0.0330689
  0.7539686 0.03394015
  0.7464715 0.03480349
  0.7389717 0.03565906
  0.7314688 0.03650695
  0.7239622 0.03734729
  0.7164521 0.03818022
  0.7089391 0.03900584
  0.7014241 0.03982421
  0.6939084 0.04063532
  0.686394 0.04143911
  0.6788828 0.04223521
  0.6713759 0.04302313
  0.663874 0.04380246
  0.6563769 0.04457287
  0.6488837 0.0453341
  0.6413931 0.04608597
  0.633903 0.04682856
  0.6264123 0.04756211
  0.61892 0.04828679
  0.6114264 0.04900268
  0.603932 0.04970981
  0.5964383 0.05040816
  0.5889473 0.05109749
  0.5814607 0.05177727
  0.5739799 0.05244699
  0.5665055 0.05310619
  0.5590377 0.05375447
  0.5515763 0.05439147
  0.5441202 0.05501692
  0.5366684 0.05563072
  0.5292198 0.0562329
  0.5217737 0.05682344
  0.5143295 0.05740232
  0.5068868 0.05796948
  0.4994454 0.05852486
  0.4920053 0.05906832
  0.484567 0.05959952
  0.4771317 0.06011808
  0.4697011 0.06062356
  0.4622777 0.06111553
  0.4548645 0.06159349
  0.4474651 0.06205696
  0.4400829 0.06250524
  0.4327195 0.06293758
  0.4253736 0.0633534
  0.4180418 0.06375224
  0.4107184 0.06413373
  0.4033952 0.06449759
  0.3960619 0.06484381
  0.3887105 0.06517345
  0.3813394 0.06548759
  0.3739543 0.065787
  0.3665683 0.06607224
  0.3592019 0.06634372
  0.351882 0.06660157
  0.3446369 0.06684221
  0.337485 0.06705917
  0.330432 0.06724682
  0.3234734 0.06740031
  0.3165962 0.06751533
  0.3097803 0.06758772
  0.3029997 0.0676142
  0.296229 0.06759603
  0.2894489 0.06753534
  0.2826474 0.06743394
  0.2758187 0.06729351
  0.2689643 0.06711588
  0.2620932 0.06690313
  0.25522 0.06665613
  0.2483588 0.06637399
  0.2415206 0.06605585
  0.2347132 0.06570095
  0.2279409 0.06530851
  0.2212052 0.06487771
  0.2145048 0.06440768
  0.2078373 0.06389764
  0.2011996 0.0633467
  0.1945877 0.06275386
  0.1879971 0.06211794
  0.1814225 0.0614376
  0.1748588 0.06071194
  0.1683045 0.05994136
  0.161764 0.05912701
  0.1552472 0.05827095
  0.1487693 0.05737622
  0.1423501 0.05644666
  0.1360089 0.05548435
  0.1297571 0.05448955
  0.1235977 0.05346156
  0.1175263 0.05239872
  0.1115332 0.05129839
  0.1056088 0.05016008
  0.09976327 0.04898973
  0.09403113 0.04779875
  0.08846298 0.04660283
  0.08311441 0.04541967
  0.07803223 0.04426062
  0.07323442 0.04312439
  0.06871133 0.04200582
  0.06443852 0.04089819
  0.06038654 0.03979445
  0.05652624 0.03868879
  0.05283719 0.03758514
  0.04931783 0.03649501
  0.04597774 0.03543181
  0.04282838 0.03440815
  0.03987719 0.03343393
  0.03712505 0.03251505
  0.03456839 0.03164585
  0.03219668 0.03081235
  0.02999328 0.03000271
  0.02794024 0.02920758
  0.0260206 0.02841967
  0.02421922 0.02763326
  0.02252293 0.02684381
  0.02092031 0.02604789
  0.01940049 0.02524676
  0.01795473 0.02444535
  0.01657712 0.02364859
  0.01526351 0.02286122
  0.01401238 0.02208529
  0.01282804 0.02131376
  0.01171318 0.02053799
  0.0106681 0.01975016
  0.009691768 0.01894316
  0.00877534 0.01811939
  0.007893834 0.01730472
  0.007043244 0.01650669
  0.006244236 0.01570245
  0.00549603 0.01488648
  0.00478474 0.01406986
  0.004123712 0.01324817
  0.00354441 0.01240141
  0.00305436 0.01152058
  0.002616414 0.0106262
  0.002197162 0.009741305
  0.001804177 0.008865918
  0.001458458 0.007989069
  0.001159536 0.007109814
  0.0008970537 0.006233838
  0.0006686661 0.005363722
  0.0004760863 0.004499136
  0.0003184811 0.003639989
  0.0001925365 0.002788631
  9.705117e-05 0.001948587
  3.334312e-05 0.00112069
  2.668524e-06 0.0003022362
  6.760247e-06 -0.0005123122
  4.897357e-05 -0.001328556
  0.0001341833 -0.002148608
  0.0002674073 -0.002970747
  0.0004489837 -0.003791411
  0.0006771698 -0.004608138
  0.0009544536 -0.005417925
  0.001283188 -0.006217862
  0.001660461 -0.007007366
  0.00208952 -0.007781236
  0.002585352 -0.008527025
  0.003152764 -0.009237498
  0.003783821 -0.009911919
  0.004458152 -0.01056771
  0.005144468 -0.01123748
  0.005834386 -0.01193026
  0.006556641 -0.0126186
  0.007336568 -0.01327575
  0.008183301 -0.01388502
  0.009091187 -0.01445648
  0.01003266 -0.01503739
  0.0109961 -0.01564604
  0.01198682 -0.01627388
  0.01301223 -0.01691032
  0.01408192 -0.01754326
  0.01520844 -0.01815903
  0.01640297 -0.01875092
  0.01767104 -0.01932507
  0.01901735 -0.01988996
  0.02044551 -0.02045598
  0.02195659 -0.02103586
  0.02355173 -0.02163763
  0.02523527 -0.0222611
  0.02701148 -0.02290502
  0.0288842 -0.02356744
  0.0308571 -0.02424581
  0.0329342 -0.02493705
  0.03512063 -0.02563772
  0.03742429 -0.02634435
  0.0398582 -0.02705441
  0.0424399 -0.02776934
  0.04518991 -0.02849255
  0.04813179 -0.02922824
  0.0512918 -0.02998164
  0.0546972 -0.03075914
  0.05837226 -0.0315683
  0.06233032 -0.03241565
  0.06657063 -0.03329838
  0.07107935 -0.03420825
  0.07583218 -0.03513493
  0.08080281 -0.03606805
  0.08597475 -0.03699943
  0.09134964 -0.03792591
  0.09693202 -0.03884709
  0.1027191 -0.0397621
  0.1086975 -0.04066925
  0.11484 -0.04156588
  0.1211056 -0.04244602
  0.1274527 -0.04329999
  0.1338484 -0.04411955
  0.1402731 -0.04489872
  0.1467217 -0.04563363
  0.1532035 -0.04632327
  0.1597322 -0.04697043
  0.166318 -0.04757791
  0.1729672 -0.048148
  0.1796814 -0.04868264
  0.1864572 -0.04918339
  0.193287 -0.04965101
  0.200163 -0.05008586
  0.2070774 -0.05048852
  0.2140234 -0.05085982
  0.2209945 -0.05120078
  0.2279853 -0.05151242
  0.2349916 -0.05179486
  0.2420111 -0.05204801
  0.249043 -0.05227186
  0.2560886 -0.05246648
  0.2631512 -0.05263194
  0.2702359 -0.0527685
  0.2773477 -0.0528773
  0.2844899 -0.05295972
  0.291663 -0.05301711
  0.298865 -0.05305086
  0.3060908 -0.05306241
  0.3133327 -0.05305318
  0.320582 -0.05302351
  0.3278334 -0.05297314
  0.3350853 -0.05290183
  0.3423399 -0.05280928
  0.3496037 -0.05269512
  0.3568869 -0.05255882
  0.3642031 -0.05240092
  0.3715632 -0.05222368
  0.3789732 -0.05202966
  0.3864331 -0.05182164
  0.3939367 -0.05160272
  0.4014707 -0.05137637
  0.4090152 -0.05114557
  0.4165494 -0.05090967
  0.4240582 -0.05066683
  0.4315333 -0.05041505
  0.4389729 -0.05015223
  0.446381 -0.04987612
  0.4537672 -0.0495843
  0.4611453 -0.04927563
  0.4685274 -0.04895063
  0.4759224 -0.04860998
  0.4833357 -0.04825443
  0.4907694 -0.04788492
  0.4982222 -0.04750253
  0.505689 -0.04710848
  0.5131632 -0.04670327
  0.5206395 -0.04628703
  0.5281144 -0.04585983
  0.5355859 -0.04542166
  0.5430543 -0.04497238
  0.5505211 -0.04451177
  0.5579899 -0.04403969
  0.5654636 -0.04355636
  0.5729444 -0.04306209
  0.5804333 -0.04255725
  0.5879303 -0.0420423
  0.5954342 -0.04151775
  0.6029425 -0.0409842
  0.6104526 -0.04044188
  0.6179624 -0.03989084
  0.6254706 -0.03933103
  0.632977 -0.03876238
  0.640482 -0.03818473
  0.6479873 -0.03759787
  0.6554949 -0.03700171
  0.6630065 -0.03639647
  0.6705232 -0.0357824
  0.6780451 -0.03515983
  0.6855718 -0.03452916
  0.693102 -0.03389085
  0.7006338 -0.03324523
  0.7081651 -0.03259235
  0.7156946 -0.03193217
  0.7232213 -0.03126461
  0.7307446 -0.03058958
  0.7382645 -0.02990693
  0.7457812 -0.02921653
  0.7532955 -0.02851831
  0.7608083 -0.02781215
  0.768321 -0.02709792
  0.775835 -0.02637545
  0.7833522 -0.02564455
  0.7908742 -0.02490537
  0.7984012 -0.02415829
  0.8059321 -0.02340382
  0.8134641 -0.02264267
  0.8209933 -0.02187564
  0.8285148 -0.02110304
  0.8360253 -0.02032448
  0.8435242 -0.01953935
  0.8510127 -0.01874677
  0.8584944 -0.01794573
  0.8659734 -0.01713603
  0.8734505 -0.01631829
  0.8809223 -0.01549362
  0.8883817 -0.01466358
  0.8958181 -0.01382955
  0.9032204 -0.01299203
  0.9105793 -0.01215131
  0.9178866 -0.0113076
  0.9251341 -0.01046186
  0.9323051 -0.009617185
  0.939372 -0.008778086
  0.9462994 -0.007949805
  0.9530475 -0.007136628
  0.9595757 -0.006342516
  0.9658478 -0.005571423
  0.9718314 -0.004828551
  0.9774938 -0.004120002
  0.98281 -0.003450658
  0.9877659 -0.002823647
  0.9923582 -0.002240371
  0.996596 -0.001698926
  1.0 -0.0012599
