OAF095 AIRFOIL
  1.0 0.000169
  0.9966349 0.000670749
  0.9923879 0.001319032
  0.9877412 0.002046863
  0.9827069 0.002855916
  0.9773159 0.003743876
  0.9716135 0.004705497
  0.9656501 0.005733183
  0.9594766 0.006817795
  0.9531386 0.007950399
  0.9466748 0.009122688
  0.9401147 0.0103279
  0.9334799 0.01156045
  0.9267849 0.01281551
  0.9200418 0.01408838
  0.9132607 0.01537486
  0.9064513 0.0166714
  0.8996226 0.01797445
  0.8927832 0.01928062
  0.88594 0.02058674
  0.8790986 0.02189004
  0.8722626 0.0231885
  0.8654346 0.02448058
  0.8586153 0.02576502
  0.8518047 0.02704089
  0.8450025 0.02830739
  0.838208 0.02956374
  0.8314206 0.03080935
  0.8246395 0.03204374
  0.8178639 0.03326644
  0.8110929 0.03447706
  0.8043258 0.03567534
  0.7975619 0.03686102
  0.7908006 0.03803385
  0.7840413 0.0391936
  0.7772836 0.04034011
  0.7705272 0.04147318
  0.7637718 0.04259264
  0.7570171 0.04369833
  0.7502628 0.04479011
  0.7435088 0.04586786
  0.7367549 0.04693142
  0.730001 0.04798068
  0.7232469 0.04901551
  0.7164928 0.05003578
  0.7097386 0.05104134
  0.7029846 0.05203202
  0.6962309 0.05300764
  0.6894774 0.05396801
  0.6827243 0.05491294
  0.6759716 0.05584229
  0.6692193 0.05675586
  0.6624674 0.05765348
  0.6557162 0.05853496
  0.6489658 0.0594001
  0.6422166 0.06024863
  0.6354689 0.06108025
  0.6287228 0.06189469
  0.6219785 0.06269167
  0.6152364 0.0634709
  0.6084964 0.06423207
  0.6017587 0.06497486
  0.5950233 0.06569898
  0.5882899 0.06640415
  0.5815586 0.06709008
  0.5748294 0.06775649
  0.5681025 0.06840307
  0.5613782 0.06902952
  0.5546569 0.06963549
  0.5479388 0.07022067
  0.5412236 0.07078473
  0.5345107 0.07132742
  0.5277989 0.07184848
  0.521087 0.07234781
  0.5143745 0.07282533
  0.5076619 0.07328092
  0.5009508 0.07371437
  0.4942438 0.07412543
  0.4875426 0.07451368
  0.4808466 0.07487881
  0.4741522 0.07522064
  0.4674529 0.07553906
  0.46074 0.07583457
  0.4540083 0.07610885
  0.4472599 0.0763635
  0.4405045 0.07659989
  0.4337597 0.07681909
  0.4270463 0.07701886
  0.4203769 0.07719429
  0.4137528 0.07734095
  0.4071656 0.07745479
  0.4005979 0.07753257
  0.3940297 0.07757525
  0.3874465 0.07758503
  0.3808398 0.07756388
  0.3742077 0.07751369
  0.3675539 0.07743609
  0.3608847 0.07733204
  0.3542061 0.07720249
  0.3475242 0.07704851
  0.3408448 0.07687111
  0.3341729 0.07667005
  0.3275115 0.07644429
  0.3208614 0.07619277
  0.3142213 0.07591434
  0.307588 0.07560816
  0.3009585 0.07527411
  0.2943313 0.07491219
  0.2877058 0.07452242
  0.281083 0.07410489
  0.2744642 0.07365953
  0.2678505 0.07318624
  0.2612423 0.07268486
  0.2546396 0.07215523
  0.2480425 0.07159719
  0.241451 0.07101061
  0.2348663 0.07039545
  0.2282898 0.06975172
  0.2217233 0.0690792
  0.2151686 0.06837749
  0.2086269 0.06764615
  0.2020993 0.06688474
  0.1955866 0.06609271
  0.18909 0.06526955
  0.1826114 0.06441484
  0.1761532 0.0635282
  0.1697181 0.06260895
  0.1633084 0.06165622
  0.1569266 0.0606692
  0.1505745 0.05964705
  0.1442547 0.0585888
  0.13797 0.05749363
  0.1317236 0.05636089
  0.1255196 0.05518987
  0.1193633 0.05397995
  0.1132608 0.05273097
  0.1072194 0.05144289
  0.1012478 0.05011563
  0.09535599 0.04874981
  0.08955506 0.04734664
  0.08385912 0.04590802
  0.07828579 0.04443752
  0.07285475 0.04294012
  0.06758858 0.04142142
  0.06251175 0.03988895
  0.05764713 0.03835154
  0.05301697 0.03681804
  0.04864162 0.03529862
  0.04453461 0.03380343
  0.0407032 0.03234003
  0.03714839 0.03091482
  0.03386336 0.02953295
  0.03083611 0.02819667
  0.02805311 0.0269064
  0.02549827 0.02566239
  0.02315348 0.02446411
  0.02100114 0.02330882
  0.01902421 0.02219264
  0.01720581 0.0211121
  0.01552996 0.02006408
  0.01398273 0.01904536
  0.01255374 0.01805229
  0.01123395 0.01708219
  0.01001497 0.01613322
  0.008888902 0.01520399
  0.007848907 0.0142932
  0.006890481 0.01339855
  0.006008898 0.01251732
  0.005199111 0.01164678
  0.004456221 0.01078436
  0.003775697 0.009927646
  0.003154384 0.009074933
  0.002591428 0.008226097
  0.002086489 0.007382056
  0.001639144 0.00654436
  0.001248626 0.005714917
  0.0009136835 0.004895764
  0.0006330208 0.004089555
  0.0004054497 0.00329867
  0.0002292753 0.002523038
  0.0001029739 0.001760801
  2.572416e-05 0.001008912
  -2.207593e-06 0.0002633688
  2.071975e-05 -0.0004807317
  9.528168e-05 -0.001227965
  0.0002222697 -0.001981389
  0.0004039095 -0.002742698
  0.0006435488 -0.003511945
  0.0009451768 -0.004286941
  0.001312299 -0.00506307
  0.001745683 -0.005837193
  0.002244517 -0.00660734
  0.002807154 -0.007371814
  0.00343123 -0.008129347
  0.004113886 -0.008879281
  0.004854058 -0.009621881
  0.005654829 -0.01035815
  0.00652002 -0.01108919
  0.007453607 -0.01181613
  0.008459476 -0.01254008
  0.009541131 -0.01326207
  0.01070323 -0.01398238
  0.01195186 -0.01470096
  0.01329349 -0.01541799
  0.01473497 -0.01613406
  0.01628357 -0.01685044
  0.01794856 -0.01756823
  0.01974222 -0.01828769
  0.0216781 -0.0190092
  0.0237706 -0.01973357
  0.02603459 -0.02046213
  0.02848655 -0.02119452
  0.03114374 -0.02192896
  0.0340225 -0.02266366
  0.03713747 -0.02339716
  0.04050201 -0.02412562
  0.04412551 -0.02484256
  0.04801105 -0.02554112
  0.05215635 -0.02621417
  0.05655438 -0.02685254
  0.06119342 -0.02744733
  0.06606215 -0.02799166
  0.07115079 -0.02848162
  0.07644503 -0.02891556
  0.08192579 -0.02929377
  0.08757118 -0.02961617
  0.09335719 -0.02988319
  0.09925932 -0.03009695
  0.1052545 -0.03025778
  0.111321 -0.03036471
  0.1174387 -0.03041763
  0.1235926 -0.03041607
  0.1297793 -0.03035868
  0.1360103 -0.03024378
  0.1423121 -0.03007121
  0.1487095 -0.02984801
  0.1552075 -0.02958388
  0.161785 -0.02929013
  0.1684025 -0.02897194
  0.1750296 -0.02862865
  0.1816547 -0.0282588
  0.1882841 -0.02786077
  0.1949297 -0.02743506
  0.2015985 -0.02698289
  0.208291 -0.02650589
  0.2150023 -0.02600573
  0.2217271 -0.02548356
  0.2284627 -0.02494035
  0.2352089 -0.0243769
  0.2419674 -0.02379401
  0.2487401 -0.02319263
  0.2555279 -0.02257383
  0.262331 -0.02193874
  0.2691488 -0.02128851
  0.2759807 -0.02062426
  0.2828262 -0.01994713
  0.2896846 -0.01925824
  0.2965559 -0.0185587
  0.3034397 -0.01784952
  0.3103362 -0.01713172
  0.3172457 -0.01640627
  0.3241685 -0.01567419
  0.3311044 -0.01493658
  0.3380517 -0.01419469
  0.3450071 -0.01344996
  0.3519663 -0.01270394
  0.3589246 -0.01195813
  0.3658782 -0.01121386
  0.3728247 -0.01047233
  0.3797631 -0.009734612
  0.3866929 -0.009001575
  0.3936141 -0.008274009
  0.4005268 -0.007552686
  0.4074309 -0.00683837
  0.4143267 -0.006131786
  0.4212141 -0.005433596
  0.4280936 -0.004744435
  0.4349655 -0.004064924
  0.4418303 -0.003395665
  0.4486884 -0.002737163
  0.4555404 -0.002089871
  0.4623868 -0.001454244
  0.4692277 -0.0008307413
  0.4760635 -0.000219805
  0.4828946 0.0003781902
  0.4897212 0.0009628879
  0.4965439 0.001533937
  0.5033631 0.002090994
  0.5101793 0.002633796
  0.516993 0.003162153
  0.5238045 0.003675868
  0.530614 0.004174732
  0.5374215 0.004658532
  0.5442272 0.005127075
  0.5510312 0.005580184
  0.5578337 0.006017685
  0.5646352 0.006439413
  0.5714361 0.006845257
  0.5782369 0.007235197
  0.5850378 0.007609211
  0.5918389 0.007967268
  0.5986404 0.008309329
  0.6054421 0.008635361
  0.6122441 0.008945339
  0.6190464 0.009239239
  0.6258494 0.009517043
  0.6326532 0.009778755
  0.639458 0.01002443
  0.646264 0.01025413
  0.6530709 0.0104679
  0.6598785 0.01066579
  0.6666866 0.01084777
  0.6734949 0.01101384
  0.6803034 0.01116397
  0.6871123 0.01129813
  0.6939217 0.01141635
  0.7007318 0.01151867
  0.7075424 0.01160516
  0.7143531 0.01167586
  0.7211636 0.01173078
  0.7279733 0.01176983
  0.7347817 0.01179293
  0.7415886 0.01179998
  0.7483937 0.0117909
  0.7551968 0.01176555
  0.7619976 0.01172379
  0.7687955 0.01166549
  0.7755901 0.0115905
  0.7823807 0.01149856
  0.7891668 0.01138939
  0.7959477 0.01126275
  0.802723 0.01111833
  0.8094918 0.01095574
  0.8162536 0.01077459
  0.8230076 0.0105745
  0.8297527 0.01035498
  0.8364883 0.01011547
  0.8432132 0.009855399
  0.8499265 0.00957419
  0.8566273 0.009271106
  0.8633145 0.008945409
  0.8699875 0.008596364
  0.8766453 0.008223207
  0.8832867 0.007825183
  0.8899103 0.007401566
  0.8965142 0.006951532
  0.9030959 0.006474259
  0.9096521 0.005968999
  0.9161789 0.005434783
  0.9226728 0.004870577
  0.92913 0.004275583
  0.935544 0.003649767
  0.9419033 0.002993811
  0.9481923 0.00230855
  0.954392 0.001595187
  0.9604797 0.0008563735
  0.9664228 9.734032e-05
  0.9721798 -0.0006750274
  0.977705 -0.001452923
  0.9829535 -0.002226357
  0.9878811 -0.002983387
  0.9924537 -0.00371429
  0.9966549 -0.004411854
  1.0 -0.004984
