P-51D ROOT (BL17.5) AIRFOIL
  1.0 0.0
  0.9961219 0.0004692752
  0.9913975 0.001051832
  0.9863932 0.001681915
  0.9811112 0.0023615
  0.9755713 0.003090413
  0.9698136 0.003868334
  0.9638889 0.004697444
  0.9578452 0.005580927
  0.9517179 0.006523795
  0.9455228 0.007533147
  0.93926 0.00861189
  0.9329266 0.009760306
  0.9265199 0.01097863
  0.9200371 0.01226706
  0.9134751 0.01362575
  0.906831 0.01505445
  0.9001025 0.01655114
  0.8932897 0.01811236
  0.8863971 0.01973326
  0.8794333 0.02140736
  0.8724123 0.0231263
  0.8653533 0.0248798
  0.85828 0.0266552
  0.8512143 0.02843812
  0.8441728 0.03021523
  0.8371657 0.03197487
  0.8301979 0.03370714
  0.8232684 0.03540386
  0.8163717 0.03705836
  0.8094974 0.0386653
  0.8026326 0.04022345
  0.7957657 0.04173658
  0.7888864 0.04320828
  0.7819858 0.04464162
  0.7750561 0.04603924
  0.7680908 0.04740334
  0.7610842 0.04873582
  0.754032 0.05003825
  0.746931 0.05131192
  0.7397794 0.05255855
  0.7325759 0.05378054
  0.7253199 0.0549803
  0.7180116 0.05616023
  0.7106519 0.05732271
  0.7032426 0.0584701
  0.6957866 0.05960478
  0.6882875 0.06072908
  0.6807504 0.06184531
  0.6731808 0.06295491
  0.6655842 0.06405775
  0.6579658 0.06515361
  0.6503301 0.06624236
  0.6426811 0.06732401
  0.6350223 0.06839864
  0.6273566 0.06946646
  0.6196862 0.07052777
  0.6120127 0.07158296
  0.6043371 0.07263239
  0.5966601 0.07367575
  0.588983 0.07471245
  0.5813074 0.07574184
  0.5736357 0.07676318
  0.5659706 0.07777569
  0.5583153 0.07877855
  0.5506737 0.07977087
  0.5430501 0.08075174
  0.5354489 0.08172021
  0.5278751 0.08267454
  0.5203329 0.08361155
  0.5128263 0.08452805
  0.5053583 0.08542104
  0.4979317 0.08628773
  0.4905486 0.08712548
  0.4832107 0.08793188
  0.4759191 0.08870466
  0.4686745 0.08944174
  0.4614773 0.0901412
  0.4543276 0.09080107
  0.4472253 0.09141909
  0.4401695 0.09199312
  0.4331592 0.09252113
  0.4261924 0.09300121
  0.4192671 0.09343154
  0.4123807 0.09381037
  0.4055302 0.09413597
  0.3987124 0.09440659
  0.3919236 0.09462051
  0.3851599 0.09477602
  0.3784173 0.094873
  0.3716912 0.09491279
  0.3649763 0.09489659
  0.3582666 0.09482537
  0.3515553 0.09469987
  0.3448348 0.09452058
  0.3380965 0.09428768
  0.3313307 0.09400104
  0.3245263 0.09366015
  0.3176707 0.09326405
  0.3107494 0.09281188
  0.303748 0.09230518
  0.2966556 0.09174651
  0.2894665 0.091139
  0.2821813 0.09048667
  0.2748081 0.08979472
  0.2673639 0.08906982
  0.2598756 0.08832021
  0.2523798 0.08755567
  0.2449213 0.08678634
  0.2375454 0.08601366
  0.2302832 0.08523277
  0.2231499 0.084438
  0.2161473 0.08362315
  0.2092667 0.08278152
  0.2024914 0.08190583
  0.1957983 0.08098802
  0.189159 0.08001886
  0.1825393 0.07898872
  0.1759055 0.07789436
  0.1692353 0.07673627
  0.1625196 0.07551683
  0.1557638 0.07424118
  0.1489894 0.07291806
  0.1422341 0.0715602
  0.1355497 0.07018409
  0.1289972 0.06880772
  0.1226337 0.06743756
  0.1164935 0.06607075
  0.1105885 0.06470246
  0.1049151 0.06332686
  0.09946028 0.06193764
  0.09420611 0.06052828
  0.08913236 0.05909217
  0.08421824 0.05762275
  0.07944697 0.05611739
  0.07481523 0.05457996
  0.07033177 0.0530185
  0.06601222 0.05144423
  0.06187423 0.04987015
  0.05793347 0.04830957
  0.05420069 0.0467746
  0.05068049 0.04527526
  0.04737156 0.04381865
  0.04426872 0.0424063
  0.04136192 0.04103587
  0.0386375 0.03970407
  0.03608055 0.03840729
  0.03367638 0.03714197
  0.03141115 0.03590477
  0.0292722 0.03469263
  0.02724811 0.03350277
  0.02532865 0.03233271
  0.02350477 0.03118025
  0.0217685 0.03004345
  0.02011414 0.02891961
  0.01853967 0.02780514
  0.01704421 0.02669786
  0.01562721 0.02559676
  0.01428806 0.02450169
  0.01302576 0.02341306
  0.01183889 0.02233165
  0.01072549 0.02125841
  0.009683154 0.02019434
  0.008709064 0.0191404
  0.007800108 0.01809744
  0.006952974 0.0170662
  0.006164242 0.01604725
  0.005430471 0.01504103
  0.00474927 0.01404859
  0.004119941 0.0130719
  0.003541291 0.01211193
  0.003011711 0.01116883
  0.002529445 0.01024222
  0.002092761 0.009331338
  0.001700052 0.008435223
  0.001349896 0.007552773
  0.00104109 0.006682812
  0.0007726678 0.005824116
  0.0005439144 0.004975435
  0.0003543758 0.004135496
  0.0002038706 0.003303002
  9.250654e-05 0.002476623
  2.070272e-05 0.001654983
  -1.077741e-05 0.0008366393
  -7.803475e-07 2.005606e-05
  5.178568e-05 -0.0007964031
  0.0001462854 -0.001614309
  0.000281923 -0.002435093
  0.0004582815 -0.003260077
  0.0006752837 -0.004090496
  0.0009331636 -0.004927507
  0.001232446 -0.005772191
  0.001573927 -0.006625549
  0.001958661 -0.00748848
  0.002387933 -0.008361754
  0.002863229 -0.009245949
  0.003386178 -0.01014138
  0.003958465 -0.01104796
  0.004581679 -0.01196506
  0.005257089 -0.01289122
  0.00598538 -0.01382398
  0.006768145 -0.01476125
  0.007608265 -0.01570196
  0.008508599 -0.01664492
  0.009471861 -0.01758882
  0.01050055 -0.01853224
  0.01159689 -0.01947368
  0.01276275 -0.02041164
  0.01399962 -0.02134467
  0.01530861 -0.0222715
  0.01669047 -0.02319111
  0.01814575 -0.02410292
  0.01967494 -0.02500696
  0.02127883 -0.02590402
  0.02295897 -0.02679591
  0.02471983 -0.02768461
  0.02656911 -0.02857148
  0.02851585 -0.02945812
  0.03057071 -0.03034658
  0.0327462 -0.03123937
  0.03505684 -0.03213963
  0.03751929 -0.03305114
  0.0401522 -0.03397853
  0.04297586 -0.03492746
  0.04601118 -0.03590486
  0.0492775 -0.03691913
  0.05278912 -0.03797831
  0.0565557 -0.03908158
  0.06057911 -0.04022255
  0.06485019 -0.04139131
  0.06934824 -0.04257489
  0.07404395 -0.04375871
  0.07890582 -0.04492868
  0.08390886 -0.0460734
  0.0890436 -0.04718586
  0.09431911 -0.04826522
  0.09975037 -0.0493143
  0.1053524 -0.05033602
  0.1111393 -0.05133324
  0.1171235 -0.05230883
  0.1233139 -0.05326569
  0.1297134 -0.05420669
  0.136316 -0.05513456
  0.1431057 -0.05604979
  0.1500604 -0.05695043
  0.1571541 -0.05783476
  0.1643574 -0.05870164
  0.1716393 -0.05955062
  0.1789689 -0.06038196
  0.1863171 -0.06119668
  0.1936578 -0.06199584
  0.2009698 -0.06277535
  0.2082384 -0.06352892
  0.2154549 -0.0642512
  0.2226162 -0.06493771
  0.2297248 -0.06558471
  0.2367873 -0.06618902
  0.2438147 -0.06674778
  0.2508219 -0.06725833
  0.2578271 -0.06771964
  0.264848 -0.06813511
  0.2718992 -0.06850844
  0.2789922 -0.06884286
  0.2861356 -0.06914134
  0.2933346 -0.06940667
  0.3005909 -0.06964156
  0.3079018 -0.06984873
  0.3152606 -0.07003099
  0.3226552 -0.07019097
  0.330071 -0.07032844
  0.3374944 -0.07044169
  0.3449132 -0.07052916
  0.3523174 -0.0705895
  0.3596991 -0.0706215
  0.3670523 -0.07062411
  0.3743732 -0.07059638
  0.3816598 -0.07053744
  0.3889119 -0.07044646
  0.396131 -0.07032258
  0.4033191 -0.07016474
  0.4104783 -0.06997185
  0.4176108 -0.0697428
  0.4247186 -0.06947644
  0.4318039 -0.06917161
  0.4388691 -0.06882712
  0.4459163 -0.06844172
  0.4529479 -0.06801415
  0.4599663 -0.06754305
  0.4669741 -0.06702713
  0.4739737 -0.06646627
  0.4809682 -0.06586118
  0.487961 -0.06521247
  0.4949556 -0.06452064
  0.5019562 -0.06378605
  0.5089671 -0.06300892
  0.5159931 -0.06218933
  0.5230397 -0.06132719
  0.5301126 -0.06042222
  0.5372185 -0.05947396
  0.5443644 -0.0584821
  0.5515578 -0.05744786
  0.5588047 -0.05637312
  0.566109 -0.0552601
  0.5734729 -0.05411145
  0.5808962 -0.05293038
  0.5883762 -0.05172068
  0.5959069 -0.0504869
  0.6034797 -0.04923427
  0.6110822 -0.04796883
  0.6186991 -0.04669705
  0.6263151 -0.04542463
  0.6339174 -0.04415654
  0.6414972 -0.04289712
  0.6490488 -0.04165007
  0.6565701 -0.04041843
  0.6640622 -0.03920467
  0.671529 -0.0380107
  0.6789774 -0.03683795
  0.6864171 -0.03568738
  0.6938592 -0.03455769
  0.7013132 -0.03344585
  0.7087867 -0.03234912
  0.7162856 -0.03126509
  0.7238133 -0.03019167
  0.7313714 -0.02912704
  0.7389593 -0.02806968
  0.7465738 -0.02701834
  0.7542096 -0.02597206
  0.7618591 -0.02492981
  0.7695147 -0.02389039
  0.7771688 -0.02285249
  0.7848143 -0.02181479
  0.7924442 -0.02077593
  0.8000522 -0.01973453
  0.8076322 -0.01868921
  0.8151788 -0.01763871
  0.8226876 -0.01658548
  0.8301553 -0.01553597
  0.8375795 -0.01449654
  0.8449583 -0.01347327
  0.8522905 -0.01247188
  0.8595755 -0.01149782
  0.8668133 -0.01055619
  0.8740039 -0.009651323
  0.8811477 -0.008785582
  0.8882449 -0.007960802
  0.895296 -0.007178693
  0.9023019 -0.006440857
  0.9092635 -0.005748792
  0.916182 -0.005103857
  0.9230575 -0.004505644
  0.929886 -0.003952016
  0.9366592 -0.003441044
  0.9433646 -0.00297098
  0.9499867 -0.002540124
  0.9565072 -0.002146359
  0.9628974 -0.001785992
  0.9691124 -0.001455587
  0.9751007 -0.00115222
  0.9808146 -0.0008732343
  0.9862215 -0.0006172599
  0.9913113 -0.0003833787
  0.9960915 -0.0001699845
  1.0 0.0
