P-51D TIP (BL215) AIRFOIL
  1.0 0.0
  0.996916 0.0002710115
  0.9929907 0.000620309
  0.9885953 0.001017225
  0.9836595 0.001470228
  0.9781593 0.001984113
  0.9721887 0.002553465
  0.9660499 0.003155424
  0.959922 0.003778308
  0.9538015 0.004427649
  0.9478175 0.005093772
  0.9419175 0.00578193
  0.936043 0.006495035
  0.9301514 0.007234907
  0.9242134 0.00800226
  0.9182127 0.008796326
  0.9121478 0.009614346
  0.9060321 0.01045217
  0.8998857 0.01130688
  0.8937337 0.01217499
  0.8875835 0.01305541
  0.8814385 0.01394751
  0.8753134 0.014849
  0.8692121 0.0157591
  0.8631347 0.01667761
  0.8570788 0.01760551
  0.8510416 0.01854452
  0.8450206 0.01949639
  0.8390129 0.02046287
  0.8330158 0.02144574
  0.8270268 0.0224468
  0.8210429 0.02346789
  0.8150616 0.02451089
  0.8090799 0.02557769
  0.8030949 0.02666875
  0.7971035 0.02778277
  0.7911037 0.02891827
  0.7850936 0.03007363
  0.7790724 0.0312471
  0.7730397 0.03243678
  0.766996 0.03364058
  0.7609422 0.03485625
  0.7548805 0.03608134
  0.7488132 0.03731324
  0.7427437 0.03854911
  0.7366751 0.03978599
  0.7306101 0.04102101
  0.7245511 0.04225139
  0.7184996 0.04347448
  0.7124571 0.04468774
  0.7064243 0.04588878
  0.7004015 0.04707531
  0.6943886 0.04824518
  0.688385 0.04939634
  0.6823898 0.05052687
  0.6764017 0.05163509
  0.6704195 0.05271995
  0.6644421 0.05378054
  0.6584686 0.05481591
  0.6524981 0.05582507
  0.64653 0.05680705
  0.6405637 0.05776081
  0.6345985 0.05868534
  0.6286341 0.05957958
  0.6226701 0.06044246
  0.6167063 0.06127291
  0.6107426 0.06206985
  0.604779 0.0628323
  0.5988156 0.06355969
  0.5928527 0.06425154
  0.5868902 0.06490736
  0.5809282 0.0655267
  0.5749666 0.06610908
  0.5690052 0.06665404
  0.5630438 0.06716111
  0.557082 0.06762983
  0.5511196 0.06805972
  0.5451559 0.06845028
  0.5391905 0.06880103
  0.5332228 0.06911154
  0.5272521 0.06938239
  0.5212776 0.06961476
  0.5152987 0.06980982
  0.5093146 0.06996871
  0.5033245 0.07009254
  0.4973276 0.07018244
  0.4913231 0.07023948
  0.4853101 0.07026475
  0.4792875 0.0702593
  0.4732546 0.07022418
  0.4672103 0.07016043
  0.4611534 0.07006908
  0.4550829 0.06995142
  0.4489976 0.06980929
  0.4428968 0.06964465
  0.4367801 0.06945946
  0.4306476 0.06925574
  0.4244997 0.06903557
  0.4183374 0.06880107
  0.4121621 0.06855444
  0.4059756 0.06829791
  0.3997805 0.06803381
  0.3935794 0.06776449
  0.3873757 0.06749235
  0.3811732 0.06721865
  0.3749756 0.06694225
  0.3687857 0.06666168
  0.3626058 0.06637544
  0.3564377 0.06608203
  0.3502821 0.06577996
  0.3441396 0.0654677
  0.3380097 0.06514374
  0.3318915 0.06480652
  0.3257837 0.06445448
  0.3196841 0.064086
  0.3135901 0.06369949
  0.3074988 0.06329437
  0.3014077 0.06287077
  0.2953149 0.06242889
  0.2892191 0.06196894
  0.2831197 0.06149118
  0.2770166 0.0609959
  0.2709105 0.06048344
  0.2648026 0.05995423
  0.2586947 0.05940874
  0.2525894 0.05884754
  0.2464897 0.05827127
  0.2403991 0.0576803
  0.2343197 0.05707469
  0.2282525 0.05645437
  0.2221972 0.05581915
  0.216152 0.05516871
  0.210114 0.05450253
  0.2040789 0.05381996
  0.1980415 0.05312012
  0.1919947 0.05240193
  0.1859305 0.05166402
  0.17984 0.05090428
  0.1737185 0.05012009
  0.1675677 0.0493096
  0.1614232 0.04847554
  0.1552935 0.04761736
  0.149159 0.04673058
  0.1430264 0.0458143
  0.136961 0.04487696
  0.1309979 0.04392356
  0.1251659 0.04295916
  0.1194725 0.04198622
  0.1139032 0.04100342
  0.1084272 0.04000623
  0.103001 0.03898698
  0.09756731 0.03793434
  0.09204961 0.03683168
  0.08633761 0.03565322
  0.08040059 0.03438474
  0.07479979 0.03313723
  0.06952439 0.0319072
  0.06441488 0.03065629
  0.05927838 0.02933129
  0.05382154 0.02784023
  0.04821384 0.02620819
  0.04358022 0.02477804
  0.03965667 0.02350897
  0.03616266 0.02233358
  0.03290775 0.0211996
  0.02974114 0.02005932
  0.02649556 0.01885145
  0.02286033 0.01744939
  0.01819199 0.01554229
  0.01448237 0.01381792
  0.01085159 0.01181167
  0.007197643 0.009347134
  0.005334433 0.007879512
  0.004051695 0.006765174
  0.003083674 0.005835673
  0.002319766 0.005017951
  0.001704308 0.00427476
  0.001205896 0.003584365
  0.0008055257 0.002932705
  0.0004913746 0.002309912
  0.0002562696 0.001708537
  9.641681e-05 0.001122553
  1.082085e-05 0.0005467045
  1.175046e-06 -2.397636e-05
  7.007849e-05 -0.0005945466
  0.0002160341 -0.001170015
  0.0004388937 -0.001755336
  0.000741376 -0.002355837
  0.001129435 -0.002977725
  0.001613227 -0.0036288
  0.00220906 -0.004319595
  0.002943275 -0.005065439
  0.003860432 -0.005890587
  0.00504204 -0.006837195
  0.006654751 -0.007985137
  0.009225473 -0.009542355
  0.01381635 -0.01165196
  0.01838368 -0.0131587
  0.0232364 -0.01443287
  0.02700309 -0.0153423
  0.03046674 -0.01613631
  0.03390693 -0.01688801
  0.0375035 -0.01763741
  0.04144347 -0.01841864
  0.04598414 -0.01927132
  0.05147252 -0.02023937
  0.05721634 -0.02118598
  0.06249313 -0.02200251
  0.06765006 -0.02275769
  0.07289517 -0.0234887
  0.07838785 -0.02422111
  0.08425512 -0.02497435
  0.09026407 -0.02572358
  0.09602696 -0.02642478
  0.101663 -0.02709368
  0.1072614 -0.027741
  0.1128862 -0.02837366
  0.1185852 -0.02899597
  0.1243916 -0.02961004
  0.130322 -0.03021573
  0.1363707 -0.03081046
  0.14251 -0.03139023
  0.1486911 -0.03195033
  0.1548549 -0.03248597
  0.1610185 -0.03299943
  0.1671997 -0.0334928
  0.1733837 -0.03396551
  0.1795359 -0.03441575
  0.185657 -0.03484458
  0.1917539 -0.03525345
  0.1978373 -0.03564441
  0.2039172 -0.03601969
  0.2100016 -0.03638132
  0.2160967 -0.03673115
  0.2222072 -0.03707092
  0.2283359 -0.03740224
  0.2344839 -0.03772667
  0.2406504 -0.03804566
  0.2468326 -0.0383606
  0.2530259 -0.03867278
  0.259224 -0.03898194
  0.2654214 -0.03928633
  0.2716135 -0.03958421
  0.2777965 -0.03987392
  0.2839681 -0.04015386
  0.2901268 -0.04042253
  0.2962722 -0.04067849
  0.3024047 -0.04092036
  0.308526 -0.04114681
  0.3146385 -0.04135654
  0.3207456 -0.04154837
  0.326851 -0.0417228
  0.3329584 -0.04188174
  0.3390708 -0.04202712
  0.3451904 -0.0421608
  0.3513193 -0.04228466
  0.3574586 -0.04240055
  0.3636093 -0.04251034
  0.3697715 -0.04261589
  0.3759447 -0.04271908
  0.3821281 -0.0428218
  0.3883199 -0.04292595
  0.394518 -0.043033
  0.40072 -0.04314234
  0.4069236 -0.04325271
  0.4131269 -0.04336286
  0.4193281 -0.04347152
  0.4255256 -0.04357747
  0.4317182 -0.04367945
  0.4379048 -0.04377626
  0.4440845 -0.04386668
  0.4502568 -0.04394951
  0.4564212 -0.04402359
  0.4625776 -0.04408775
  0.468726 -0.04414079
  0.4748665 -0.04418131
  0.480999 -0.04420789
  0.4871237 -0.0442191
  0.4932404 -0.04421354
  0.4993489 -0.04418981
  0.5054493 -0.04414653
  0.5115413 -0.04408232
  0.5176248 -0.04399582
  0.5236994 -0.04388569
  0.529765 -0.0437506
  0.5358211 -0.04358924
  0.5418676 -0.04340036
  0.547904 -0.04318314
  0.5539301 -0.04293697
  0.5599459 -0.04266124
  0.5659519 -0.04235531
  0.5719485 -0.04201855
  0.5779368 -0.04165026
  0.5839178 -0.04124974
  0.5898929 -0.04081621
  0.5958638 -0.04034885
  0.6018324 -0.03984679
  0.6078009 -0.03930905
  0.6137718 -0.03873463
  0.6197479 -0.03812383
  0.625732 -0.03747867
  0.6317266 -0.03680128
  0.6377337 -0.03609384
  0.6437548 -0.03535861
  0.6497909 -0.0345979
  0.6558427 -0.03381415
  0.6619101 -0.03300987
  0.6679927 -0.03218774
  0.6740894 -0.03135053
  0.6801988 -0.03050117
  0.6863185 -0.02964264
  0.692446 -0.02877714
  0.6985789 -0.02790615
  0.7047149 -0.02703109
  0.7108522 -0.02615337
  0.7169893 -0.02527435
  0.723125 -0.02439535
  0.7292583 -0.02351763
  0.7353887 -0.02264241
  0.741516 -0.02177085
  0.7476403 -0.02090408
  0.753762 -0.02004315
  0.7598816 -0.01918894
  0.7659994 -0.01834228
  0.7721155 -0.01750399
  0.7782298 -0.01667494
  0.7843418 -0.01585604
  0.7904511 -0.01504819
  0.7965565 -0.01425234
  0.8026572 -0.01346945
  0.8087517 -0.01270049
  0.8148386 -0.01194646
  0.8209162 -0.01120878
  0.8269836 -0.0104892
  0.8330404 -0.009789349
  0.839087 -0.009110795
  0.8451242 -0.008455
  0.8511537 -0.007823357
  0.8571776 -0.007217205
  0.8631989 -0.006637848
  0.8692209 -0.006086555
  0.8752471 -0.005564032
  0.8812798 -0.005070454
  0.8873194 -0.00460613
  0.8933649 -0.004171504
  0.8994133 -0.003767109
  0.90546 -0.003393528
  0.9114988 -0.003051343
  0.9175218 -0.002740814
  0.9235238 -0.00245951
  0.9295083 -0.002203285
  0.9354886 -0.001967743
  0.9414878 -0.001748342
  0.9475399 -0.001540369
  0.9536903 -0.001338933
  0.9598235 -0.001145577
  0.9658653 -0.0009614078
  0.9719475 -0.0007813401
  0.9780036 -0.0006063897
  0.9835662 -0.0004488147
  0.9885413 -0.0003103065
  0.992962 -0.0001891551
  0.9969046 -8.262799e-05
  1.0 0.0
