NACA 66,2-(1.8)12 A=.6 P-51 TIP AIRFOIL
  1.0 0.0
  0.9969155 0.0001746652
  0.9930542 0.000451372
  0.9888262 0.0008285831
  0.984205 0.001318163
  0.9792076 0.001909463
  0.9738925 0.002596513
  0.9683218 0.003371978
  0.9625568 0.004227573
  0.9566584 0.00515207
  0.9506731 0.006133712
  0.9446223 0.007163592
  0.9385108 0.008237703
  0.9323426 0.009352735
  0.9261236 0.01050479
  0.9198607 0.01168949
  0.9135617 0.01290286
  0.907233 0.01414124
  0.9008792 0.01540118
  0.8945029 0.0166796
  0.8881058 0.01797427
  0.88169 0.01928306
  0.8752577 0.02060374
  0.8688112 0.02193416
  0.8623532 0.02327273
  0.8558857 0.02461802
  0.8494104 0.02596873
  0.8429284 0.02732353
  0.8364415 0.02868087
  0.8299529 0.03003892
  0.8234669 0.03139555
  0.8169885 0.03274836
  0.8105219 0.03409497
  0.8040695 0.03543332
  0.7976323 0.03676175
  0.7912098 0.03807887
  0.7848008 0.03938341
  0.7784038 0.0406742
  0.7720168 0.04195022
  0.7656378 0.04321088
  0.7592649 0.04445585
  0.7528964 0.04568476
  0.7465309 0.04689721
  0.7401671 0.04809306
  0.7338044 0.04927226
  0.7274422 0.05043472
  0.7210804 0.05158022
  0.7147196 0.05270833
  0.7083619 0.05381832
  0.7020104 0.05490927
  0.69567 0.05597982
  0.6893454 0.05702741
  0.6830401 0.05804931
  0.6767569 0.05904307
  0.6704972 0.06000642
  0.6642613 0.06093692
  0.6580484 0.06183227
  0.6518565 0.06269038
  0.6456824 0.06350947
  0.6395226 0.06428865
  0.6333728 0.06502728
  0.6272283 0.06572471
  0.6210838 0.06638042
  0.614934 0.06699528
  0.6087732 0.06757062
  0.6025958 0.06810763
  0.596396 0.06860752
  0.5901686 0.06907255
  0.5839106 0.06950549
  0.577622 0.0699089
  0.5713051 0.0702852
  0.5649646 0.07063587
  0.5586049 0.07096194
  0.5522303 0.07126457
  0.5458447 0.07154489
  0.5394514 0.07180334
  0.5330525 0.07204
  0.5266492 0.07225502
  0.5202413 0.0724486
  0.5138283 0.0726211
  0.5074099 0.07277291
  0.5009864 0.07290443
  0.4945587 0.07301601
  0.4881276 0.07310788
  0.4816937 0.07318023
  0.4752573 0.07323327
  0.4688181 0.07326718
  0.462376 0.07328218
  0.4559316 0.07327847
  0.449486 0.07325627
  0.4430409 0.0732157
  0.4365976 0.0731566
  0.4301564 0.07307875
  0.423716 0.0729819
  0.4172743 0.07286594
  0.4108297 0.07273119
  0.4043817 0.07257805
  0.3979316 0.07240698
  0.3914817 0.07221823
  0.3850342 0.0720116
  0.37859 0.07178684
  0.3721489 0.07154367
  0.3657095 0.07128188
  0.3592708 0.0710015
  0.3528322 0.07070259
  0.3463939 0.07038521
  0.3399567 0.07004942
  0.3335211 0.06969516
  0.3270878 0.06932242
  0.3206573 0.06893116
  0.3142301 0.06852124
  0.3078066 0.06809247
  0.301387 0.06764465
  0.2949718 0.06717757
  0.2885611 0.066691
  0.2821552 0.06618469
  0.2757539 0.06565837
  0.2693572 0.06511175
  0.2629648 0.06454462
  0.2565767 0.0639568
  0.2501933 0.06334813
  0.2438152 0.06271849
  0.2374431 0.06206764
  0.2310776 0.06139529
  0.2247191 0.06070113
  0.2183679 0.05998484
  0.2120243 0.05924606
  0.2056888 0.05848446
  0.1993624 0.05769974
  0.1930463 0.0568916
  0.1867417 0.05605952
  0.1804502 0.05520286
  0.1741734 0.05432108
  0.1679128 0.05341357
  0.1616698 0.0524795
  0.155445 0.05151784
  0.1492382 0.0505275
  0.1430487 0.04950727
  0.136876 0.04845611
  0.1307211 0.04737329
  0.1245866 0.04625838
  0.1184764 0.04511129
  0.112394 0.04393201
  0.10634 0.04272005
  0.1003119 0.04147431
  0.09430464 0.04019285
  0.08831907 0.03887299
  0.08237674 0.0375157
  0.07652022 0.03612779
  0.07080676 0.03472144
  0.06528704 0.0333085
  0.0599687 0.03189075
  0.0548211 0.03046028
  0.04979032 0.02900166
  0.04480765 0.02749253
  0.03985466 0.02592149
  0.0350606 0.02432546
  0.03064275 0.02278186
  0.02675538 0.02136029
  0.02341796 0.02008865
  0.02056293 0.01895655
  0.0180955 0.01793089
  0.01593297 0.01698071
  0.01402021 0.01608368
  0.01231738 0.01522686
  0.01079317 0.01440225
  0.009423506 0.01360268
  0.008188712 0.01282046
  0.007071528 0.01205021
  0.006058488 0.01128904
  0.005141921 0.01053447
  0.004317042 0.0097831
  0.003577996 0.0090314
  0.002918387 0.008275739
  0.002332981 0.007514086
  0.001817594 0.006746139
  0.001369156 0.005974484
  0.0009862994 0.005206079
  0.0006669374 0.00444573
  0.0004086906 0.003695831
  0.0002095022 0.002957202
  6.798263e-05 0.002229634
  -1.637062e-05 0.00151222
  -4.298223e-05 0.0008035294
  -9.960372e-06 0.0001016728
  8.544289e-05 -0.0005957571
  0.0002428407 -0.001291519
  0.0004615708 -0.001987873
  0.0007423358 -0.0026864
  0.001087014 -0.00338793
  0.001498475 -0.00409231
  0.001980301 -0.004797962
  0.00253622 -0.005501115
  0.003168972 -0.00619463
  0.003879242 -0.006869781
  0.004667753 -0.007526715
  0.005534802 -0.008170713
  0.00648097 -0.008810681
  0.007512838 -0.009448879
  0.008642793 -0.0100792
  0.009885302 -0.01069665
  0.0112545 -0.01130617
  0.0127666 -0.01191532
  0.01444407 -0.01252891
  0.01631595 -0.01315165
  0.01842059 -0.01378976
  0.0208084 -0.014455
  0.02355057 -0.01516882
  0.02675018 -0.01595782
  0.03051534 -0.01684685
  0.03490042 -0.01783491
  0.03982202 -0.01888749
  0.04504415 -0.01994455
  0.05033843 -0.0209592
  0.05564755 -0.02192483
  0.06104351 -0.022858
  0.06659689 -0.02377235
  0.07235225 -0.02467587
  0.07831316 -0.02556999
  0.08442869 -0.02644838
  0.09063109 -0.02730273
  0.09686953 -0.02812862
  0.1031188 -0.02892603
  0.1093789 -0.02969749
  0.115657 -0.03044461
  0.1219565 -0.03116822
  0.1282767 -0.03186867
  0.1346129 -0.03254591
  0.1409609 -0.03319995
  0.1473183 -0.03383109
  0.1536855 -0.0344399
  0.1600644 -0.0350273
  0.1664571 -0.03559455
  0.1728641 -0.03614277
  0.1792848 -0.036673
  0.1857176 -0.037186
  0.1921607 -0.03768231
  0.1986124 -0.0381625
  0.205071 -0.03862716
  0.2115353 -0.03907662
  0.2180044 -0.03951106
  0.2244776 -0.03993066
  0.2309551 -0.04033567
  0.2374369 -0.04072637
  0.2439232 -0.04110307
  0.2504135 -0.04146606
  0.2569075 -0.04181559
  0.2634047 -0.04215184
  0.2699047 -0.04247495
  0.2764072 -0.04278507
  0.2829123 -0.04308238
  0.2894201 -0.04336704
  0.2959305 -0.04363926
  0.3024436 -0.0438992
  0.3089593 -0.04414704
  0.3154774 -0.04438295
  0.3219979 -0.04460712
  0.3285205 -0.04481971
  0.335045 -0.04502086
  0.3415711 -0.04521064
  0.3480983 -0.04538912
  0.3546262 -0.04555638
  0.3611542 -0.04571242
  0.3676822 -0.0458572
  0.3742105 -0.04599067
  0.3807397 -0.04611283
  0.3872704 -0.04622379
  0.3938027 -0.04632371
  0.4003361 -0.04641275
  0.4068693 -0.04649098
  0.4134013 -0.04655826
  0.4199317 -0.04661438
  0.4264608 -0.04665915
  0.4329896 -0.04669244
  0.4395189 -0.04671436
  0.4460492 -0.04672502
  0.4525803 -0.04672452
  0.4591116 -0.0467129
  0.4656424 -0.04669014
  0.4721724 -0.0466562
  0.4787014 -0.04661102
  0.4852291 -0.0465545
  0.4917553 -0.04648651
  0.4982793 -0.04640688
  0.5048003 -0.04631547
  0.5113175 -0.04621205
  0.5178312 -0.04609634
  0.5243423 -0.04596805
  0.5308527 -0.04582689
  0.5373636 -0.04567292
  0.5438737 -0.04550628
  0.5503792 -0.04532724
  0.5568741 -0.0451357
  0.5633534 -0.04493038
  0.5698151 -0.04470975
  0.576261 -0.0444722
  0.5826948 -0.04421635
  0.5891186 -0.04394136
  0.5955303 -0.04364663
  0.6019239 -0.04333176
  0.6082914 -0.04299544
  0.6146291 -0.0426351
  0.6209395 -0.04224778
  0.627231 -0.04183029
  0.6335161 -0.04138114
  0.6398054 -0.04090063
  0.6461065 -0.04038916
  0.6524239 -0.03984735
  0.6587596 -0.03927656
  0.6651151 -0.03867875
  0.6714918 -0.03805592
  0.6778906 -0.03741009
  0.6843122 -0.03674329
  0.6907551 -0.03605769
  0.6972158 -0.03535577
  0.7036888 -0.03464011
  0.7101676 -0.03391203
  0.7166475 -0.03317197
  0.7231259 -0.03242015
  0.7296025 -0.03165657
  0.7360784 -0.03088114
  0.7425544 -0.03009377
  0.7490316 -0.02929437
  0.755511 -0.02848291
  0.7619935 -0.0276597
  0.7684806 -0.02682504
  0.7749735 -0.02597923
  0.7814739 -0.02512272
  0.7879835 -0.02425632
  0.7945039 -0.02338095
  0.8010368 -0.02249751
  0.8075834 -0.02160705
  0.8141436 -0.02071093
  0.820715 -0.01981087
  0.827293 -0.01890886
  0.8338715 -0.01800688
  0.8404458 -0.01710646
  0.847013 -0.0162088
  0.8535725 -0.01531483
  0.8601249 -0.01442521
  0.8666701 -0.01354062
  0.8732068 -0.01266191
  0.8797329 -0.0117901
  0.8862455 -0.01092681
  0.8927421 -0.01007383
  0.8992201 -0.009232899
  0.9056772 -0.008405834
  0.9121106 -0.007595226
  0.9185159 -0.00680398
  0.9248873 -0.006035056
  0.9312179 -0.005291549
  0.9375004 -0.004576929
  0.9437283 -0.003894467
  0.949896 -0.003247083
  0.9559968 -0.002638284
  0.9620084 -0.002075673
  0.9678834 -0.001568525
  0.973559 -0.00112493
  0.9789722 -0.0007500291
  0.9840568 -0.0004471729
  0.9887467 -0.0002189051
  0.9930204 -7.619046e-05
  0.9969069 -9.747846e-06
  1.0 0.0
