PSU 94-097 (AIAA 2001-2478)
  1.0 0.00328
  0.9969549 0.003876364
  0.992745 0.004694635
  0.9878477 0.005643156
  0.9824355 0.006693877
  0.9766694 0.007816059
  0.9707073 0.008977786
  0.9646401 0.01016108
  0.9585239 0.01135602
  0.9523914 0.01255719
  0.9462519 0.01376344
  0.940106 0.01497461
  0.9339549 0.01619037
  0.9278008 0.01741018
  0.9216468 0.01863352
  0.9154957 0.01986034
  0.9093499 0.02109081
  0.9032105 0.02232528
  0.897078 0.02356426
  0.8909517 0.0248074
  0.8848303 0.0260525
  0.8787122 0.0272972
  0.8725958 0.02853919
  0.8664791 0.02977618
  0.8603602 0.03100614
  0.8542376 0.03222892
  0.8481103 0.03344513
  0.8419781 0.03465531
  0.8358408 0.0358599
  0.8296991 0.03705923
  0.8235539 0.03825352
  0.8174065 0.03944258
  0.811258 0.04062603
  0.8051093 0.04180354
  0.7989612 0.04297481
  0.7928144 0.04413955
  0.7866693 0.04529754
  0.7805262 0.04644848
  0.7743852 0.04759194
  0.7682465 0.0487275
  0.7621099 0.04985473
  0.7559752 0.05097325
  0.7498421 0.05208269
  0.7437102 0.05318271
  0.7375788 0.05427303
  0.7314476 0.05535355
  0.7253163 0.05642413
  0.7191846 0.05748461
  0.7130525 0.05853483
  0.70692 0.05957458
  0.7007875 0.06060365
  0.6946551 0.06162176
  0.6885233 0.06262842
  0.6823926 0.06362306
  0.6762633 0.06460511
  0.670136 0.065574
  0.6640112 0.06652914
  0.6578896 0.06746998
  0.6517717 0.06839595
  0.6456581 0.06930631
  0.6395494 0.07020014
  0.6334457 0.07107654
  0.6273471 0.07193462
  0.6212534 0.07277356
  0.6151642 0.07359256
  0.609079 0.07439085
  0.6029969 0.07516769
  0.5969172 0.07592272
  0.5908389 0.07665579
  0.5847614 0.07736675
  0.5786838 0.07805544
  0.5726054 0.07872167
  0.5665254 0.07936527
  0.5604432 0.07998602
  0.5543579 0.08058375
  0.548269 0.0811586
  0.5421762 0.08171084
  0.5360791 0.08224072
  0.5299778 0.08274846
  0.5238726 0.08323427
  0.5177637 0.08369833
  0.5116519 0.08414084
  0.505538 0.08456192
  0.4994227 0.08496145
  0.4933068 0.08533923
  0.4871908 0.08569509
  0.481075 0.08602887
  0.4749597 0.08634044
  0.4688449 0.08662964
  0.4627304 0.08689637
  0.4566159 0.08714053
  0.4505013 0.08736216
  0.4443861 0.08756133
  0.43827 0.0877381
  0.4321529 0.08789252
  0.4260345 0.08802463
  0.4199146 0.08813448
  0.4137929 0.08822209
  0.4076694 0.08828755
  0.401544 0.08833095
  0.3954168 0.08835243
  0.389288 0.08835211
  0.3831581 0.08833012
  0.3770276 0.08828658
  0.3708972 0.08822164
  0.3647677 0.08813544
  0.3586401 0.08802786
  0.3525152 0.08789866
  0.3463932 0.08774759
  0.3402746 0.08757439
  0.3341593 0.0873788
  0.328047 0.08716054
  0.3219372 0.08691934
  0.3158294 0.08665496
  0.3097228 0.0863673
  0.3036173 0.08605631
  0.2975129 0.08572191
  0.29141 0.0853641
  0.2853094 0.08498285
  0.2792121 0.08457819
  0.2731194 0.08415007
  0.2670328 0.08369802
  0.2609535 0.08322141
  0.2548824 0.08271961
  0.2488202 0.08219201
  0.2427672 0.08163796
  0.2367235 0.08105681
  0.2306891 0.08044787
  0.2246638 0.07981041
  0.2186478 0.07914372
  0.2126415 0.07844711
  0.2066454 0.07771994
  0.2006604 0.07696158
  0.1946873 0.07617146
  0.1887273 0.07534877
  0.182782 0.07449244
  0.1768527 0.07360142
  0.1709406 0.07267473
  0.1650473 0.0717114
  0.1591741 0.07071051
  0.1533226 0.06967087
  0.1474946 0.06859087
  0.1416922 0.06746893
  0.1359174 0.0663036
  0.1301726 0.06509353
  0.1244602 0.06383746
  0.1187828 0.06253369
  0.1131434 0.06118014
  0.1075444 0.0597748
  0.1019883 0.05831576
  0.09647689 0.05680117
  0.09101268 0.05522896
  0.08559939 0.05359693
  0.08024208 0.05190343
  0.07494694 0.05014758
  0.06972101 0.04832918
  0.06457342 0.04644741
  0.05951596 0.04450102
  0.05456155 0.0424903
  0.04972348 0.04041711
  0.04501575 0.03828432
  0.04045754 0.03609542
  0.03607158 0.03385796
  0.03188015 0.03158334
  0.02790505 0.02928524
  0.02418616 0.02698531
  0.02077451 0.02472105
  0.01770407 0.02253257
  0.01498136 0.02044892
  0.01260027 0.01848632
  0.01054026 0.01665425
  0.008766313 0.01495282
  0.007237578 0.0133745
  0.005919554 0.01190754
  0.00479306 0.01054262
  0.003839347 0.009274179
  0.003037156 0.008096103
  0.002364762 0.007000868
  0.001801945 0.00598022
  0.001331529 0.005026082
  0.000943827 0.004131754
  0.0006319021 0.003290416
  0.0003887074 0.002495222
  0.0002078907 0.001740018
  8.401898e-05 0.001019511
  1.578413e-05 0.0003286488
  1.625499e-05 -0.0003435669
  0.0001079167 -0.001012196
  0.0003398514 -0.001659294
  0.0007548132 -0.002252823
  0.001307288 -0.002798706
  0.00195243 -0.003311447
  0.002690379 -0.00380577
  0.003528234 -0.004295331
  0.004478504 -0.004789367
  0.005555149 -0.005298863
  0.006782736 -0.005827182
  0.008193536 -0.006374394
  0.009823912 -0.006939215
  0.01171026 -0.007518824
  0.01388549 -0.00811095
  0.01637912 -0.008718411
  0.0192399 -0.00934401
  0.02252851 -0.00998069
  0.02628506 -0.01061586
  0.0305075 -0.01123462
  0.03516096 -0.01182654
  0.04019351 -0.01237781
  0.04551614 -0.01287499
  0.0510282 -0.01331317
  0.05666137 -0.01369681
  0.06238858 -0.01402923
  0.06819251 -0.01431205
  0.07405957 -0.01454805
  0.0799812 -0.01474089
  0.08595416 -0.01489467
  0.09197649 -0.01501336
  0.09804452 -0.01510112
  0.1041525 -0.0151624
  0.1102927 -0.01520192
  0.1164551 -0.01522366
  0.1226304 -0.01522844
  0.1288112 -0.0152165
  0.1349927 -0.01518813
  0.1411727 -0.01514366
  0.1473515 -0.0150834
  0.1535315 -0.01500788
  0.1597157 -0.01491796
  0.1659065 -0.01481458
  0.172106 -0.01469865
  0.1783153 -0.01457108
  0.1845354 -0.0144328
  0.1907665 -0.01428478
  0.1970083 -0.01412798
  0.2032603 -0.01396338
  0.2095214 -0.01379199
  0.2157906 -0.01361484
  0.2220661 -0.01343299
  0.2283459 -0.01324752
  0.2346279 -0.01305941
  0.2409095 -0.01286883
  0.2471891 -0.01267549
  0.2534654 -0.01247907
  0.2597378 -0.01227924
  0.2660064 -0.01207565
  0.2722718 -0.01186794
  0.2785355 -0.01165572
  0.2847991 -0.01143888
  0.2910645 -0.011218
  0.2973331 -0.01099375
  0.303606 -0.01076683
  0.3098836 -0.01053795
  0.3161661 -0.01030782
  0.3224531 -0.01007719
  0.3287441 -0.009846828
  0.3350377 -0.009617211
  0.3413329 -0.009388215
  0.3476288 -0.009159631
  0.3539245 -0.008931242
  0.3602196 -0.008702825
  0.3665138 -0.008474146
  0.3728071 -0.008244965
  0.3790995 -0.008015032
  0.3853916 -0.007784133
  0.3916837 -0.00755225
  0.3979762 -0.007319428
  0.4042693 -0.00708572
  0.4105632 -0.006851178
  0.4168578 -0.006615865
  0.423153 -0.006379842
  0.4294486 -0.006143181
  0.4357441 -0.005905952
  0.4420391 -0.005668121
  0.4483331 -0.005429512
  0.4546257 -0.005189937
  0.4609168 -0.004949205
  0.4672059 -0.004707123
  0.4734931 -0.004463495
  0.4797783 -0.004218121
  0.4860615 -0.0039708
  0.4923427 -0.003721374
  0.4986223 -0.003470138
  0.5049004 -0.00321764
  0.5111774 -0.002964428
  0.5174537 -0.002711047
  0.5237297 -0.00245804
  0.5300059 -0.002205947
  0.5362828 -0.001955307
  0.5425611 -0.001706656
  0.5488414 -0.001460393
  0.5551241 -0.001216324
  0.5614098 -0.0009741023
  0.5676983 -0.0007333872
  0.5739897 -0.0004938477
  0.5802835 -0.0002551597
  0.5865792 -1.70073e-05
  0.5928759 0.0002209177
  0.5991725 0.0004589115
  0.6054679 0.0006969723
  0.611761 0.0009345945
  0.6180508 0.001171233
  0.6243369 0.001406354
  0.630619 0.001639436
  0.636897 0.001869971
  0.6431711 0.002097461
  0.649442 0.002321419
  0.6557102 0.002541394
  0.6619767 0.002757186
  0.6682421 0.002968717
  0.6745069 0.003175907
  0.6807715 0.003378664
  0.6870358 0.003576891
  0.6932999 0.003770485
  0.6995635 0.003959338
  0.705826 0.004143333
  0.7120868 0.004322247
  0.7183455 0.004495728
  0.7246015 0.004663421
  0.7308547 0.004824974
  0.7371049 0.004980046
  0.7433522 0.005128297
  0.7495968 0.005269392
  0.755839 0.005403001
  0.7620792 0.005528851
  0.7683177 0.005646739
  0.7745549 0.005756462
  0.7807907 0.005857815
  0.7870251 0.005950591
  0.793258 0.006034582
  0.799489 0.006109577
  0.8057176 0.006175342
  0.8119433 0.006231465
  0.8181657 0.006277468
  0.8243845 0.006312882
  0.8305992 0.006337237
  0.8368096 0.006350072
  0.8430157 0.006350926
  0.8492172 0.006339335
  0.8554141 0.006314779
  0.8616064 0.006276721
  0.8677941 0.006224626
  0.873977 0.006157961
  0.8801553 0.006076196
  0.8863288 0.005978799
  0.8924976 0.005865172
  0.8986613 0.005734661
  0.9048191 0.005586621
  0.9109703 0.005420428
  0.9171133 0.005235482
  0.9232467 0.005031116
  0.9293685 0.004806186
  0.9354766 0.004559437
  0.9415686 0.00428967
  0.9476419 0.00399575
  0.9536932 0.00367657
  0.9597129 0.003331253
  0.9656832 0.002959667
  0.9715787 0.002562589
  0.9773567 0.002141309
  0.9829175 0.001700986
  0.9881284 0.001252825
  0.9928561 0.0008044475
  0.9969612 0.0003644434
  1.0 0.0
