PW1211
  1.0 0.00024
  0.9966422 8.780113e-05
  0.9921709 -5.289268e-05
  0.9871518 -0.0001545469
  0.9817509 -0.000219094
  0.9761274 -0.0002412487
  0.9704028 -0.0002148611
  0.9646332 -0.0001289661
  0.9587981 1.71479e-05
  0.9529083 0.0002078419
  0.9469948 0.0004393389
  0.9410555 0.0007095628
  0.9350942 0.001014566
  0.9291074 0.001352134
  0.9230875 0.001714626
  0.9170539 0.002094903
  0.9110268 0.002493621
  0.9049941 0.002915489
  0.8989289 0.0033548
  0.8928755 0.003800139
  0.8868407 0.004265821
  0.8807739 0.004746589
  0.874697 0.005229392
  0.8686386 0.005720709
  0.8625863 0.006228668
  0.8565134 0.0067505
  0.850442 0.007275145
  0.8443868 0.007811682
  0.8383216 0.008363951
  0.8322429 0.008924251
  0.8261654 0.009482583
  0.820093 0.01004689
  0.8140058 0.01062324
  0.8079064 0.01120539
  0.8018076 0.01179236
  0.7957067 0.01238473
  0.7896019 0.01298056
  0.7834981 0.01357542
  0.7773974 0.01417296
  0.7712884 0.0147762
  0.7651715 0.01538083
  0.7590572 0.01598511
  0.7529542 0.0165898
  0.7468729 0.01719805
  0.7408078 0.01781615
  0.7347363 0.01843572
  0.7286453 0.01905018
  0.7225384 0.01966625
  0.7164262 0.02028358
  0.7103182 0.02089971
  0.704225 0.02151463
  0.698148 0.02213472
  0.692074 0.02275406
  0.6859889 0.02336748
  0.6798895 0.02398378
  0.6737829 0.02460216
  0.6676794 0.02521824
  0.661584 0.02582888
  0.655493 0.02643225
  0.6493995 0.02703351
  0.6433054 0.02763682
  0.6372206 0.02823544
  0.6311462 0.02882285
  0.6250633 0.029403
  0.6189742 0.02998487
  0.6128849 0.03056246
  0.6067876 0.0311348
  0.6006951 0.03170265
  0.5946132 0.0322624
  0.5885374 0.03282127
  0.5824786 0.03337835
  0.5764202 0.03392189
  0.570343 0.03446449
  0.5642573 0.03500926
  0.5581612 0.03554901
  0.5520611 0.03608533
  0.5459728 0.0366135
  0.5398799 0.03713165
  0.5337754 0.03764488
  0.5276701 0.03815347
  0.5215672 0.03865645
  0.5154614 0.03915397
  0.5093609 0.03964742
  0.5032815 0.04013075
  0.4972053 0.04060388
  0.4911267 0.04107932
  0.4850547 0.04154922
  0.4789769 0.04200652
  0.4728814 0.0424552
  0.4667775 0.04290007
  0.4606865 0.04333777
  0.4545995 0.04376405
  0.4485097 0.04418127
  0.4424243 0.04458818
  0.4363385 0.04498405
  0.430249 0.04537011
  0.4241599 0.0457465
  0.4180734 0.04611186
  0.4119749 0.04646765
  0.4058754 0.04682003
  0.3997995 0.04716077
  0.3937212 0.04748489
  0.387621 0.04779957
  0.3815151 0.04811024
  0.3754315 0.04841251
  0.3693639 0.04869797
  0.3632895 0.04896722
  0.3572026 0.04922544
  0.351124 0.04947375
  0.3450573 0.04970588
  0.3389853 0.04992154
  0.3328994 0.05012474
  0.3268165 0.05031861
  0.3207454 0.05049794
  0.3146741 0.05066159
  0.3086046 0.05080999
  0.3025293 0.05094227
  0.2964422 0.05106358
  0.2903653 0.05117473
  0.284307 0.05127008
  0.2782597 0.05134581
  0.2722154 0.05140092
  0.2661714 0.05143594
  0.2601291 0.05145092
  0.2540863 0.05144485
  0.2480337 0.05141964
  0.241977 0.05137979
  0.2359424 0.05132353
  0.2299396 0.05124051
  0.2239119 0.05112568
  0.2178645 0.05099705
  0.2118498 0.05084872
  0.2058327 0.05067347
  0.1998211 0.05047916
  0.1938442 0.05025813
  0.1878823 0.05000304
  0.1819202 0.04971292
  0.1759487 0.04939037
  0.1699716 0.04904128
  0.1640206 0.04866656
  0.1581012 0.04825593
  0.1521904 0.04780411
  0.1462746 0.04731362
  0.1403739 0.0467899
  0.1345064 0.04622715
  0.1286612 0.04561813
  0.1228185 0.04496062
  0.1169937 0.04426076
  0.1112002 0.04351278
  0.1054178 0.04271328
  0.09967518 0.04186822
  0.09398607 0.04096507
  0.08831873 0.03999615
  0.08267166 0.03896569
  0.07708516 0.03788134
  0.07158504 0.03673031
  0.06614371 0.03549685
  0.06074994 0.03418002
  0.05543405 0.03278835
  0.0502314 0.03131797
  0.04513316 0.02975663
  0.04016617 0.02811572
  0.03539225 0.02640368
  0.03084887 0.02461923
  0.0265458 0.02276525
  0.02255043 0.0208969
  0.018956 0.01906321
  0.01579382 0.01729457
  0.01307864 0.01562468
  0.01078589 0.01405031
  0.008851699 0.01257008
  0.007218368 0.01119612
  0.005838157 0.009935363
  0.004677377 0.008772724
  0.003711425 0.007683404
  0.002917662 0.006647798
  0.002268918 0.005659231
  0.001726214 0.004726134
  0.001264315 0.003852251
  0.0008709935 0.003033087
  0.0005419165 0.002262917
  0.0002769559 0.001532122
  9.149478e-05 0.0008312723
  5.662359e-06 0.0001636753
  2.18604e-05 -0.0004889247
  0.0001475572 -0.001156708
  0.0003870838 -0.001833253
  0.0007290585 -0.002508182
  0.001173491 -0.003177282
  0.001720863 -0.003838044
  0.002377299 -0.004481018
  0.00316908 -0.005079263
  0.004104224 -0.005634093
  0.005189667 -0.006152836
  0.006450014 -0.006646278
  0.00790991 -0.007154521
  0.009607737 -0.007691272
  0.01160664 -0.008256414
  0.01397956 -0.008853455
  0.01682512 -0.009481414
  0.02026153 -0.01017039
  0.02426114 -0.01091739
  0.02874979 -0.01165489
  0.03369041 -0.0123624
  0.0389749 -0.0130369
  0.04443433 -0.01366286
  0.05003385 -0.01421404
  0.05581366 -0.01472432
  0.06166671 -0.01520994
  0.06748848 -0.01565223
  0.07331687 -0.01602662
  0.07925953 -0.01635835
  0.08527147 -0.01667925
  0.09124758 -0.01698331
  0.09717883 -0.01724371
  0.103162 -0.01746105
  0.1092124 -0.01766187
  0.1152723 -0.01785446
  0.121304 -0.01803038
  0.127321 -0.01817846
  0.1333604 -0.01829918
  0.1394391 -0.01840458
  0.1455301 -0.0185023
  0.1516135 -0.0185898
  0.1576899 -0.01866319
  0.1637666 -0.01872065
  0.1698523 -0.01876313
  0.1759558 -0.01879428
  0.1820728 -0.01881976
  0.1881789 -0.01883983
  0.1942791 -0.01884893
  0.2003779 -0.01884921
  0.206458 -0.01883644
  0.2125469 -0.01880763
  0.2186653 -0.01877789
  0.2247978 -0.0187505
  0.2309295 -0.01872183
  0.2370471 -0.01868871
  0.2431542 -0.01864548
  0.2492719 -0.01859341
  0.2553853 -0.01853759
  0.2614778 -0.01847445
  0.2675549 -0.01841365
  0.2736184 -0.01835839
  0.2796845 -0.01829039
  0.2857656 -0.01821925
  0.2918464 -0.01814815
  0.2979395 -0.01806461
  0.3040548 -0.01797711
  0.310169 -0.01789472
  0.3162809 -0.0178175
  0.3223982 -0.01773573
  0.3285234 -0.01764695
  0.3346586 -0.01755412
  0.3408003 -0.01746145
  0.3469389 -0.01737019
  0.3530685 -0.01727685
  0.3592003 -0.01717769
  0.3653408 -0.01707756
  0.3714806 -0.01697901
  0.3776111 -0.01687967
  0.3837401 -0.01677438
  0.3898785 -0.01666701
  0.3960208 -0.01656086
  0.402158 -0.01645482
  0.4082809 -0.01634729
  0.4143825 -0.01624449
  0.4204666 -0.01614679
  0.4265562 -0.0160376
  0.4326664 -0.01592154
  0.4387735 -0.01580976
  0.4448676 -0.01570476
  0.4509559 -0.01559458
  0.4570434 -0.0154825
  0.4631357 -0.01537753
  0.469241 -0.01526733
  0.4753637 -0.01515249
  0.4814923 -0.01503927
  0.4876097 -0.01492744
  0.4937087 -0.0148099
  0.4997958 -0.01469061
  0.5058771 -0.01457885
  0.511956 -0.01446139
  0.5180359 -0.01434292
  0.5241196 -0.0142312
  0.5302127 -0.01411303
  0.5363159 -0.01399262
  0.542417 -0.0138725
  0.5485143 -0.01374542
  0.5546186 -0.01362157
  0.5607376 -0.01350246
  0.5668662 -0.01338184
  0.5729928 -0.01326226
  0.5791129 -0.01313966
  0.585237 -0.01301158
  0.591367 -0.01288406
  0.5974925 -0.01275579
  0.6036056 -0.01262968
  0.6097122 -0.01251015
  0.6158255 -0.01238619
  0.6219542 -0.01225735
  0.6280914 -0.01212959
  0.6342242 -0.01200298
  0.6403501 -0.01187244
  0.6464814 -0.01173686
  0.6526163 -0.01160168
  0.6587407 -0.01146883
  0.6648468 -0.01133283
  0.670941 -0.01119115
  0.6770335 -0.01105625
  0.6831331 -0.01092102
  0.6892494 -0.01077865
  0.6953816 -0.01063675
  0.7015211 -0.01049514
  0.7076612 -0.0103534
  0.713795 -0.01021194
  0.7199189 -0.01006682
  0.7260344 -0.009914822
  0.7321453 -0.009758942
  0.7382642 -0.00960888
  0.7443944 -0.009462154
  0.7505177 -0.009312568
  0.7566369 -0.009157007
  0.7627579 -0.009001586
  0.7688728 -0.008844304
  0.7749898 -0.0086812
  0.7811101 -0.008519005
  0.7872282 -0.008353803
  0.793355 -0.008182937
  0.7994904 -0.008012292
  0.805621 -0.0078434
  0.8117383 -0.00767211
  0.8178499 -0.007495135
  0.8239562 -0.007319554
  0.8300462 -0.007140493
  0.8361227 -0.006957299
  0.8421877 -0.006782518
  0.8482477 -0.006601168
  0.8543212 -0.006409624
  0.8604002 -0.006220777
  0.866469 -0.00602569
  0.8725278 -0.005830862
  0.8785739 -0.005643405
  0.8846153 -0.005443323
  0.8906661 -0.005241529
  0.896725 -0.005045741
  0.9028064 -0.004836986
  0.9089189 -0.004619403
  0.915035 -0.004398222
  0.9211519 -0.00417123
  0.9272631 -0.003940632
  0.9333498 -0.003701874
  0.939429 -0.003453473
  0.9455006 -0.003207288
  0.9515437 -0.002953117
  0.9575624 -0.002678476
  0.9635777 -0.002381562
  0.9695603 -0.002071625
  0.9754439 -0.001741855
  0.9812338 -0.001384476
  0.986819 -0.001029948
  0.991998 -0.0007110072
  0.9966019 -0.0004387489
  1.0 -0.00024
