 RONCZ 1046 VOYAGER CANARD AIRFOIL
  1.0 0.0
  0.9965051 0.0007312723
  0.9923495 0.001693161
  0.9880293 0.002800798
  0.9835026 0.004065033
  0.9787287 0.005476474
  0.9736872 0.007021221
  0.9683762 0.00869596
  0.9628007 0.01049424
  0.9569719 0.01240411
  0.9509062 0.01440999
  0.9446266 0.01649276
  0.938161 0.01862885
  0.9315397 0.02079612
  0.92479 0.02298061
  0.9179271 0.02517296
  0.9109533 0.02737051
  0.9038676 0.02957609
  0.8966713 0.03179263
  0.8893689 0.03402322
  0.8819707 0.03627059
  0.8744943 0.03853562
  0.8669604 0.04081564
  0.8593883 0.04310717
  0.8517935 0.04540774
  0.8441861 0.04771625
  0.8365697 0.05003348
  0.8289425 0.05236059
  0.8213029 0.05469703
  0.813653 0.05704133
  0.8059958 0.05939219
  0.7983331 0.06174906
  0.7906648 0.06411185
  0.7829905 0.0664802
  0.7753108 0.06885348
  0.7676268 0.07123087
  0.7599399 0.07361162
  0.7522508 0.07599499
  0.7445613 0.07837949
  0.7368755 0.08076284
  0.729199 0.08314215
  0.7215359 0.08551484
  0.7138881 0.08787913
  0.7062558 0.09023394
  0.69864 0.0925782
  0.6910422 0.09491058
  0.6834644 0.09722954
  0.6759087 0.09953344
  0.6683771 0.1018204
  0.6608712 0.1040885
  0.6533922 0.106336
  0.6459407 0.1085611
  0.6385178 0.1107622
  0.6311243 0.1129376
  0.6237614 0.1150854
  0.6164303 0.117204
  0.6091324 0.1192913
  0.6018689 0.1213454
  0.5946408 0.1233648
  0.5874494 0.1253475
  0.5802977 0.1272917
  0.5731904 0.1291947
  0.5661315 0.1310533
  0.5591236 0.1328646
  0.5521677 0.1346264
  0.5452661 0.1363367
  0.5384234 0.137993
  0.5316462 0.1395917
  0.5249389 0.1411279
  0.5183029 0.142598
  0.5117371 0.1439987
  0.5052374 0.1453275
  0.4987971 0.1465825
  0.4924077 0.1477628
  0.4860613 0.1488687
  0.479751 0.1499004
  0.4734713 0.1508579
  0.4672168 0.1517414
  0.460982 0.1525511
  0.4547609 0.1532868
  0.4485479 0.1539494
  0.4423373 0.1545396
  0.4361241 0.1550578
  0.4299035 0.1555049
  0.4236722 0.1558822
  0.4174279 0.1561907
  0.4111697 0.1564311
  0.4048973 0.1566039
  0.3986111 0.1567096
  0.3923122 0.1567486
  0.3860006 0.156721
  0.3796749 0.1566265
  0.3733324 0.1564653
  0.3669712 0.156238
  0.3605928 0.1559454
  0.3542018 0.1555886
  0.3478016 0.1551675
  0.3413879 0.1546809
  0.334948 0.1541274
  0.3284704 0.1535098
  0.3219621 0.152835
  0.3154532 0.1521118
  0.3089799 0.1513396
  0.3025503 0.1505088
  0.2961388 0.1496061
  0.2897019 0.1486273
  0.2832165 0.1475797
  0.2766939 0.1464759
  0.2701716 0.1453252
  0.2636782 0.1441267
  0.2572191 0.142876
  0.2507821 0.1415685
  0.244357 0.1402033
  0.2379425 0.1387817
  0.2315452 0.1373056
  0.2251724 0.1357763
  0.2188281 0.1341942
  0.2125134 0.1325592
  0.2062292 0.1308712
  0.199977 0.1291305
  0.1937596 0.1273377
  0.1875802 0.1254932
  0.1814417 0.1235975
  0.1753466 0.1216512
  0.1692974 0.1196546
  0.1632967 0.1176085
  0.1573472 0.1155137
  0.151452 0.1133711
  0.1456151 0.1111824
  0.1398419 0.1089499
  0.1341386 0.1066765
  0.128512 0.1043642
  0.1229686 0.1020157
  0.1175141 0.09963315
  0.1121542 0.09721934
  0.1068953 0.09477746
  0.1017446 0.09231155
  0.09670953 0.08982634
  0.09179757 0.0873267
  0.08701572 0.08481764
  0.08236995 0.08230428
  0.07786502 0.07979172
  0.07350566 0.07728512
  0.06929846 0.07479087
  0.06525074 0.07231666
  0.06136914 0.06987074
  0.05765864 0.06746109
  0.05412212 0.06509404
  0.05075935 0.06277387
  0.04756713 0.06050344
  0.04454096 0.05828487
  0.04167603 0.05612027
  0.03896697 0.05401144
  0.03640827 0.05195909
  0.03399421 0.04996273
  0.03171821 0.04802133
  0.02957308 0.04613354
  0.02755164 0.04429764
  0.02564728 0.04251174
  0.02385348 0.04077398
  0.02216383 0.03908254
  0.02057206 0.03743559
  0.01907214 0.03583131
  0.01765886 0.03426795
  0.01632761 0.03274385
  0.01507392 0.03125751
  0.01389352 0.02980746
  0.01278226 0.02839233
  0.01173619 0.02701076
  0.01075167 0.02566141
  0.009825464 0.02434289
  0.008954432 0.02305381
  0.00813554 0.02179275
  0.00736589 0.02055839
  0.006642776 0.01934972
  0.005963698 0.01816591
  0.005326333 0.01700621
  0.004728511 0.01586992
  0.004168194 0.0147564
  0.003643591 0.01366496
  0.003154333 0.01259456
  0.002700687 0.01154398
  0.002282683 0.01051204
  0.00190016 0.009497686
  0.001552964 0.008500036
  0.001241034 0.007518304
  0.0009641315 0.006551393
  0.0007219843 0.005598227
  0.0005146273 0.004659208
  0.0003423202 0.003736483
  0.0002052772 0.002831719
  0.0001032219 0.00194408
  3.574798e-05 0.001070702
  2.752834e-06 0.0002072215
  5.129261e-06 -0.000651685
  4.759381e-05 -0.001509199
  0.0001373118 -0.002365859
  0.0002824122 -0.003220427
  0.0004917836 -0.004069756
  0.0007751993 -0.004907413
  0.001145163 -0.005720684
  0.001606902 -0.006499945
  0.002152589 -0.007240711
  0.002773569 -0.007940639
  0.003461926 -0.008602198
  0.004209059 -0.009228472
  0.005008206 -0.009822935
  0.005857186 -0.01038978
  0.006753768 -0.01093368
  0.007694847 -0.01145989
  0.008676523 -0.011974
  0.009698155 -0.01247759
  0.01076178 -0.01296959
  0.01186988 -0.01344887
  0.01302545 -0.01391458
  0.01423148 -0.01436728
  0.01549098 -0.01480821
  0.01680704 -0.01523892
  0.01818277 -0.01566134
  0.0196211 -0.01607788
  0.02112476 -0.01649131
  0.02269757 -0.01690271
  0.02434435 -0.01731215
  0.02607036 -0.01771987
  0.02788135 -0.01812628
  0.02978367 -0.01853211
  0.03178452 -0.01893822
  0.0338922 -0.01934461
  0.03611607 -0.01975089
  0.0384664 -0.02015662
  0.0409543 -0.02056134
  0.04359196 -0.02096449
  0.04639281 -0.02136541
  0.04937149 -0.02176349
  0.05254444 -0.02215832
  0.05592974 -0.0225498
  0.05954525 -0.02293811
  0.06340639 -0.02332349
  0.0675249 -0.0237044
  0.0719086 -0.02407856
  0.07656142 -0.02444389
  0.08148519 -0.02479893
  0.0866826 -0.02514233
  0.09215388 -0.02547173
  0.09789312 -0.0257848
  0.1038884 -0.02607965
  0.110123 -0.02635453
  0.1165759 -0.02660811
  0.1232246 -0.02683988
  0.1300476 -0.02704967
  0.1370221 -0.02723741
  0.1441244 -0.02740353
  0.1513318 -0.02754769
  0.1586251 -0.0276689
  0.1659912 -0.02776653
  0.1734213 -0.02784072
  0.1809083 -0.02789201
  0.1884468 -0.02792119
  0.1960319 -0.02792949
  0.2036588 -0.02791829
  0.2113231 -0.02788881
  0.2190207 -0.02784211
  0.226748 -0.02777923
  0.2345021 -0.02770105
  0.2422805 -0.02760842
  0.2500808 -0.02750216
  0.2579013 -0.02738302
  0.2657401 -0.02725175
  0.2735955 -0.02710907
  0.2814662 -0.02695566
  0.2893507 -0.02679218
  0.2972473 -0.0266193
  0.3051541 -0.02643765
  0.313069 -0.02624772
  0.3209898 -0.02604986
  0.3289141 -0.02584433
  0.3368401 -0.02563114
  0.344766 -0.02541023
  0.3526904 -0.02518141
  0.3606126 -0.02494437
  0.3685327 -0.02469884
  0.376451 -0.02444472
  0.3843675 -0.02418195
  0.3922822 -0.02391042
  0.4001949 -0.02362998
  0.4081052 -0.02334045
  0.4160137 -0.02304145
  0.4239226 -0.02273252
  0.4318349 -0.02241366
  0.4397523 -0.02208541
  0.447674 -0.02174829
  0.4555994 -0.02140214
  0.4635307 -0.02104656
  0.4714719 -0.02068164
  0.4794261 -0.02030822
  0.4873937 -0.01992725
  0.4953745 -0.01953941
  0.5033697 -0.01914521
  0.5113812 -0.01874554
  0.5194092 -0.0183418
  0.5274511 -0.01793546
  0.5355034 -0.01752732
  0.543563 -0.01711793
  0.5516277 -0.01670782
  0.5596949 -0.01629751
  0.5677615 -0.01588764
  0.5758251 -0.01547896
  0.5838851 -0.01507217
  0.5919423 -0.01466756
  0.5999974 -0.01426513
  0.60805 -0.01386489
  0.6160996 -0.01346698
  0.6241455 -0.01307156
  0.6321872 -0.01267885
  0.6402243 -0.01228917
  0.6482566 -0.01190279
  0.6562841 -0.01151999
  0.664307 -0.01114101
  0.6723253 -0.01076608
  0.680339 -0.0103954
  0.6883477 -0.01002924
  0.6963515 -0.009668
  0.7043511 -0.009312049
  0.7123481 -0.008961505
  0.7203431 -0.008616291
  0.7283365 -0.008276383
  0.7363282 -0.007941874
  0.7443185 -0.007612859
  0.7523079 -0.007289344
  0.7602968 -0.006971279
  0.7682849 -0.006658645
  0.7762721 -0.006351486
  0.7842586 -0.00604984
  0.7922447 -0.005753627
  0.8002298 -0.0054627
  0.808212 -0.005177098
  0.8161899 -0.004897378
  0.8241643 -0.004624124
  0.832137 -0.004357321
  0.8401089 -0.004096474
  0.8480791 -0.003841037
  0.856045 -0.003590192
  0.8640023 -0.003343071
  0.8719441 -0.003098552
  0.8798582 -0.002855363
  0.8877266 -0.002612054
  0.8955317 -0.002365732
  0.9032616 -0.002113171
  0.9109088 -0.001852887
  0.918464 -0.001585571
  0.9259141 -0.001312515
  0.9332351 -0.001037655
  0.9403834 -0.0007664385
  0.9473045 -0.0005056285
  0.9539549 -0.0002649383
  0.9603126 -5.204462e-05
  0.9663714 0.0001274263
  0.9721276 0.0002677918
  0.9775748 0.0003654906
  0.9827101 0.0004187782
  0.9875415 0.0004153201
  0.9920982 0.0003379452
  0.9964187 0.0001854003
  1.0 0.0
