RONCZ 1080 VOYAGER INNER AFT WING AIRFOIL
  1.0 0.0
  0.9964669 0.0008891792
  0.9921776 0.00200717
  0.9876495 0.003232552
  0.9828747 0.004550913
  0.9778386 0.005918692
  0.9725276 0.007306358
  0.9669368 0.008714219
  0.9610655 0.01014591
  0.9549165 0.01160698
  0.948498 0.01310428
  0.9418311 0.0146449
  0.934953 0.01623451
  0.9279109 0.01786844
  0.9207475 0.01953768
  0.913494 0.02123581
  0.9061713 0.02295906
  0.8987956 0.02470487
  0.891378 0.02647132
  0.8839279 0.02825593
  0.876454 0.03005606
  0.8689644 0.03186981
  0.8614641 0.03369664
  0.8539537 0.03553697
  0.8464319 0.03739069
  0.8388988 0.03925687
  0.8313569 0.04113428
  0.8238078 0.04302244
  0.8162504 0.04492164
  0.808682 0.04683201
  0.801101 0.04875254
  0.7935093 0.0506816
  0.7859097 0.05261808
  0.7783031 0.05456175
  0.7706883 0.05651258
  0.7630639 0.05846994
  0.7554306 0.06043263
  0.7477907 0.06239923
  0.7401473 0.0643682
  0.7325045 0.06633774
  0.7248667 0.06830576
  0.7172384 0.07027008
  0.7096237 0.07222847
  0.7020255 0.07417884
  0.6944445 0.07611961
  0.6868811 0.07804971
  0.6793371 0.07996795
  0.6718155 0.08187258
  0.664319 0.08376134
  0.6568485 0.0856323
  0.6494044 0.08748402
  0.6419873 0.08931517
  0.6345999 0.09112409
  0.6272451 0.09290852
  0.6199263 0.09466601
  0.6126469 0.09639412
  0.60541 0.09809017
  0.5982185 0.09975152
  0.5910755 0.1013756
  0.5839853 0.1029594
  0.5769533 0.1044998
  0.569986 0.1059925
  0.5630874 0.1074325
  0.5562598 0.1088154
  0.5495023 0.1101373
  0.5428104 0.1113944
  0.5361754 0.1125843
  0.529587 0.1137061
  0.5230358 0.1147602
  0.5165135 0.1157463
  0.5100131 0.1166645
  0.5035274 0.117515
  0.4970494 0.1182978
  0.4905714 0.1190135
  0.4840849 0.1196627
  0.4775803 0.1202464
  0.4710469 0.1207662
  0.4644762 0.1212255
  0.4578634 0.1216271
  0.4512068 0.1219738
  0.4445073 0.1222678
  0.4377682 0.1225113
  0.4309945 0.1227059
  0.4241909 0.1228519
  0.4173602 0.1229498
  0.4105037 0.1230003
  0.4036237 0.1230043
  0.3967241 0.1229629
  0.3898101 0.1228767
  0.3828861 0.1227455
  0.3759546 0.1225693
  0.3690169 0.1223481
  0.3620746 0.1220822
  0.3551295 0.1217716
  0.3481839 0.1214164
  0.341239 0.1210166
  0.3342952 0.1205719
  0.3273526 0.1200827
  0.3204122 0.1195491
  0.313476 0.1189716
  0.306546 0.1183504
  0.299624 0.1176853
  0.292711 0.1169763
  0.2858083 0.1162235
  0.2789178 0.115427
  0.2720419 0.1145868
  0.265183 0.1137028
  0.2583421 0.1127744
  0.2515197 0.1118012
  0.2447163 0.1107831
  0.2379337 0.1097204
  0.2311746 0.1086132
  0.2244416 0.1074613
  0.2177364 0.1062643
  0.2110606 0.1050222
  0.204416 0.1037349
  0.1978058 0.1024027
  0.191234 0.101026
  0.1847043 0.09960471
  0.1782202 0.09813868
  0.1717845 0.09662789
  0.1654006 0.09507263
  0.1590732 0.09347355
  0.1528076 0.09183157
  0.1466099 0.0901474
  0.1404862 0.08842203
  0.1344428 0.08665667
  0.1284862 0.08485263
  0.1226238 0.08301162
  0.1168626 0.08113589
  0.1112108 0.0792279
  0.1056771 0.07729077
  0.1002712 0.07532846
  0.09500262 0.0733455
  0.08988064 0.07134641
  0.08491371 0.06933599
  0.08010875 0.06731933
  0.07547122 0.0653014
  0.07100768 0.06328725
  0.06672572 0.06128312
  0.06263204 0.05929601
  0.05873112 0.05733287
  0.05502479 0.05539975
  0.05151193 0.05350115
  0.04818836 0.05164043
  0.04504834 0.04981938
  0.04208531 0.04803891
  0.03929161 0.04629956
  0.03665904 0.04460142
  0.03417956 0.04294416
  0.03184493 0.04132732
  0.02964677 0.03975032
  0.02757705 0.03821211
  0.02562874 0.03671092
  0.02379487 0.03524502
  0.02206855 0.03381277
  0.02044301 0.03241259
  0.01891181 0.03104298
  0.01746959 0.02970249
  0.01611158 0.02838976
  0.01483318 0.02710356
  0.01362992 0.02584274
  0.01249752 0.02460622
  0.01143189 0.02339299
  0.01042912 0.02220231
  0.009485492 0.02103362
  0.008597478 0.01988632
  0.007761789 0.0187598
  0.006975509 0.01765344
  0.006236225 0.01656667
  0.005541689 0.01549894
  0.004889773 0.01444978
  0.004278452 0.01341872
  0.003705864 0.01240528
  0.003171941 0.01140842
  0.002678162 0.01042651
  0.002225617 0.009458052
  0.001815003 0.008501654
  0.001446705 0.00755654
  0.001120794 0.006622307
  0.0008371044 0.005698134
  0.0005953731 0.004783589
  0.0003955884 0.003880476
  0.0002376334 0.00299227
  0.0001206102 0.002120459
  4.327772e-05 0.00126337
  4.754465e-06 0.0004169788
  5.088449e-06 -0.0004246108
  4.657301e-05 -0.001267232
  0.0001338644 -0.002114064
  0.0002728878 -0.002965738
  0.0004703465 -0.00382001
  0.0007332688 -0.004670856
  0.001069874 -0.005509164
  0.001485592 -0.006328287
  0.001978491 -0.007124063
  0.002545253 -0.007892762
  0.003180891 -0.008635029
  0.003879414 -0.009352738
  0.004634643 -0.01004811
  0.005444053 -0.0107248
  0.006306133 -0.01138739
  0.007218526 -0.01204106
  0.008177666 -0.01269179
  0.009180846 -0.0133442
  0.01022987 -0.01399863
  0.01132747 -0.01465494
  0.01247684 -0.01531315
  0.01368149 -0.01597359
  0.01494499 -0.01663689
  0.01627114 -0.01730381
  0.01766393 -0.01797525
  0.01912751 -0.0186523
  0.02066611 -0.01933624
  0.0222846 -0.02002805
  0.02398894 -0.02072821
  0.02578562 -0.02143732
  0.02768165 -0.02215614
  0.02968472 -0.0228857
  0.03180331 -0.02362728
  0.03404719 -0.02438177
  0.03642699 -0.02514986
  0.03895392 -0.02593235
  0.04163967 -0.02673015
  0.04449676 -0.0275435
  0.04753873 -0.02837202
  0.05078018 -0.02921537
  0.05423717 -0.03007357
  0.05792542 -0.03094693
  0.06185735 -0.03183546
  0.0660402 -0.03273732
  0.07047629 -0.03364863
  0.07516335 -0.03456518
  0.08009662 -0.03548328
  0.08527268 -0.03640022
  0.09068845 -0.03731292
  0.09633634 -0.03821807
  0.1022038 -0.03911258
  0.1082743 -0.03999332
  0.1145289 -0.04085701
  0.1209478 -0.04170123
  0.1275129 -0.04252437
  0.1342073 -0.04332472
  0.1410144 -0.04410112
  0.147919 -0.04485282
  0.1549075 -0.04557898
  0.1619683 -0.04627918
  0.1690921 -0.04695342
  0.1762709 -0.04760182
  0.1834977 -0.04822476
  0.1907664 -0.04882265
  0.1980716 -0.04939583
  0.2054084 -0.04994478
  0.2127729 -0.05046978
  0.2201622 -0.05097113
  0.2275749 -0.05144929
  0.2350093 -0.05190503
  0.2424636 -0.05233918
  0.2499349 -0.05275231
  0.2574207 -0.0531447
  0.2649186 -0.05351661
  0.2724271 -0.05386818
  0.2799454 -0.05419948
  0.2874736 -0.0545107
  0.2950116 -0.05480234
  0.3025588 -0.05507492
  0.3101132 -0.05532878
  0.3176739 -0.05556396
  0.3252407 -0.05578054
  0.3328139 -0.05597884
  0.3403929 -0.05615931
  0.3479759 -0.05632223
  0.3555615 -0.05646751
  0.3631492 -0.05659501
  0.3707398 -0.0567048
  0.3783331 -0.05679719
  0.3859277 -0.05687245
  0.3935219 -0.05693045
  0.4011151 -0.0569709
  0.4087078 -0.05699363
  0.4163004 -0.05699878
  0.4238924 -0.05698654
  0.4314825 -0.05695694
  0.4390696 -0.05690988
  0.4466527 -0.05684521
  0.4542309 -0.05676273
  0.4618036 -0.05666223
  0.4693699 -0.05654342
  0.476929 -0.056406
  0.4844798 -0.05624964
  0.4920214 -0.05607383
  0.4995536 -0.05587793
  0.5070777 -0.05566136
  0.5145949 -0.05542407
  0.5221045 -0.05516623
  0.5296047 -0.05488785
  0.5370935 -0.05458856
  0.5445698 -0.05426794
  0.5520327 -0.05392571
  0.5594804 -0.05356169
  0.5669093 -0.0531757
  0.574316 -0.05276701
  0.5816984 -0.05233466
  0.5890554 -0.05187781
  0.5963849 -0.051396
  0.6036823 -0.05088898
  0.6109419 -0.05035548
  0.6181595 -0.04979314
  0.6253343 -0.04919941
  0.6324679 -0.04857151
  0.6395647 -0.04790632
  0.6466318 -0.0472008
  0.6536776 -0.04645321
  0.6607107 -0.04566207
  0.6677393 -0.04482608
  0.6747711 -0.04394487
  0.6818121 -0.04301828
  0.6888674 -0.04204613
  0.6959444 -0.04102778
  0.7030543 -0.03996186
  0.7102119 -0.03884834
  0.717429 -0.03769001
  0.7247117 -0.03649083
  0.7320607 -0.03525535
  0.7394737 -0.03398855
  0.7469461 -0.03269586
  0.7544704 -0.03138211
  0.7620369 -0.03005231
  0.7696338 -0.02871212
  0.7772476 -0.02736768
  0.7848642 -0.02602532
  0.79247 -0.02469051
  0.8000556 -0.02336747
  0.8076162 -0.02205942
  0.8151492 -0.02076878
  0.8226524 -0.01949781
  0.8301233 -0.01824878
  0.83756 -0.01702388
  0.8449612 -0.01582516
  0.8523257 -0.01465453
  0.8596527 -0.01351383
  0.8669409 -0.01240484
  0.8741887 -0.0113292
  0.8813938 -0.01028858
  0.8885528 -0.009284616
  0.8956612 -0.008318999
  0.902713 -0.007393439
  0.9097007 -0.006509542
  0.9166142 -0.005668848
  0.9234411 -0.004872906
  0.9301661 -0.004123589
  0.9367695 -0.003423177
  0.9432275 -0.00277382
  0.9495163 -0.002179109
  0.9556155 -0.001643247
  0.9615098 -0.001168704
  0.9671879 -0.0007581948
  0.9726394 -0.000416125
  0.9778547 -0.0001448415
  0.9828274 5.498207e-05
  0.9875599 0.0001737116
  0.9920717 0.0001980609
  0.9963908 0.0001284015
  1.0 0.0
