R140 (original)
  1.0 0.0
  0.9970878 0.0004969996
  0.9934286 0.001101304
  0.989391 0.001742079
  0.9849155 0.002420568
  0.9799539 0.003133783
  0.9745023 0.003870357
  0.9686556 0.004607195
  0.9627738 0.005313374
  0.9569032 0.006016322
  0.9509728 0.006758614
  0.9451525 0.007552037
  0.9394404 0.008415773
  0.9337709 0.00933153
  0.9280958 0.01026749
  0.9223864 0.01118898
  0.9166333 0.0120572
  0.9108484 0.01285449
  0.9050518 0.01360771
  0.8992572 0.01434985
  0.8934697 0.01511499
  0.8876867 0.01593787
  0.8818962 0.01683341
  0.8760848 0.017784
  0.8702467 0.01876768
  0.8643848 0.0197603
  0.8585113 0.02073591
  0.8526448 0.02167207
  0.8467999 0.02255109
  0.8409841 0.02335739
  0.8351977 0.02407717
  0.8294359 0.02470497
  0.8236956 0.02527604
  0.8179748 0.02583893
  0.812272 0.02644117
  0.8065854 0.02712991
  0.8009112 0.02793481
  0.7952375 0.0288258
  0.7895515 0.02975991
  0.78384 0.03069352
  0.7780899 0.03158193
  0.7722909 0.0323971
  0.766441 0.0331496
  0.7605438 0.0338551
  0.7546085 0.0345294
  0.7486502 0.03518821
  0.742687 0.03584292
  0.7367328 0.03650117
  0.7307956 0.03717096
  0.7248781 0.03786076
  0.718977 0.03857698
  0.7130852 0.03931121
  0.7071959 0.04004957
  0.7013041 0.04077802
  0.6954061 0.04148239
  0.6895006 0.0421568
  0.6835879 0.04281132
  0.677668 0.04345789
  0.6717399 0.04410863
  0.6658014 0.04477516
  0.6598501 0.04546033
  0.6538859 0.04616029
  0.6479151 0.04687031
  0.6419448 0.04758543
  0.6359833 0.04829931
  0.6300439 0.0489996
  0.6241305 0.04967385
  0.6182408 0.05031069
  0.6123659 0.05089978
  0.6064935 0.05144165
  0.6006144 0.05195616
  0.5947239 0.05246483
  0.5888222 0.05298895
  0.5829136 0.05354609
  0.5770021 0.05413008
  0.571089 0.05472518
  0.5651723 0.0553158
  0.5592477 0.05588691
  0.5533102 0.05643476
  0.5473593 0.05696918
  0.5413998 0.05750049
  0.5354422 0.05803859
  0.5295021 0.05859157
  0.5235949 0.05914785
  0.5177272 0.05968209
  0.5118959 0.06017044
  0.5060895 0.06059054
  0.5002887 0.06092378
  0.4944727 0.06118322
  0.4886269 0.06140005
  0.4827435 0.06160585
  0.476822 0.06183267
  0.4708681 0.06209795
  0.4648912 0.06239846
  0.4589046 0.06272897
  0.4529259 0.06308365
  0.4469758 0.06345337
  0.4410717 0.06381273
  0.4352208 0.06413214
  0.4294199 0.06438422
  0.4236568 0.06454309
  0.4179112 0.06458943
  0.4121616 0.06454619
  0.4063938 0.0644539
  0.4006015 0.0643535
  0.3947875 0.06428697
  0.388963 0.06429224
  0.3831429 0.06435711
  0.3773344 0.06443969
  0.3715354 0.06449815
  0.3657348 0.06449104
  0.3599137 0.06439641
  0.3540559 0.06423537
  0.3481559 0.06403548
  0.3422196 0.06382579
  0.3362659 0.06363289
  0.3303194 0.06345213
  0.3243973 0.06326332
  0.3185067 0.06304637
  0.3126453 0.06278145
  0.3068017 0.06245016
  0.3009585 0.06205634
  0.2951002 0.06162072
  0.2892161 0.06116485
  0.2833004 0.06071115
  0.2773526 0.06027914
  0.2713777 0.05986798
  0.265385 0.05946995
  0.2593872 0.05907732
  0.2534011 0.05868248
  0.2474448 0.05827502
  0.2415316 0.05783933
  0.2356647 0.0573594
  0.2298382 0.05681904
  0.2240376 0.05620316
  0.2182423 0.05552104
  0.2124359 0.05480103
  0.2066111 0.05407317
  0.2007699 0.05336918
  0.1949241 0.0527151
  0.1890885 0.05209501
  0.1832634 0.05147606
  0.1774315 0.05082371
  0.17156 0.05011051
  0.1656364 0.04934252
  0.1597101 0.04854126
  0.1538839 0.04771501
  0.1482144 0.04682094
  0.1426634 0.04580265
  0.1371233 0.04464744
  0.1314989 0.04343871
  0.1257722 0.04227686
  0.1200016 0.04120133
  0.1142762 0.0402239
  0.108682 0.03928397
  0.1032312 0.03825492
  0.0978502 0.03705278
  0.0924264 0.03576194
  0.08688904 0.03451549
  0.08124321 0.03334812
  0.07555718 0.03217589
  0.06992031 0.0309275
  0.06436303 0.0295824
  0.05881285 0.02811046
  0.05315646 0.02651519
  0.04746045 0.02489483
  0.04200988 0.02335274
  0.03687892 0.02178878
  0.03178721 0.0199954
  0.02642418 0.01788119
  0.02136356 0.01575978
  0.01624497 0.01334338
  0.01163966 0.01091099
  0.008699207 0.009055778
  0.006366551 0.007084982
  0.003901518 0.004533893
  0.002321133 0.003129212
  0.001385285 0.002285225
  0.0007634258 0.001630361
  0.0003478565 0.001065749
  9.761526e-05 0.0005489631
  1.032816e-06 5.487553e-05
  6.244338e-05 -0.0004367008
  0.0002776227 -0.0009457382
  0.0006529116 -0.001495566
  0.001220179 -0.002122713
  0.002062352 -0.002904888
  0.003410294 -0.00408621
  0.005620284 -0.006344235
  0.007776985 -0.008302024
  0.01024612 -0.009839337
  0.01396365 -0.01168384
  0.01917907 -0.01421645
  0.02379066 -0.01620576
  0.02838339 -0.01776718
  0.03348953 -0.01908858
  0.03913698 -0.02050082
  0.0448496 -0.02195209
  0.05039531 -0.02327209
  0.05586418 -0.02448932
  0.06128129 -0.02575368
  0.0665321 -0.02714804
  0.07154163 -0.02848853
  0.07638537 -0.02954615
  0.08120569 -0.03022556
  0.08608404 -0.03074659
  0.09102048 -0.03140598
  0.09596656 -0.03237463
  0.1009288 -0.03343184
  0.1059672 -0.03429386
  0.1111357 -0.03491825
  0.116424 -0.0355233
  0.1217728 -0.03632124
  0.1271426 -0.03726317
  0.1325553 -0.03818471
  0.1380832 -0.03895634
  0.1437723 -0.03962977
  0.1495692 -0.04031548
  0.1553464 -0.04102586
  0.1610443 -0.04166955
  0.1666981 -0.0421872
  0.172365 -0.04264417
  0.1780701 -0.04314565
  0.1838097 -0.04375523
  0.1895781 -0.04443946
  0.1953736 -0.04514983
  0.2011985 -0.04583673
  0.2070564 -0.04646931
  0.2129462 -0.04705952
  0.2188632 -0.04762523
  0.2247997 -0.04818452
  0.2307445 -0.04875472
  0.2366866 -0.0493365
  0.2426187 -0.04991544
  0.2485373 -0.05047706
  0.2544427 -0.05100744
  0.2603384 -0.05149466
  0.2662286 -0.05193565
  0.2721175 -0.0523303
  0.2780095 -0.05267839
  0.2839093 -0.05297958
  0.2898215 -0.05323477
  0.2957494 -0.05345632
  0.301692 -0.05366205
  0.3076435 -0.05386991
  0.3135933 -0.05409678
  0.3195291 -0.05433966
  0.3254442 -0.05457835
  0.3313383 -0.05479272
  0.3372175 -0.05496323
  0.3430939 -0.05507545
  0.3489795 -0.05514271
  0.3548802 -0.05518822
  0.3607953 -0.05523538
  0.3667168 -0.05530775
  0.372631 -0.05541468
  0.3785273 -0.05553413
  0.3844029 -0.05564038
  0.3902627 -0.05570829
  0.3961191 -0.05571399
  0.4019887 -0.05565514
  0.4078844 -0.05555012
  0.4138121 -0.05541842
  0.4197708 -0.05528028
  0.4257516 -0.05515372
  0.4317423 -0.05503823
  0.437733 -0.05492575
  0.443717 -0.05480812
  0.4496916 -0.0546772
  0.4556567 -0.05452672
  0.4616141 -0.05435427
  0.4675659 -0.05415783
  0.473515 -0.05393533
  0.479465 -0.05368508
  0.4854195 -0.0534119
  0.4913808 -0.05312574
  0.4973481 -0.05283683
  0.5033184 -0.05255558
  0.5092861 -0.05228888
  0.5152449 -0.05202813
  0.5211913 -0.05176055
  0.5271251 -0.05147339
  0.5330488 -0.0511541
  0.5389676 -0.05079662
  0.5448864 -0.05040257
  0.5508088 -0.04997394
  0.5567374 -0.04951278
  0.5626733 -0.0490216
  0.5686168 -0.04850738
  0.5745674 -0.04798002
  0.580523 -0.04744964
  0.5864802 -0.04692657
  0.5924342 -0.04641706
  0.5983793 -0.04591268
  0.6043122 -0.04540173
  0.6102325 -0.04487241
  0.6161419 -0.04431303
  0.6220455 -0.04372239
  0.6279494 -0.04311303
  0.6338587 -0.04249851
  0.6397777 -0.04189256
  0.6457094 -0.04130764
  0.6516544 -0.04074291
  0.6576109 -0.04019053
  0.6635754 -0.03964268
  0.6695424 -0.03909165
  0.6755053 -0.03853414
  0.6814586 -0.03798079
  0.6873973 -0.03744489
  0.6933173 -0.03693939
  0.6992155 -0.03647617
  0.7050879 -0.0360476
  0.7109325 -0.03562467
  0.7167514 -0.03517767
  0.7225506 -0.03467716
  0.7283404 -0.03409671
  0.7341353 -0.03344411
  0.739947 -0.03274826
  0.745781 -0.03203947
  0.7516362 -0.03134956
  0.7575042 -0.03070211
  0.7633711 -0.03008141
  0.7692259 -0.02946099
  0.7750626 -0.02881416
  0.7808796 -0.02811428
  0.7866815 -0.02735246
  0.7924771 -0.02655264
  0.7982743 -0.02574229
  0.8040794 -0.02494916
  0.8098974 -0.02420126
  0.8157301 -0.02351085
  0.8215742 -0.02285474
  0.8274256 -0.02220486
  0.8332803 -0.02153297
  0.8391345 -0.02081474
  0.8449884 -0.0200565
  0.850845 -0.01927845
  0.8567085 -0.01850085
  0.862584 -0.01774393
  0.8684772 -0.0170213
  0.87439 -0.01632604
  0.8803223 -0.01564745
  0.8862711 -0.01497489
  0.8922316 -0.01429802
  0.8981965 -0.01360986
  0.9041577 -0.01290611
  0.9101052 -0.01218283
  0.9160282 -0.0114364
  0.9219153 -0.01066515
  0.9277625 -0.00987875
  0.9335816 -0.009089875
  0.9393997 -0.00830874
  0.9452601 -0.0075436
  0.9511939 -0.006798758
  0.9570509 -0.00608007
  0.9628376 -0.005369617
  0.9686613 -0.004637748
  0.9745147 -0.003868545
  0.9799698 -0.003112139
  0.9849265 -0.002391086
  0.9893959 -0.001713299
  0.9934291 -0.001079113
  0.9970869 -0.0004854463
  1.0 0.0
