 RAE 5214 AIRFOIL
  1.0 0.0
  0.9968535 0.0004426668
  0.9930002 0.0009731834
  0.9889002 0.001534223
  0.9845655 0.002136102
  0.9800139 0.002790471
  0.9752511 0.003512407
  0.9702618 0.004300413
  0.9650239 0.005135814
  0.9595145 0.005992653
  0.9537162 0.006857797
  0.9476237 0.007741688
  0.9412485 0.008658388
  0.9346253 0.00961909
  0.9278007 0.01061468
  0.9208136 0.01162988
  0.913684 0.01265085
  0.9064092 0.01367205
  0.898984 0.01469905
  0.891414 0.01573783
  0.8837194 0.01679314
  0.8759341 0.01786425
  0.8680924 0.01894418
  0.8602217 0.0200263
  0.8523406 0.02110513
  0.8444589 0.02217686
  0.836581 0.02323953
  0.8287081 0.0242918
  0.8208388 0.02533269
  0.8129691 0.02636163
  0.8050934 0.02737908
  0.7972088 0.02838599
  0.7893161 0.02938286
  0.7814195 0.03036975
  0.7735268 0.03134624
  0.7656478 0.03231076
  0.757789 0.03326128
  0.7499531 0.03419625
  0.7421387 0.03511468
  0.7343403 0.036016
  0.7265497 0.03690045
  0.7187592 0.03776925
  0.7109646 0.03862335
  0.7031651 0.03946333
  0.6953633 0.04028939
  0.6875653 0.04110135
  0.6797792 0.04189803
  0.6720119 0.0426776
  0.6642679 0.04343848
  0.6565494 0.04417939
  0.648856 0.04489928
  0.6411856 0.04559737
  0.6335342 0.04627341
  0.6258974 0.04692756
  0.6182705 0.04755998
  0.6106486 0.04817079
  0.6030266 0.04876007
  0.595399 0.04932789
  0.5877604 0.04987465
  0.5801066 0.05040128
  0.5724358 0.05090863
  0.5647484 0.05139737
  0.5570471 0.05186806
  0.5493371 0.05232117
  0.5416257 0.05275682
  0.5339201 0.05317422
  0.5262244 0.05357246
  0.5185399 0.05395083
  0.5108648 0.05430879
  0.5031942 0.05464588
  0.4955205 0.05496181
  0.4878344 0.05525726
  0.4801287 0.0555336
  0.4723987 0.05579204
  0.4646429 0.0560337
  0.4568629 0.05625963
  0.4490634 0.0564708
  0.441252 0.05666771
  0.4334363 0.05684989
  0.4256225 0.05701688
  0.4178154 0.0571683
  0.410018 0.0573038
  0.4022316 0.05742313
  0.3944564 0.05752599
  0.3866918 0.05761201
  0.3789376 0.05768078
  0.3711939 0.05773189
  0.3634612 0.05776494
  0.3557403 0.05777953
  0.3480324 0.05777526
  0.3403384 0.0577517
  0.332658 0.05770842
  0.3249901 0.05764498
  0.3173322 0.0575609
  0.309681 0.05745567
  0.3020319 0.05732886
  0.2943808 0.05718063
  0.2867248 0.05701139
  0.2790628 0.05682158
  0.2713954 0.05661165
  0.2637252 0.05638214
  0.2560562 0.05613348
  0.2483928 0.05586564
  0.2407384 0.05557846
  0.2330954 0.05527179
  0.2254655 0.05494546
  0.2178493 0.05459931
  0.2102469 0.05423378
  0.2026602 0.05384984
  0.1950928 0.05344862
  0.1875501 0.05303133
  0.1800391 0.05259934
  0.1725704 0.05215347
  0.1651651 0.05169426
  0.1578566 0.05122321
  0.1506867 0.05074281
  0.1437009 0.05025623
  0.1369391 0.04976338
  0.1304196 0.0492595
  0.1241395 0.04873969
  0.1180827 0.04819937
  0.1122258 0.04763414
  0.1065453 0.04704224
  0.1010351 0.04642838
  0.09571078 0.04579987
  0.09059899 0.04516538
  0.08572827 0.04453395
  0.08112125 0.04391307
  0.07678781 0.04330143
  0.07272032 0.04269348
  0.06890039 0.04208466
  0.06530551 0.04147141
  0.06191274 0.04085101
  0.05870053 0.04022137
  0.05564982 0.03958138
  0.05274626 0.03893181
  0.04997974 0.03827422
  0.04734263 0.03761043
  0.04482869 0.03694241
  0.04243232 0.03627213
  0.04014821 0.03560145
  0.03797116 0.03493209
  0.03589619 0.03426472
  0.03391856 0.03359696
  0.03203247 0.03292609
  0.03023154 0.03224974
  0.02850928 0.03156621
  0.02685937 0.03087645
  0.02527658 0.03018225
  0.02375663 0.02948533
  0.02229601 0.02878729
  0.02089167 0.02808959
  0.01954152 0.02739222
  0.01824406 0.02669384
  0.01699769 0.02599327
  0.01580072 0.02528952
  0.0146514 0.0245818
  0.01354919 0.02386868
  0.01249509 0.02314759
  0.01148953 0.022416
  0.01053246 0.02167148
  0.009623498 0.02091172
  0.008761607 0.02013526
  0.007943962 0.01934401
  0.007170165 0.01853919
  0.006446497 0.01771619
  0.005775625 0.01687188
  0.00514871 0.01601276
  0.004557066 0.01514679
  0.004000456 0.01427584
  0.003482108 0.01339841
  0.003004133 0.01251322
  0.002566231 0.01162104
  0.002167733 0.01072315
  0.001807775 0.009820942
  0.001485307 0.008915753
  0.001197826 0.008009045
  0.0009409184 0.007102622
  0.0007125277 0.006197944
  0.0005150954 0.005295708
  0.0003509307 0.004396646
  0.0002196547 0.003501445
  0.0001200431 0.002610397
  5.0925e-05 0.001723373
  1.124355e-05 0.000839873
  1.041382e-07 -4.094288e-05
  1.881108e-05 -0.0009193893
  7.578836e-05 -0.001793045
  0.0001811448 -0.002658856
  0.0003453345 -0.003513697
  0.0005792242 -0.004354326
  0.0008845381 -0.005178483
  0.001247967 -0.005985153
  0.001669706 -0.006770193
  0.002160926 -0.007523904
  0.002734478 -0.008228525
  0.003381503 -0.008887577
  0.004073368 -0.009522575
  0.004801509 -0.01013992
  0.005567428 -0.0107386
  0.00637668 -0.01130923
  0.007235824 -0.01184196
  0.008134928 -0.01235622
  0.009061774 -0.01287067
  0.01002505 -0.01336813
  0.01103365 -0.01383688
  0.01208953 -0.0142803
  0.01319383 -0.01470313
  0.0143471 -0.01511076
  0.01554889 -0.01550937
  0.01679964 -0.0159036
  0.01810178 -0.01629588
  0.01945786 -0.01668912
  0.02087031 -0.01708693
  0.02234139 -0.01749359
  0.02387388 -0.01791054
  0.02547154 -0.01833589
  0.02713893 -0.0187672
  0.02888169 -0.0192015
  0.03070718 -0.01963532
  0.03262447 -0.02006689
  0.03464344 -0.02049759
  0.03677475 -0.02092939
  0.03902955 -0.02136476
  0.04141944 -0.02180557
  0.04395705 -0.02225266
  0.04665585 -0.02270704
  0.04952982 -0.02317005
  0.05259301 -0.02364353
  0.05585892 -0.02412997
  0.05933967 -0.0246328
  0.0630455 -0.02515511
  0.06698442 -0.02569553
  0.07116089 -0.02625074
  0.0755759 -0.0268163
  0.08022888 -0.02738693
  0.08512179 -0.02795693
  0.09026424 -0.02852219
  0.09566875 -0.02908251
  0.1013438 -0.02963843
  0.1072906 -0.0301908
  0.1134995 -0.03074082
  0.1199469 -0.03128899
  0.1265987 -0.03183171
  0.133417 -0.03236465
  0.1403656 -0.03288413
  0.1474148 -0.03338752
  0.1545456 -0.03387305
  0.161745 -0.034339
  0.169003 -0.03478388
  0.1763125 -0.03520648
  0.18367 -0.03560586
  0.1910755 -0.03598172
  0.1985293 -0.03633501
  0.2060294 -0.03666686
  0.2135713 -0.03697835
  0.2211477 -0.03727058
  0.2287482 -0.03754443
  0.2363618 -0.03779938
  0.2439791 -0.0380345
  0.2515931 -0.03824904
  0.2591988 -0.03844236
  0.2667937 -0.03861393
  0.2743773 -0.0387633
  0.28195 -0.03889002
  0.2895131 -0.03899366
  0.2970683 -0.03907379
  0.3046177 -0.03912995
  0.3121643 -0.03916167
  0.3197112 -0.03916887
  0.327261 -0.03915189
  0.3348157 -0.03911107
  0.3423763 -0.03904671
  0.349943 -0.03895915
  0.3575153 -0.03884869
  0.3650918 -0.03871557
  0.3726709 -0.03855983
  0.3802505 -0.03838153
  0.3878282 -0.03818079
  0.3954015 -0.03795773
  0.4029675 -0.03771252
  0.4105231 -0.0374452
  0.4180654 -0.0371553
  0.4255924 -0.03684222
  0.4331027 -0.03650537
  0.4405958 -0.03614415
  0.4480716 -0.03575794
  0.4555311 -0.0353461
  0.4629757 -0.03490819
  0.470408 -0.03444388
  0.4778316 -0.03395275
  0.4852509 -0.03343422
  0.4926718 -0.0328876
  0.5001008 -0.032312
  0.5075459 -0.03170665
  0.5150148 -0.03107198
  0.5225137 -0.03040873
  0.5300471 -0.02971778
  0.5376179 -0.02900015
  0.5452268 -0.02825708
  0.5528727 -0.02749005
  0.5605527 -0.02670053
  0.5682645 -0.02588981
  0.5760065 -0.02505912
  0.5837783 -0.02420963
  0.5915806 -0.02334241
  0.5994152 -0.02245842
  0.6072849 -0.02155901
  0.61519 -0.02064672
  0.6231261 -0.0197248
  0.631084 -0.01879719
  0.6390495 -0.01786846
  0.6470033 -0.01694377
  0.6549231 -0.01602876
  0.6627912 -0.01512867
  0.670599 -0.01424759
  0.6783462 -0.01338847
  0.6860398 -0.0125533
  0.6936939 -0.01174327
  0.701327 -0.01095786
  0.7089543 -0.01019481
  0.7165851 -0.009452419
  0.7242221 -0.008729704
  0.7318618 -0.00802627
  0.7394944 -0.007342297
  0.7471066 -0.006679439
  0.7546882 -0.006040162
  0.762235 -0.00542638
  0.7697479 -0.004839498
  0.7772331 -0.004280517
  0.7847007 -0.003749888
  0.7921616 -0.00324674
  0.7996226 -0.002770159
  0.807086 -0.002319584
  0.8145499 -0.001894732
  0.822008 -0.001495565
  0.8294525 -0.001122703
  0.8368796 -0.0007769233
  0.8442905 -0.0004587381
  0.8516915 -0.000168482
  0.8590936 9.378782e-05
  0.8665064 0.0003296524
  0.8739283 0.000541209
  0.8813441 0.000730275
  0.8887255 0.0008985198
  0.8960364 0.001045041
  0.9032511 0.001165124
  0.9103614 0.001254551
  0.9173741 0.001309762
  0.9243046 0.001330052
  0.9311558 0.001319769
  0.9379092 0.001283744
  0.9445292 0.001226827
  0.950972 0.001152157
  0.9571988 0.001061501
  0.9631806 0.0009568714
  0.9688971 0.0008412865
  0.9743271 0.0007194669
  0.9794497 0.0005957599
  0.9842526 0.0004712404
  0.9887379 0.0003419502
  0.99292 0.0002063767
  0.9968217 8.189414e-05
  1.0 0.0
