RAF 25 AIRFOIL
  1.0 0.0
  0.9971803 0.0003946819
  0.9937714 0.0008640527
  0.9901771 0.001349757
  0.9863777 0.001852909
  0.9823517 0.002374567
  0.9780759 0.002915631
  0.9735268 0.003476661
  0.9686819 0.004057601
  0.9635234 0.004657375
  0.9580434 0.005273357
  0.9522512 0.005900762
  0.9461835 0.006532057
  0.940092 0.007141167
  0.934117 0.00771804
  0.9281928 0.008273202
  0.9222697 0.00881481
  0.9163102 0.009349451
  0.9102875 0.009882652
  0.9041853 0.01041908
  0.8980122 0.01096142
  0.8918793 0.01150227
  0.8858028 0.01204011
  0.8797681 0.01257591
  0.8737625 0.01311049
  0.8677752 0.01364452
  0.8617966 0.01417858
  0.8558186 0.01471313
  0.8498338 0.01524852
  0.8438364 0.01578504
  0.8378212 0.01632286
  0.8317842 0.01686205
  0.8257224 0.01740261
  0.8196339 0.0179444
  0.8135178 0.01848719
  0.8073747 0.01903062
  0.8012064 0.01957422
  0.7950171 0.02011728
  0.7888328 0.02065728
  0.7826614 0.0211933
  0.7764994 0.02172543
  0.7703431 0.02225378
  0.7641897 0.02277837
  0.7580363 0.02329922
  0.7518806 0.0238163
  0.7457207 0.02432954
  0.7395549 0.02483886
  0.7333817 0.02534411
  0.7272003 0.02584513
  0.72101 0.02634173
  0.7148119 0.02683357
  0.7086184 0.02731943
  0.7024326 0.02779885
  0.6962537 0.0282717
  0.6900805 0.02873787
  0.6839119 0.02919727
  0.677747 0.0296498
  0.6715847 0.03009535
  0.6654243 0.0305338
  0.6592648 0.03096503
  0.6531057 0.0313889
  0.6469464 0.03180526
  0.6407862 0.03221396
  0.6346247 0.03261484
  0.6284616 0.03300774
  0.6222966 0.03339247
  0.6161294 0.03376885
  0.6099599 0.0341367
  0.603788 0.03449581
  0.5976138 0.034846
  0.5914374 0.03518715
  0.5852589 0.03551935
  0.5790785 0.03584272
  0.5728963 0.03615739
  0.5667125 0.03646348
  0.5605272 0.03676111
  0.5543407 0.03705041
  0.548153 0.03733151
  0.5419644 0.03760452
  0.535775 0.03786959
  0.5295851 0.03812683
  0.5233948 0.03837638
  0.5172043 0.03861836
  0.5110138 0.03885291
  0.5048234 0.03908015
  0.4986335 0.03930023
  0.4924443 0.03951318
  0.4862558 0.03971872
  0.4800682 0.0399165
  0.4738818 0.04010615
  0.4676966 0.04028731
  0.4615127 0.04045964
  0.4553302 0.04062276
  0.4491492 0.04077634
  0.4429696 0.04092001
  0.4367914 0.04105343
  0.4306146 0.04117624
  0.4244392 0.0412881
  0.418265 0.04138865
  0.4120921 0.04147756
  0.4059201 0.04155446
  0.3997491 0.04161901
  0.3935788 0.04167091
  0.387409 0.04171018
  0.3812396 0.041737
  0.3750703 0.04175155
  0.3689011 0.04175401
  0.3627316 0.04174453
  0.3565619 0.04172331
  0.3503917 0.04169049
  0.3442208 0.04164626
  0.3380491 0.04159078
  0.3318765 0.04152421
  0.3257027 0.04144673
  0.3195278 0.04135849
  0.3133515 0.04125967
  0.3071737 0.04115041
  0.3009943 0.0410309
  0.2948132 0.04090123
  0.2886303 0.04076092
  0.2824457 0.04060897
  0.2762598 0.04044439
  0.270073 0.04026617
  0.2638857 0.04007333
  0.2576989 0.0398649
  0.2515134 0.0396399
  0.2453303 0.03939739
  0.2391507 0.03913644
  0.2329761 0.03885614
  0.2268078 0.03855561
  0.2206477 0.03823401
  0.2144974 0.03789051
  0.2083589 0.03752435
  0.2022342 0.03713481
  0.1961253 0.03672123
  0.1900342 0.03628395
  0.1839605 0.03582435
  0.1779015 0.03534363
  0.1718519 0.03484274
  0.165804 0.03432232
  0.1597475 0.03378268
  0.1536692 0.03322374
  0.147553 0.03264501
  0.141387 0.0320457
  0.1352584 0.03143358
  0.1291976 0.03081132
  0.1231885 0.03017702
  0.1172045 0.02952747
  0.1112087 0.02885797
  0.1051517 0.02816193
  0.09901174 0.02743541
  0.0930234 0.02670164
  0.08724628 0.02595043
  0.08162535 0.02515658
  0.07605204 0.02428643
  0.07035582 0.02329133
  0.06439938 0.02215184
  0.05862531 0.02099088
  0.05285913 0.01981686
  0.04694006 0.01863645
  0.04181454 0.01763399
  0.03738089 0.01675233
  0.03333878 0.0159135
  0.02941671 0.01504583
  0.02523848 0.01403528
  0.02029616 0.01265879
  0.01577638 0.01110357
  0.01127391 0.009219146
  0.008764778 0.008018555
  0.007019363 0.00709614
  0.005671006 0.006315519
  0.004576761 0.005622302
  0.003665566 0.004988989
  0.00289665 0.004399457
  0.002244462 0.003843273
  0.001692073 0.003313184
  0.001227902 0.002803858
  0.0008439451 0.002311178
  0.0005347628 0.001831829
  0.0002968859 0.001363028
  0.0001284779 0.000902337
  2.917255e-05 0.0004475235
  5.07666e-08 -3.556437e-06
  4.251686e-05 -0.0004530604
  0.000154833 -0.0009031226
  0.0003356374 -0.001355782
  0.0005849824 -0.001813069
  0.0009043213 -0.002277106
  0.001296624 -0.002750217
  0.001766644 -0.003235068
  0.002321392 -0.003734847
  0.002970948 -0.004253539
  0.003729832 -0.004796364
  0.004619473 -0.005370518
  0.005672925 -0.005986571
  0.006944914 -0.006661353
  0.008536715 -0.007424927
  0.01067381 -0.008341295
  0.01404916 -0.009587714
  0.01911393 -0.01104117
  0.02376047 -0.01201494
  0.02882564 -0.01292288
  0.0332224 -0.01367489
  0.03755941 -0.01438178
  0.04214566 -0.01508718
  0.0472394 -0.0158133
  0.05302127 -0.01655335
  0.05908499 -0.01723362
  0.064972 -0.01782
  0.07093021 -0.01836192
  0.07704432 -0.01888884
  0.08307977 -0.01939443
  0.08905793 -0.0198737
  0.09503345 -0.0203216
  0.1010357 -0.02073031
  0.1070726 -0.02109287
  0.113143 -0.02141236
  0.1192453 -0.02169432
  0.1253768 -0.02194452
  0.1315345 -0.02216895
  0.1377142 -0.02237378
  0.1439112 -0.02256537
  0.15012 -0.0227502
  0.1563344 -0.0229337
  0.1625479 -0.02311518
  0.1687557 -0.02329183
  0.1749538 -0.02346094
  0.1811398 -0.02361985
  0.1873125 -0.023766
  0.193472 -0.02389686
  0.1996195 -0.02401
  0.2057575 -0.02410331
  0.211889 -0.02417701
  0.2180168 -0.02423232
  0.2241436 -0.02427044
  0.2302716 -0.02429251
  0.2364028 -0.02429966
  0.2425388 -0.02429301
  0.2486811 -0.02427368
  0.2548307 -0.02424275
  0.2609885 -0.02420135
  0.267155 -0.02415057
  0.2733305 -0.02409155
  0.2795149 -0.02402541
  0.2857079 -0.02395331
  0.2919086 -0.02387641
  0.2981162 -0.02379588
  0.3043292 -0.02371287
  0.3105462 -0.0236277
  0.3167655 -0.02353997
  0.3229844 -0.0234493
  0.3292032 -0.02335524
  0.3354223 -0.02325737
  0.3416398 -0.02315528
  0.3478547 -0.02304856
  0.3540663 -0.0229368
  0.3602743 -0.02281959
  0.3664784 -0.02269651
  0.3726786 -0.02256715
  0.3788749 -0.02243109
  0.3850676 -0.02228791
  0.3912569 -0.0221372
  0.3974434 -0.02197852
  0.4036278 -0.02181146
  0.4098109 -0.02163604
  0.4159934 -0.02145273
  0.4221759 -0.02126207
  0.4283593 -0.02106455
  0.4345438 -0.0208607
  0.4407302 -0.02065103
  0.4469187 -0.02043605
  0.4531098 -0.02021627
  0.4593036 -0.01999223
  0.4655005 -0.01976445
  0.4717004 -0.01953345
  0.4779036 -0.01929976
  0.4841099 -0.01906393
  0.4903192 -0.01882649
  0.4965315 -0.01858799
  0.5027463 -0.01834898
  0.5089601 -0.01810992
  0.5151719 -0.01787085
  0.5213819 -0.01763172
  0.5275905 -0.0173925
  0.533798 -0.01715312
  0.5400047 -0.01691355
  0.546211 -0.01667375
  0.5524172 -0.01643367
  0.5586236 -0.01619326
  0.5648305 -0.01595248
  0.5710383 -0.01571128
  0.5772472 -0.01546963
  0.5834577 -0.01522747
  0.5896699 -0.01498476
  0.5958842 -0.01474146
  0.6020979 -0.01449764
  0.6083089 -0.01425342
  0.6145169 -0.014009
  0.6207218 -0.01376457
  0.6269235 -0.01352032
  0.6331224 -0.01327644
  0.6393184 -0.01303312
  0.645512 -0.01279053
  0.6517036 -0.01254884
  0.6578937 -0.01230824
  0.6640831 -0.01206888
  0.6702723 -0.01183092
  0.6764624 -0.01159453
  0.6826542 -0.01135986
  0.6888488 -0.01112706
  0.6950475 -0.01089628
  0.7012515 -0.01066767
  0.7074622 -0.01044129
  0.7136752 -0.01021715
  0.71988 -0.009995433
  0.7260761 -0.009775965
  0.7322633 -0.009558546
  0.7384423 -0.009342964
  0.7446137 -0.009128995
  0.750779 -0.008916404
  0.7569397 -0.008704945
  0.7630979 -0.00849436
  0.7692558 -0.008284382
  0.7754164 -0.008074727
  0.7815828 -0.007865103
  0.7877587 -0.007655198
  0.7939481 -0.007444688
  0.800155 -0.00723324
  0.8063571 -0.007021508
  0.8125323 -0.00681047
  0.8186779 -0.006600524
  0.8247929 -0.006392
  0.8308777 -0.006185175
  0.8369342 -0.005980269
  0.8429651 -0.005777458
  0.8489746 -0.005576873
  0.854968 -0.005378607
  0.8609515 -0.005182719
  0.8669325 -0.004989238
  0.8729196 -0.004798166
  0.8789227 -0.00460948
  0.8849534 -0.004423135
  0.8910248 -0.004239063
  0.8971524 -0.004057176
  0.9033439 -0.003877593
  0.9094865 -0.00370239
  0.9155409 -0.003530073
  0.9215214 -0.003357744
  0.9274539 -0.003182316
  0.9333748 -0.003000411
  0.9393326 -0.002808109
  0.9453917 -0.002600526
  0.9515366 -0.002375058
  0.9574394 -0.002142593
  0.9630248 -0.001908129
  0.9682786 -0.001674707
  0.9732072 -0.00144439
  0.9778282 -0.001218462
  0.982165 -0.0009976357
  0.9862428 -0.0007822394
  0.9900858 -0.0005723488
  0.993717 -0.0003678849
  0.9971571 -0.0001686767
  1.0 0.0
