S1223 RTL
  1.0 0.0
  0.9970589 0.002345804
  0.9936953 0.005080854
  0.9903879 0.007811279
  0.987118 0.01047445
  0.9838373 0.01302213
  0.9804909 0.01543675
  0.9770493 0.01773613
  0.9734888 0.01993716
  0.9697866 0.02205367
  0.965923 0.02410614
  0.9618816 0.02611529
  0.9576511 0.02809956
  0.9532216 0.03007076
  0.9485828 0.0320377
  0.9437288 0.03400968
  0.9386576 0.03599273
  0.9333679 0.0379868
  0.9278602 0.03999178
  0.9221365 0.0420081
  0.9161999 0.04403466
  0.9100553 0.04606955
  0.9037102 0.04811118
  0.8971742 0.05015771
  0.8904582 0.0522061
  0.8835744 0.0542535
  0.8765358 0.05629771
  0.8693554 0.05833633
  0.8620463 0.06036649
  0.8546219 0.06238575
  0.8470957 0.06439214
  0.83948 0.06638324
  0.8317867 0.06835663
  0.8240266 0.07031041
  0.8162094 0.07224306
  0.808344 0.07415278
  0.8004387 0.0760379
  0.7925012 0.07789705
  0.7845386 0.07972877
  0.7765571 0.08153137
  0.7685618 0.08330344
  0.760557 0.08504384
  0.752546 0.08675147
  0.7445313 0.08842527
  0.736515 0.09006432
  0.7284986 0.09166784
  0.720483 0.09323513
  0.7124683 0.09476561
  0.7044539 0.09625883
  0.6964386 0.09771456
  0.6884209 0.09913285
  0.680399 0.1005138
  0.6723714 0.1018574
  0.6643362 0.1031639
  0.6562914 0.1044336
  0.6482345 0.1056669
  0.6401625 0.1068644
  0.632072 0.1080267
  0.6239602 0.1091549
  0.6158239 0.1102499
  0.6076607 0.1113126
  0.599468 0.1123443
  0.5912429 0.113346
  0.5829826 0.1143191
  0.5746839 0.115265
  0.5663438 0.1161854
  0.5579601 0.1170821
  0.5495312 0.117957
  0.5410562 0.1188116
  0.5325347 0.1196478
  0.5239669 0.1204675
  0.5153534 0.1212723
  0.5066955 0.1220639
  0.4979952 0.122844
  0.4892557 0.123614
  0.4804809 0.1243753
  0.4716757 0.1251289
  0.4628454 0.1258755
  0.4539959 0.1266157
  0.4451333 0.1273501
  0.4362646 0.1280783
  0.4273977 0.1288001
  0.4185414 0.129515
  0.4097051 0.130222
  0.4008983 0.1309192
  0.3921304 0.1316046
  0.38341 0.1322763
  0.3747458 0.1329321
  0.3661469 0.1335692
  0.3576225 0.134185
  0.3491821 0.1347768
  0.3408355 0.1353413
  0.3325937 0.1358749
  0.3244678 0.1363745
  0.3164692 0.1368366
  0.308608 0.1372563
  0.3008929 0.137629
  0.2933305 0.1379509
  0.2859256 0.1382181
  0.2786793 0.1384254
  0.2715893 0.1385687
  0.2646503 0.1386447
  0.2578557 0.1386506
  0.2511979 0.1385839
  0.2446686 0.1384424
  0.2382591 0.1382243
  0.2319617 0.1379286
  0.2257694 0.1375549
  0.2196763 0.1371023
  0.2136772 0.1365704
  0.2077678 0.1359589
  0.2019439 0.1352675
  0.1962014 0.1344958
  0.1905366 0.1336436
  0.1849465 0.1327108
  0.1794282 0.1316975
  0.1739793 0.1306035
  0.1685978 0.1294291
  0.1632819 0.1281745
  0.1580302 0.1268401
  0.1528414 0.1254261
  0.1477147 0.1239332
  0.14265 0.1223623
  0.1376476 0.1207145
  0.1327084 0.1189909
  0.1278336 0.1171927
  0.1230242 0.1153213
  0.1182813 0.1133777
  0.1136058 0.1113637
  0.1089994 0.1092816
  0.1044643 0.1071341
  0.1000031 0.1049245
  0.09561921 0.1026565
  0.09131612 0.1003345
  0.08709779 0.09796325
  0.08296826 0.09554816
  0.07893198 0.09309544
  0.07499397 0.0906122
  0.07115957 0.08810619
  0.06743416 0.08558542
  0.06382299 0.08305796
  0.06033071 0.08053197
  0.05696105 0.0780154
  0.05371703 0.07551581
  0.05060107 0.07304052
  0.04761469 0.07059647
  0.04475843 0.06818978
  0.04203237 0.06582489
  0.03943544 0.06350519
  0.03696522 0.06123322
  0.03461858 0.05901055
  0.03239221 0.05683767
  0.03028208 0.05471458
  0.02828364 0.05264085
  0.02639228 0.05061567
  0.0246035 0.04863784
  0.02291257 0.04670606
  0.02131466 0.04481889
  0.01980509 0.04297507
  0.01837928 0.04117342
  0.01703284 0.03941273
  0.01576151 0.03769181
  0.01456133 0.03600958
  0.0134285 0.03436499
  0.01235943 0.03275699
  0.01135081 0.0311845
  0.01039967 0.02964642
  0.009503149 0.02814164
  0.008658525 0.02666905
  0.007863358 0.02522758
  0.00711544 0.02381617
  0.006412644 0.02243382
  0.005752985 0.02107955
  0.005134945 0.01975234
  0.004557136 0.0184511
  0.004018144 0.01717477
  0.003516621 0.0159223
  0.003051417 0.01469288
  0.002621447 0.01348582
  0.002225646 0.01230054
  0.001863215 0.01113648
  0.001533623 0.009992918
  0.001236247 0.008868863
  0.0009704301 0.007763173
  0.0007358879 0.006674998
  0.0005326771 0.005604296
  0.0003608423 0.004551693
  0.0002203922 0.003518254
  0.0001116019 0.002504434
  3.463215e-05 0.001508566
  -1.033936e-05 0.0005271269
  -2.21357e-05 -0.0004445358
  2.98731e-06 -0.001410218
  6.964145e-05 -0.002372115
  0.000182801 -0.003330955
  0.0003494516 -0.004283948
  0.0005796568 -0.005224353
  0.0008841171 -0.006145249
  0.001273681 -0.007039673
  0.001752312 -0.007898884
  0.002318298 -0.008712335
  0.002970405 -0.009468727
  0.00370731 -0.01015741
  0.004522453 -0.0107781
  0.005406438 -0.01133469
  0.006348804 -0.01183081
  0.007340045 -0.01227038
  0.008377279 -0.01265887
  0.009458628 -0.01300265
  0.01058163 -0.01330897
  0.01174489 -0.01358362
  0.01294948 -0.01382931
  0.01419662 -0.01404893
  0.01548746 -0.01424592
  0.01682395 -0.01442258
  0.01820884 -0.0145803
  0.01964503 -0.01472085
  0.0211356 -0.01484626
  0.02268424 -0.01495741
  0.02429511 -0.01505483
  0.0259727 -0.01513937
  0.02772191 -0.01521176
  0.02954827 -0.01527171
  0.03145795 -0.01531878
  0.03345773 -0.01535265
  0.03555521 -0.01537282
  0.03775885 -0.01537847
  0.04007798 -0.01536884
  0.04252291 -0.01534322
  0.04510502 -0.01530043
  0.04783684 -0.01523899
  0.05073209 -0.0151574
  0.0538058 -0.01505407
  0.05707425 -0.01492691
  0.06055465 -0.01477365
  0.06426498 -0.0145921
  0.06822376 -0.01437989
  0.07244892 -0.01413422
  0.0769564 -0.01385256
  0.08175921 -0.01353283
  0.08686608 -0.01317246
  0.09227894 -0.01276854
  0.0979919 -0.01231881
  0.1039923 -0.01182163
  0.1102611 -0.01127457
  0.1167728 -0.0106753
  0.1234992 -0.01002184
  0.1304146 -0.009312328
  0.1374959 -0.008545253
  0.1447236 -0.007719112
  0.1520842 -0.006831959
  0.1595722 -0.005882806
  0.1671856 -0.004872722
  0.1749235 -0.003803124
  0.1827862 -0.002675648
  0.1907752 -0.001493132
  0.1988895 -0.0002598657
  0.2071245 0.001018701
  0.2154714 0.002336242
  0.2239184 0.003687682
  0.2324532 0.005068279
  0.2410642 0.006473065
  0.2497404 0.00789748
  0.2584712 0.009338247
  0.2672465 0.0107923
  0.276057 0.01225661
  0.2848943 0.01372828
  0.2937492 0.01520438
  0.3026121 0.01668184
  0.3114727 0.01815748
  0.320321 0.01962808
  0.3291492 0.02109077
  0.3379523 0.02254315
  0.3467278 0.02398328
  0.3554743 0.02540948
  0.3641904 0.02682012
  0.3728744 0.02821352
  0.3815244 0.02958796
  0.3901389 0.03094159
  0.3987175 0.03227269
  0.4072604 0.03357974
  0.4157686 0.03486145
  0.4242427 0.03611662
  0.4326832 0.03734406
  0.4410899 0.03854254
  0.4494628 0.03971071
  0.4578019 0.04084724
  0.4661077 0.04195088
  0.4743812 0.04302049
  0.4826235 0.04405506
  0.490836 0.04505366
  0.4990198 0.04601538
  0.5071765 0.04693937
  0.5153071 0.04782495
  0.5234127 0.0486714
  0.5314938 0.049478
  0.5395508 0.05024401
  0.5475844 0.05096867
  0.5555956 0.05165127
  0.563586 0.05229113
  0.5715573 0.0528878
  0.5795106 0.05344093
  0.5874466 0.05395012
  0.5953657 0.05441494
  0.6032681 0.05483489
  0.6111542 0.05520945
  0.6190249 0.05553815
  0.6268814 0.05582056
  0.6347249 0.05605641
  0.642556 0.05624547
  0.6503755 0.05638745
  0.6581836 0.05648208
  0.6659807 0.05652913
  0.6737675 0.05652832
  0.6815444 0.05647939
  0.6893124 0.05638219
  0.6970719 0.05623664
  0.7048229 0.05604265
  0.7125652 0.05580014
  0.7202987 0.055509
  0.728023 0.05516915
  0.7357381 0.05478045
  0.7434439 0.05434284
  0.75114 0.05385634
  0.7588256 0.05332104
  0.7664993 0.05273711
  0.774159 0.05210464
  0.781803 0.05142365
  0.7894296 0.05069417
  0.7970373 0.04991623
  0.8046244 0.04909009
  0.8121881 0.04821625
  0.8197238 0.04729552
  0.8272256 0.04632882
  0.8346868 0.04531672
  0.8421008 0.04425976
  0.8494611 0.04315864
  0.8567611 0.04201419
  0.8639931 0.04082743
  0.8711478 0.03959989
  0.8782146 0.03833367
  0.8851817 0.03703051
  0.8920371 0.03569187
  0.8987687 0.03431972
  0.9053652 0.0329163
  0.9118156 0.03148262
  0.9181104 0.03001948
  0.924242 0.0285282
  0.9302042 0.02700948
  0.9359927 0.02546233
  0.9416053 0.02388594
  0.9470423 0.02227971
  0.9523052 0.02064146
  0.9573984 0.01896803
  0.9623288 0.01725617
  0.9671043 0.01550296
  0.9717319 0.01370617
  0.9762179 0.01186405
  0.9805671 0.009974644
  0.9847844 0.008034689
  0.988876 0.006040012
  0.9928514 0.003987693
  0.9967218 0.001877181
  1.0 0.0
