S4096 (designed for the E-flite UMX ASK-21 scale RC sailplane)
  1.00113 0.0312546
  0.9977875 0.03137715
  0.9936609 0.03167403
  0.9891554 0.03212716
  0.9842251 0.03269539
  0.9789182 0.03334088
  0.9733202 0.0340296
  0.9674889 0.03472574
  0.9614483 0.03542119
  0.9552268 0.03611877
  0.9488624 0.03682186
  0.9423983 0.03753058
  0.935873 0.0382419
  0.9293147 0.03895388
  0.922739 0.03966602
  0.9161502 0.04037853
  0.90955 0.04109141
  0.9029404 0.04180462
  0.8963236 0.0425181
  0.8897017 0.04323175
  0.8830771 0.04394533
  0.8764514 0.04465856
  0.869826 0.04537123
  0.8632019 0.04608317
  0.8565794 0.04679426
  0.8499587 0.04750434
  0.8433397 0.04821322
  0.8367223 0.04892071
  0.8301065 0.04962664
  0.8234921 0.05033083
  0.8168787 0.05103312
  0.8102663 0.05173341
  0.8036546 0.05243163
  0.7970435 0.05312772
  0.7904332 0.05382158
  0.7838235 0.05451313
  0.7772148 0.05520227
  0.7706072 0.05588885
  0.764001 0.0565727
  0.7573961 0.05725362
  0.7507929 0.05793142
  0.7441911 0.05860595
  0.7375909 0.05927702
  0.7309921 0.05994448
  0.7243946 0.06060817
  0.7177983 0.06126799
  0.7112032 0.06192378
  0.704609 0.06257542
  0.698016 0.06322277
  0.691424 0.06386569
  0.6848331 0.06450403
  0.6782435 0.06513763
  0.6716551 0.06576629
  0.6650681 0.06638979
  0.6584827 0.06700794
  0.6518988 0.06762052
  0.6453168 0.06822732
  0.6387367 0.06882814
  0.6321586 0.06942277
  0.6255828 0.07001095
  0.6190093 0.07059243
  0.612438 0.07116697
  0.605869 0.07173431
  0.599302 0.07229424
  0.5927369 0.07284651
  0.5861733 0.0733909
  0.579611 0.0739272
  0.5730498 0.07445517
  0.5664896 0.07497456
  0.5599309 0.07548511
  0.5533741 0.07598653
  0.54682 0.07647852
  0.5402697 0.07696078
  0.5337243 0.07743297
  0.5271853 0.07789444
  0.5206538 0.07834427
  0.5141304 0.07878154
  0.5076155 0.07920539
  0.5011093 0.07961496
  0.4946112 0.08000946
  0.4881208 0.08038808
  0.4816369 0.08075011
  0.4751586 0.08109514
  0.4686846 0.08142295
  0.4622142 0.08173327
  0.4557465 0.08202585
  0.4492806 0.08230041
  0.4428161 0.08255668
  0.4363523 0.08279434
  0.4298888 0.08301315
  0.4234253 0.08321306
  0.4169616 0.08339403
  0.4104977 0.08355603
  0.404034 0.08369904
  0.3975706 0.08382301
  0.3911081 0.08392791
  0.3846472 0.0840137
  0.3781887 0.08408017
  0.3717334 0.08412692
  0.3652818 0.08415356
  0.3588346 0.08415971
  0.3523922 0.08414498
  0.345955 0.08410899
  0.3395233 0.0840514
  0.3330972 0.08397179
  0.3266769 0.08386968
  0.3202627 0.08374459
  0.3138548 0.08359602
  0.3074534 0.08342348
  0.3010587 0.0832265
  0.2946711 0.08300459
  0.2882907 0.08275728
  0.2819181 0.08248396
  0.2755536 0.08218401
  0.2691978 0.08185685
  0.2628514 0.08150187
  0.2565149 0.08111853
  0.2501893 0.08070626
  0.2438753 0.08026447
  0.2375738 0.07979231
  0.2312857 0.0792889
  0.2250118 0.0787534
  0.2187528 0.07818497
  0.2125094 0.07758279
  0.206282 0.07694603
  0.2000714 0.07627372
  0.1938786 0.07556478
  0.1877048 0.0748182
  0.1815515 0.07403304
  0.1754207 0.07320847
  0.1693142 0.07234371
  0.1632345 0.07143772
  0.1571839 0.07048907
  0.1511646 0.06949638
  0.1451783 0.06845831
  0.1392268 0.06737357
  0.1333113 0.06624087
  0.127434 0.06505856
  0.1215983 0.06382504
  0.1158089 0.06253923
  0.1100717 0.06120056
  0.1043937 0.05980905
  0.09878264 0.05836451
  0.09324625 0.05686582
  0.08779062 0.05531192
  0.08242036 0.0537018
  0.07713876 0.05203455
  0.07195022 0.05030905
  0.06686795 0.04852632
  0.06191452 0.0466922
  0.05711788 0.04481702
  0.05250694 0.04291432
  0.04810723 0.0409961
  0.04393241 0.03907008
  0.039984 0.03714121
  0.03625567 0.03521227
  0.03273786 0.03328469
  0.02943546 0.03136623
  0.0263729 0.02947924
  0.02357358 0.02765162
  0.02104566 0.0259066
  0.01878055 0.02425734
  0.01675949 0.02270306
  0.01495312 0.02123249
  0.0133303 0.01983183
  0.01186369 0.01848814
  0.01053074 0.01719027
  0.00931327 0.01592883
  0.008196297 0.0146959
  0.007169076 0.0134877
  0.006226264 0.01230652
  0.00536467 0.01115787
  0.004581015 0.01004789
  0.003870965 0.008981626
  0.00322904 0.00796217
  0.002648998 0.006990579
  0.002126501 0.006066548
  0.001664186 0.00518862
  0.001262775 0.004352452
  0.0009208815 0.003552447
  0.0006366061 0.002782912
  0.000408297 0.002038483
  0.0002349192 0.001314194
  0.0001162578 0.0006054176
  5.308053e-05 -9.227898e-05
  4.733359e-05 -0.0007833093
  0.0001021111 -0.001472207
  0.0002176542 -0.002162468
  0.0003924693 -0.002856293
  0.0006264284 -0.003555351
  0.0009206594 -0.004260801
  0.001277432 -0.00497317
  0.001700062 -0.005692098
  0.002192732 -0.006415846
  0.002760089 -0.007140478
  0.003406417 -0.007858742
  0.004137347 -0.00856479
  0.004961291 -0.009257549
  0.00588723 -0.009936712
  0.006924249 -0.01060288
  0.008080986 -0.01125818
  0.009364787 -0.01190728
  0.01078055 -0.01255876
  0.01232926 -0.01322734
  0.01401032 -0.0139323
  0.01583612 -0.01467979
  0.0178239 -0.01547002
  0.01999103 -0.01630096
  0.02235459 -0.01716776
  0.02493242 -0.01806252
  0.02774732 -0.01897507
  0.03083168 -0.01989808
  0.03421971 -0.0208307
  0.03794344 -0.02177281
  0.04202687 -0.02272469
  0.04647595 -0.02368769
  0.05126842 -0.02466189
  0.05635799 -0.02563362
  0.06167941 -0.0265848
  0.06716536 -0.02750097
  0.07276961 -0.02837468
  0.07847932 -0.02920562
  0.0842938 -0.02999572
  0.0902096 -0.03074699
  0.0962191 -0.03146152
  0.1023098 -0.03214146
  0.1084652 -0.03278804
  0.1146695 -0.03340099
  0.1209098 -0.03398052
  0.1271766 -0.03452756
  0.1334644 -0.03504356
  0.1397719 -0.03553036
  0.1460997 -0.03598945
  0.1524482 -0.03642207
  0.1588165 -0.03682947
  0.1652031 -0.03721283
  0.1716053 -0.03757337
  0.1780195 -0.03791207
  0.1844422 -0.03822912
  0.1908707 -0.03852455
  0.1973032 -0.03879846
  0.2037387 -0.03905102
  0.2101774 -0.03928242
  0.2166202 -0.03949293
  0.2230687 -0.03968313
  0.2295247 -0.0398539
  0.2359895 -0.04000611
  0.2424645 -0.04014063
  0.2489506 -0.04025828
  0.2554487 -0.0403599
  0.2619594 -0.04044635
  0.268483 -0.04051862
  0.2750197 -0.04057777
  0.2815692 -0.04062492
  0.2881309 -0.04066117
  0.2947041 -0.04068766
  0.3012875 -0.04070551
  0.3078795 -0.04071588
  0.3144783 -0.04071952
  0.3210822 -0.0407167
  0.3276899 -0.04070762
  0.3343003 -0.04069254
  0.3409126 -0.04067169
  0.3475265 -0.04064529
  0.3541416 -0.04061361
  0.3607583 -0.04057685
  0.3673769 -0.04053526
  0.3739976 -0.04048902
  0.3806206 -0.04043836
  0.387246 -0.04038349
  0.3938739 -0.04032461
  0.4005042 -0.04026195
  0.4071368 -0.04019571
  0.4137714 -0.0401261
  0.4204078 -0.04005325
  0.4270457 -0.03997729
  0.433685 -0.03989834
  0.4403256 -0.03981652
  0.4469671 -0.03973196
  0.4536097 -0.03964479
  0.4602532 -0.03955511
  0.4668975 -0.03946305
  0.4735427 -0.0393687
  0.4801887 -0.03927213
  0.4868356 -0.03917342
  0.4934833 -0.03907265
  0.5001317 -0.03896989
  0.506781 -0.03886523
  0.513431 -0.03875874
  0.5200818 -0.03865049
  0.5267334 -0.03854057
  0.5333857 -0.03842904
  0.5400388 -0.03831596
  0.5466926 -0.03820142
  0.5533471 -0.03808548
  0.5600023 -0.03796821
  0.5666581 -0.03784968
  0.5733145 -0.03772997
  0.5799714 -0.03760912
  0.5866288 -0.03748718
  0.5932867 -0.03736419
  0.5999451 -0.03724022
  0.606604 -0.03711529
  0.6132633 -0.03698946
  0.619923 -0.03686277
  0.6265833 -0.03673527
  0.633244 -0.03660701
  0.6399053 -0.03647805
  0.6465671 -0.03634845
  0.6532295 -0.03621825
  0.6598924 -0.03608752
  0.666556 -0.03595631
  0.6732201 -0.03582467
  0.6798849 -0.03569266
  0.6865503 -0.03556032
  0.6932164 -0.03542772
  0.6998829 -0.03529489
  0.70655 -0.03516189
  0.7132174 -0.03502878
  0.719885 -0.0348956
  0.7265526 -0.0347624
  0.7332201 -0.03462925
  0.7398873 -0.03449622
  0.746554 -0.03436335
  0.7532201 -0.03423073
  0.7598854 -0.0340984
  0.7665499 -0.03396644
  0.7732133 -0.0338349
  0.7798757 -0.03370388
  0.7865369 -0.03357346
  0.793197 -0.03344374
  0.7998561 -0.03331482
  0.8065144 -0.03318678
  0.8131719 -0.03305973
  0.819829 -0.03293374
  0.8264859 -0.03280889
  0.8331425 -0.03268521
  0.8397985 -0.03256278
  0.8464535 -0.03244166
  0.8531069 -0.03232192
  0.8597579 -0.03220367
  0.8664056 -0.03208716
  0.8730498 -0.03197269
  0.8796906 -0.03186056
  0.8863285 -0.03175104
  0.8929644 -0.03164442
  0.8995993 -0.03154077
  0.906233 -0.03143998
  0.9128635 -0.03134197
  0.9194873 -0.03124666
  0.9260989 -0.03115394
  0.9326912 -0.03106307
  0.939255 -0.03097294
  0.9457786 -0.0308825
  0.9522486 -0.03079086
  0.9586389 -0.03069815
  0.9648912 -0.03060563
  0.9709242 -0.030515
  0.976654 -0.03043769
  0.9820085 -0.0303994
  0.9869433 -0.03041633
  0.9914549 -0.03050982
  0.9955909 -0.03071104
  0.9989291 -0.03098239
