S7075 (9%)
  1.0 0.0
  0.9968134 0.0005218855
  0.9926868 0.001287178
  0.9880202 0.002192527
  0.9828761 0.003197724
  0.9773457 0.004267958
  0.971524 0.005390705
  0.9655142 0.006556706
  0.9593992 0.007754537
  0.9532246 0.008978232
  0.9469994 0.01022545
  0.9407281 0.01149193
  0.9344202 0.01277225
  0.9280888 0.01406178
  0.9217451 0.01535713
  0.9153971 0.0166555
  0.9090499 0.01795439
  0.9027067 0.01925138
  0.8963701 0.02054424
  0.8900415 0.02183099
  0.8837221 0.02310985
  0.8774134 0.024379
  0.8711177 0.02563653
  0.8648376 0.02688039
  0.8585744 0.02810841
  0.8523263 0.02931896
  0.8460886 0.03051098
  0.8398537 0.03168411
  0.8336137 0.03283985
  0.8273641 0.03398005
  0.8211043 0.03510577
  0.8148378 0.0362174
  0.8085715 0.037314
  0.8023121 0.03839301
  0.7960636 0.03945209
  0.7898274 0.04048942
  0.7836026 0.04150363
  0.7773859 0.04249421
  0.7711736 0.04346142
  0.7649617 0.04440558
  0.7587456 0.04532701
  0.7525208 0.046226
  0.7462826 0.04710351
  0.7400275 0.04796156
  0.7337541 0.04880201
  0.727463 0.04962643
  0.7211569 0.05043621
  0.7148404 0.05123212
  0.708518 0.05201376
  0.702193 0.05278067
  0.6958673 0.0535326
  0.6895412 0.05426945
  0.6832135 0.05499135
  0.6768823 0.05569877
  0.6705461 0.05639229
  0.6642042 0.0570724
  0.6578563 0.05773952
  0.6515033 0.05839399
  0.6451463 0.05903598
  0.6387869 0.05966537
  0.6324261 0.06028199
  0.6260648 0.06088575
  0.6197032 0.06147658
  0.6133416 0.06205443
  0.6069796 0.06261929
  0.6006172 0.06317116
  0.594254 0.06371001
  0.5878898 0.06423585
  0.5815245 0.06474863
  0.5751579 0.06524835
  0.56879 0.065735
  0.5624207 0.0662086
  0.5560503 0.06666916
  0.5496789 0.0671167
  0.543307 0.06755119
  0.536935 0.06797262
  0.5305635 0.06838079
  0.5241929 0.06877547
  0.5178234 0.06915642
  0.5114553 0.06952342
  0.5050887 0.06987627
  0.4987235 0.07021476
  0.4923597 0.07053874
  0.485997 0.07084807
  0.4796351 0.07114262
  0.4732737 0.07142225
  0.4669123 0.07168682
  0.4605504 0.07193625
  0.4541877 0.07217054
  0.447824 0.0723897
  0.4414597 0.07259374
  0.4350955 0.07278265
  0.4287323 0.07295642
  0.4223714 0.07311488
  0.4160137 0.07325759
  0.4096598 0.07338411
  0.4033099 0.07349401
  0.3969638 0.0735869
  0.3906208 0.07366236
  0.38428 0.07372014
  0.3779408 0.07376009
  0.371603 0.07378208
  0.3652667 0.07378594
  0.3589322 0.07377154
  0.3526004 0.07373868
  0.3462721 0.07368703
  0.3399478 0.07361619
  0.3336279 0.07352579
  0.3273123 0.07341543
  0.3210008 0.07328472
  0.3146929 0.07313333
  0.3083884 0.07296097
  0.3020872 0.07276738
  0.2957896 0.07255231
  0.2894961 0.07231552
  0.2832077 0.07205673
  0.2769252 0.07177545
  0.2706493 0.07147116
  0.2643806 0.07114333
  0.2581195 0.07079144
  0.2518661 0.07041493
  0.2456208 0.07001319
  0.2393837 0.06958559
  0.2331555 0.06913151
  0.2269369 0.06865036
  0.2207285 0.06814155
  0.2145315 0.06760435
  0.2083463 0.06703796
  0.2021733 0.06644156
  0.1960125 0.06581431
  0.1898637 0.06515535
  0.183727 0.06446386
  0.1776031 0.06373915
  0.1714938 0.06298064
  0.1654015 0.06218788
  0.1593293 0.06136009
  0.1532801 0.06049592
  0.1472565 0.05959393
  0.1412602 0.05865273
  0.1352925 0.05767083
  0.1293547 0.05664655
  0.1234481 0.05557827
  0.117574 0.0544644
  0.1117338 0.05330342
  0.1059303 0.05209382
  0.1001677 0.05083455
  0.09445228 0.04952518
  0.08879198 0.0481654
  0.08319632 0.04675373
  0.07767542 0.04528913
  0.07223948 0.0437713
  0.06689967 0.04219993
  0.06166908 0.04057524
  0.05656164 0.03889901
  0.05159288 0.0371745
  0.04678934 0.03540899
  0.04218847 0.03361706
  0.03782924 0.03181718
  0.03374774 0.03002399
  0.02996817 0.02825155
  0.02649783 0.02651283
  0.02333553 0.02482066
  0.02047929 0.02319051
  0.01791807 0.02163519
  0.01563227 0.02015936
  0.01360424 0.01875585
  0.01181307 0.01741819
  0.01023377 0.01614142
  0.00884074 0.01492095
  0.007613832 0.0137525
  0.006534471 0.01263019
  0.005584646 0.01154727
  0.004748645 0.01049738
  0.004013293 0.009474872
  0.003365574 0.00847583
  0.002792905 0.007499911
  0.002285876 0.006549201
  0.001836906 0.005626707
  0.001439392 0.004735359
  0.001087345 0.003877424
  0.0007789032 0.00305465
  0.0005210031 0.002267277
  0.0003185166 0.001512107
  0.0001743559 0.0007842112
  9.113954e-05 7.80164e-05
  7.228645e-05 -0.0006123454
  0.0001229452 -0.001293104
  0.0002484732 -0.001970154
  0.0004483208 -0.002645702
  0.0007227359 -0.003319629
  0.001074266 -0.003989798
  0.001507267 -0.00465123
  0.002027149 -0.005294643
  0.002639293 -0.005907592
  0.003349762 -0.006487398
  0.004164695 -0.007036109
  0.005089266 -0.007557988
  0.006126408 -0.008060815
  0.007274593 -0.00855789
  0.008528113 -0.009067196
  0.009895298 -0.009593554
  0.01139213 -0.0101351
  0.01303702 -0.01068876
  0.01485256 -0.01125033
  0.01686987 -0.01181515
  0.01913168 -0.01238163
  0.02168848 -0.01295191
  0.02459741 -0.01353039
  0.027912 -0.01412564
  0.03165809 -0.01474359
  0.0358159 -0.01536774
  0.04032213 -0.01597403
  0.0451226 -0.01654399
  0.05020892 -0.01707209
  0.05556938 -0.01755826
  0.06116815 -0.01800466
  0.06694561 -0.01841164
  0.07284046 -0.0187759
  0.07880815 -0.01909701
  0.0848299 -0.01937719
  0.0909032 -0.01961912
  0.09702595 -0.01982545
  0.1031945 -0.01999897
  0.1094034 -0.02014244
  0.115647 -0.02025825
  0.1219193 -0.0203489
  0.1282141 -0.02041706
  0.1345255 -0.02046502
  0.1408488 -0.02049361
  0.1471812 -0.02050349
  0.1535219 -0.02049533
  0.1598724 -0.02046985
  0.166235 -0.02042817
  0.1726111 -0.02037163
  0.1790004 -0.02030158
  0.1854009 -0.02021944
  0.1918092 -0.02012645
  0.1982217 -0.02002301
  0.2046363 -0.01990933
  0.2110524 -0.01978559
  0.2174708 -0.01965193
  0.2238938 -0.01950859
  0.2303241 -0.01935632
  0.236763 -0.019196
  0.2432108 -0.01902855
  0.2496665 -0.01885494
  0.2561278 -0.01867612
  0.2625918 -0.01849249
  0.2690563 -0.01830405
  0.27552 -0.0181108
  0.2819827 -0.0179127
  0.2884452 -0.01770968
  0.2949091 -0.01750176
  0.3013759 -0.01728928
  0.3078468 -0.01707266
  0.314322 -0.0168523
  0.3208015 -0.01662867
  0.3272841 -0.01640224
  0.3337686 -0.01617332
  0.3402536 -0.01594197
  0.3467386 -0.01570822
  0.3532232 -0.01547208
  0.3597077 -0.01523355
  0.366193 -0.01499259
  0.3726802 -0.01474934
  0.3791703 -0.01450411
  0.3856638 -0.01425724
  0.3921607 -0.01400908
  0.3986609 -0.01376
  0.4051637 -0.01351039
  0.4116678 -0.0132605
  0.4181724 -0.01301034
  0.4246768 -0.01275988
  0.4311804 -0.0125091
  0.4376833 -0.01225797
  0.4441855 -0.01200643
  0.4506874 -0.01175446
  0.4571894 -0.01150214
  0.4636918 -0.01124956
  0.4701948 -0.01099682
  0.4766983 -0.01074402
  0.4832022 -0.01049128
  0.4897062 -0.01023871
  0.49621 -0.009986399
  0.5027132 -0.009734448
  0.5092157 -0.009482938
  0.5157174 -0.009231954
  0.5222182 -0.008981577
  0.5287181 -0.008731883
  0.5352172 -0.008482934
  0.5417156 -0.008234781
  0.5482135 -0.007987473
  0.554711 -0.007741059
  0.5612083 -0.007495588
  0.5677056 -0.007251105
  0.5742031 -0.007007608
  0.580701 -0.00676503
  0.5871994 -0.0065233
  0.5936985 -0.006282347
  0.6001981 -0.006042106
  0.6066982 -0.00580251
  0.6131988 -0.005563437
  0.6196995 -0.005324614
  0.6262 -0.005085753
  0.6326996 -0.00484657
  0.6391977 -0.004606789
  0.6456932 -0.004366142
  0.6521852 -0.00412435
  0.6586728 -0.003881086
  0.665156 -0.003635987
  0.6716355 -0.003388665
  0.6781125 -0.003138707
  0.6845891 -0.002885669
  0.6910678 -0.002629307
  0.697551 -0.002370055
  0.7040395 -0.002108523
  0.7105332 -0.001845373
  0.7170306 -0.001581323
  0.7235287 -0.001317141
  0.7300239 -0.001053097
  0.7365131 -0.0007885601
  0.7429951 -0.0005227521
  0.7494704 -0.0002548304
  0.7559412 1.611504e-05
  0.7624112 0.0002909653
  0.7688848 0.0005696944
  0.7753642 0.0008516942
  0.7818495 0.001136248
  0.7883382 0.001422528
  0.7948255 0.001709578
  0.8013047 0.001995567
  0.8077688 0.002277601
  0.8142115 0.002552781
  0.820627 0.002818312
  0.8270101 0.003071514
  0.8333565 0.003309182
  0.8396641 0.00352703
  0.8459333 0.003720893
  0.8521671 0.003886826
  0.8583708 0.004021038
  0.8645517 0.004121021
  0.8707182 0.004186541
  0.8768799 0.004217445
  0.8830475 0.004213362
  0.8892333 0.004173795
  0.8954491 0.00410059
  0.9017018 0.00399782
  0.9079909 0.003869838
  0.9143078 0.00372132
  0.9206378 0.003555176
  0.9269681 0.003371484
  0.9332915 0.003170062
  0.939607 0.002950677
  0.9459141 0.002713722
  0.9522061 0.002460186
  0.9584683 0.002191471
  0.9646747 0.001909606
  0.9707822 0.001617666
  0.9767313 0.001321002
  0.9824259 0.001030665
  0.9877432 0.0007573914
  0.9925531 0.0005033572
  0.9967738 0.0002538426
  1.0 0.0
