S8036 (16%)
  1.0 0.0
  0.9964823 0.0007070763
  0.9923097 0.001787629
  0.9879073 0.003039998
  0.9832818 0.004372909
  0.9784636 0.005736129
  0.9734611 0.007094997
  0.9682667 0.00843081
  0.9628501 0.009733778
  0.957174 0.01101892
  0.9512179 0.01230706
  0.9449901 0.01361253
  0.9385161 0.01493729
  0.9318257 0.01628333
  0.9249488 0.01765188
  0.9179134 0.01903942
  0.9107458 0.02044262
  0.9034677 0.02185922
  0.896098 0.02328725
  0.888655 0.02472494
  0.8811556 0.02617084
  0.873614 0.02762284
  0.8660415 0.02907889
  0.8584458 0.03053763
  0.8508311 0.03199845
  0.8432007 0.03346111
  0.8355585 0.03492528
  0.8279092 0.03639051
  0.8202578 0.03785585
  0.8126082 0.03931999
  0.8049625 0.0407819
  0.797321 0.0422409
  0.7896826 0.04369677
  0.7820461 0.04514966
  0.7744116 0.0465996
  0.7667797 0.04804642
  0.7591522 0.04948972
  0.7515311 0.05092869
  0.7439179 0.05236246
  0.7363139 0.05379026
  0.72872 0.05521139
  0.7211367 0.05662516
  0.7135643 0.05803091
  0.7060028 0.05942804
  0.6984522 0.06081594
  0.6909121 0.06219409
  0.6833826 0.06356187
  0.6758648 0.06491849
  0.6683612 0.06626292
  0.6608755 0.06759395
  0.6534125 0.06890998
  0.6459762 0.07020844
  0.6385687 0.07148682
  0.6311902 0.07274303
  0.6238386 0.07397537
  0.6165102 0.07518268
  0.6092007 0.0763648
  0.6019061 0.07752175
  0.5946227 0.07865346
  0.5873471 0.0797598
  0.580076 0.08084065
  0.5728076 0.08189627
  0.5655416 0.08292684
  0.55828 0.08393222
  0.5510266 0.08491208
  0.5437872 0.08586567
  0.5365675 0.08679091
  0.5293709 0.08768547
  0.5221987 0.08854744
  0.5150498 0.08937519
  0.507921 0.09016747
  0.5008079 0.09092397
  0.493706 0.0916449
  0.4866108 0.09233035
  0.4795182 0.09298033
  0.4724237 0.09359481
  0.4653238 0.09417421
  0.4582168 0.09471931
  0.4511038 0.09523071
  0.4439889 0.09570885
  0.4368783 0.09615403
  0.4297803 0.09656548
  0.4227004 0.09694126
  0.4156401 0.09727963
  0.4085975 0.0975791
  0.4015666 0.09783827
  0.3945388 0.0980568
  0.3875069 0.09823583
  0.3804666 0.09837645
  0.3734167 0.09847961
  0.3663592 0.09854622
  0.3592987 0.0985767
  0.3522401 0.0985707
  0.3451869 0.09852788
  0.3381416 0.09844794
  0.3311052 0.09833061
  0.3240782 0.09817559
  0.3170602 0.09798251
  0.3100513 0.09775099
  0.3030513 0.09748065
  0.29606 0.09717111
  0.2890774 0.09682214
  0.2821038 0.09643369
  0.2751402 0.09600573
  0.2681877 0.09553826
  0.2612483 0.09503133
  0.254324 0.09448469
  0.2474171 0.093898
  0.2405299 0.09327103
  0.2336649 0.09260357
  0.2268244 0.09189533
  0.2200107 0.09114573
  0.213226 0.09035422
  0.206472 0.08952028
  0.1997503 0.08864341
  0.1930628 0.08772322
  0.1864123 0.08675956
  0.1798026 0.08575249
  0.1732385 0.08470235
  0.1667254 0.08360929
  0.1602691 0.08247332
  0.1538754 0.08129467
  0.1475502 0.08007385
  0.1412995 0.07881144
  0.1351313 0.07750839
  0.1290552 0.07616645
  0.1230823 0.07478814
  0.1172242 0.07337575
  0.111493 0.07193065
  0.1058994 0.07045469
  0.100453 0.06895032
  0.09516157 0.06742016
  0.09003285 0.06586699
  0.08507335 0.06429418
  0.08028804 0.06270554
  0.07568057 0.06110516
  0.07125567 0.05949802
  0.0670189 0.05789026
  0.0629748 0.05628849
  0.05912599 0.0546986
  0.05547346 0.05312259
  0.05201451 0.051561
  0.04874303 0.05001416
  0.04565075 0.04848221
  0.04272859 0.04696537
  0.03996825 0.04546434
  0.03736163 0.04398008
  0.03490071 0.04251356
  0.03257745 0.04106564
  0.03038405 0.03963714
  0.02831326 0.03822901
  0.02635823 0.03684218
  0.02451233 0.03547738
  0.02276915 0.03413517
  0.02112251 0.03281589
  0.01956714 0.0315193
  0.01809943 0.03024418
  0.01671591 0.02898948
  0.01541299 0.02775435
  0.01418703 0.02653807
  0.01303435 0.02534003
  0.01195132 0.0241597
  0.01093456 0.02299694
  0.00998071 0.02185154
  0.009086248 0.02072288
  0.008247711 0.01961007
  0.007461785 0.01851203
  0.00672537 0.01742762
  0.006035608 0.01635564
  0.005389785 0.01529508
  0.004785377 0.0142458
  0.004220428 0.01320844
  0.003693387 0.0121842
  0.003202916 0.01117461
  0.002747762 0.0101814
  0.00232666 0.009206314
  0.001938283 0.008251027
  0.001581883 0.00731687
  0.001259064 0.006403871
  0.0009711804 0.005510695
  0.0007188858 0.004635158
  0.000502485 0.003774552
  0.0003221886 0.002925851
  0.0001782993 0.002085803
  7.135909e-05 0.001250959
  2.279671e-06 0.0004176321
  -2.753512e-05 -0.0004169492
  -1.608273e-05 -0.001252442
  3.931108e-05 -0.002087671
  0.0001420112 -0.002921052
  0.0002961082 -0.00375052
  0.0005064711 -0.004573433
  0.0007788098 -0.005386451
  0.001119643 -0.006185456
  0.00153225 -0.006968374
  0.002014613 -0.007736725
  0.002564076 -0.008492259
  0.00317753 -0.009236704
  0.003851146 -0.009971783
  0.004580059 -0.01069922
  0.005357954 -0.01142074
  0.006177814 -0.01213788
  0.007038759 -0.01285122
  0.007942738 -0.01356103
  0.008891803 -0.01426781
  0.009888132 -0.01497226
  0.01093406 -0.0156754
  0.01203213 -0.01637863
  0.01318516 -0.01708383
  0.01439639 -0.01779324
  0.01566976 -0.01850813
  0.01700964 -0.01922932
  0.01842075 -0.01995779
  0.0199081 -0.02069465
  0.02147691 -0.0214412
  0.02313253 -0.02219896
  0.02488023 -0.02296966
  0.02672585 -0.02375463
  0.0286769 -0.02455417
  0.03074151 -0.02536848
  0.03292838 -0.02619774
  0.03524688 -0.02704224
  0.03770728 -0.0279025
  0.0403213 -0.02877936
  0.04310215 -0.02967362
  0.04606368 -0.03058593
  0.04921969 -0.03151692
  0.05258332 -0.03246725
  0.05616622 -0.03343765
  0.05997846 -0.03442768
  0.06402803 -0.0354348
  0.06831926 -0.03645578
  0.07285285 -0.03748718
  0.07762705 -0.0385257
  0.08263831 -0.03956705
  0.08787905 -0.04060608
  0.09333789 -0.04163777
  0.09900188 -0.04265776
  0.1048581 -0.04366239
  0.1108916 -0.04464835
  0.1170856 -0.045613
  0.1234224 -0.04655459
  0.1298853 -0.04747126
  0.1364582 -0.04836082
  0.1431255 -0.04922177
  0.1498736 -0.05005335
  0.1566911 -0.05085486
  0.1635685 -0.05162551
  0.170498 -0.05236489
  0.1774736 -0.053073
  0.1844913 -0.0537502
  0.1915473 -0.05439696
  0.1986372 -0.05501383
  0.2057562 -0.05560142
  0.2128987 -0.05616017
  0.2200599 -0.0566899
  0.2272366 -0.0571904
  0.2344274 -0.05766164
  0.2416326 -0.05810375
  0.2488537 -0.05851728
  0.2560913 -0.05890304
  0.2633445 -0.05926178
  0.2706111 -0.05959421
  0.2778874 -0.05990087
  0.2851695 -0.06018156
  0.2924549 -0.0604359
  0.2997421 -0.0606636
  0.3070315 -0.06086442
  0.3143244 -0.06103831
  0.3216226 -0.06118565
  0.3289276 -0.06130686
  0.3362406 -0.06140236
  0.3435625 -0.06147251
  0.3508935 -0.06151773
  0.3582335 -0.06153846
  0.365581 -0.06153518
  0.3729335 -0.0615084
  0.3802876 -0.06145865
  0.3876387 -0.06138615
  0.3949835 -0.0612903
  0.4023201 -0.06117036
  0.4096492 -0.0610256
  0.4169728 -0.06085523
  0.4242952 -0.06065871
  0.4316202 -0.06043639
  0.4389505 -0.06018882
  0.446287 -0.0599166
  0.4536288 -0.05962036
  0.4609738 -0.05930071
  0.4683189 -0.05895766
  0.475661 -0.05859104
  0.4829978 -0.05820068
  0.490327 -0.05778642
  0.4976468 -0.0573481
  0.5049562 -0.05688524
  0.5122557 -0.05639709
  0.5195475 -0.05588278
  0.5268355 -0.05534128
  0.5341255 -0.05477137
  0.5414245 -0.05417274
  0.5487389 -0.05354624
  0.556074 -0.0528929
  0.5634338 -0.05221379
  0.5708209 -0.05151013
  0.5782363 -0.0507833
  0.5856803 -0.05003487
  0.5931519 -0.04926657
  0.6006493 -0.04848031
  0.6081695 -0.04767815
  0.6157084 -0.04686205
  0.6232622 -0.04603298
  0.6308284 -0.04519158
  0.6384062 -0.04433835
  0.645996 -0.04347359
  0.6536 -0.04259757
  0.6612206 -0.04171103
  0.6688588 -0.04081496
  0.676514 -0.03991056
  0.6841843 -0.03899923
  0.6918663 -0.03808233
  0.6995563 -0.03716056
  0.7072522 -0.03623432
  0.7149531 -0.03530387
  0.7226595 -0.03436927
  0.7303732 -0.03343068
  0.7380953 -0.03248868
  0.7458257 -0.03154404
  0.7535628 -0.03059772
  0.7613034 -0.02965087
  0.7690437 -0.02870453
  0.7767803 -0.02775958
  0.7845108 -0.02681676
  0.7922336 -0.02587674
  0.799948 -0.02494008
  0.8076539 -0.02400736
  0.8153517 -0.02307908
  0.8230423 -0.02215571
  0.8307269 -0.02123756
  0.8384061 -0.02032464
  0.8460791 -0.01941699
  0.8537437 -0.01851487
  0.8613962 -0.01761875
  0.8690328 -0.01672948
  0.8766503 -0.0158479
  0.8842462 -0.01497472
  0.8918178 -0.01410988
  0.899357 -0.01325245
  0.9068487 -0.01240225
  0.9142713 -0.01156002
  0.9215952 -0.01072839
  0.9287825 -0.009911349
  0.9357906 -0.009112558
  0.9425784 -0.008328154
  0.9491132 -0.007551332
  0.9553733 -0.006775808
  0.9613526 -0.005989149
  0.9670651 -0.005177384
  0.9725358 -0.004332837
  0.9777827 -0.003465692
  0.9828089 -0.002590837
  0.9876062 -0.00173926
  0.9921464 -0.0009552301
  0.9964235 -0.0003255519
  1.0 0.0
