NREL's S823 Airfoil
  1.0 0.0
  0.9958264 0.001124258
  0.990879 0.002683637
  0.9856899 0.004471957
  0.9802484 0.006378406
  0.974634 0.008320827
  0.9689023 0.0102414
  0.9630511 0.01211054
  0.9570595 0.01393137
  0.9509097 0.01570934
  0.94459 0.0174486
  0.9380962 0.01915839
  0.9314326 0.02085139
  0.9246147 0.02254027
  0.917671 0.02423542
  0.9106348 0.02593423
  0.9035341 0.02762996
  0.8963891 0.02931799
  0.8892106 0.03099616
  0.8820009 0.03266464
  0.8747611 0.03432429
  0.8674933 0.03597577
  0.8602012 0.03761951
  0.8528894 0.03925564
  0.8455633 0.04088343
  0.8382277 0.04250177
  0.8308861 0.0441098
  0.823541 0.04570691
  0.8161938 0.04729272
  0.808845 0.04886705
  0.8014945 0.05042967
  0.7941426 0.05198031
  0.7867895 0.0535187
  0.7794356 0.05504456
  0.7720814 0.05655757
  0.7647272 0.05805734
  0.7573735 0.05954343
  0.7500208 0.06101541
  0.7426692 0.06247287
  0.7353191 0.06391542
  0.7279706 0.06534267
  0.7206238 0.06675423
  0.7132788 0.06814965
  0.7059356 0.06952848
  0.6985942 0.07089029
  0.6912549 0.07223463
  0.6839174 0.07356107
  0.676582 0.07486918
  0.6692487 0.07615849
  0.6619174 0.07742854
  0.6545884 0.07867885
  0.6472615 0.07990897
  0.6399368 0.08111843
  0.6326145 0.08230678
  0.6252946 0.08347353
  0.6179771 0.08461819
  0.6106622 0.08574026
  0.6033499 0.08683924
  0.5960402 0.08791465
  0.5887332 0.08896598
  0.5814289 0.08999277
  0.5741274 0.09099449
  0.5668288 0.0919706
  0.5595332 0.09292054
  0.5522409 0.09384376
  0.5449521 0.09473972
  0.5376672 0.09560786
  0.5303863 0.09644763
  0.52311 0.0972584
  0.5158385 0.09803953
  0.5085718 0.09879039
  0.5013099 0.0995104
  0.4940527 0.100199
  0.4868 0.1008555
  0.4795514 0.1014795
  0.4723068 0.1020703
  0.4650663 0.1026274
  0.4578308 0.1031502
  0.4506012 0.1036381
  0.443379 0.1040905
  0.4361659 0.1045067
  0.4289642 0.1048859
  0.4217754 0.1052267
  0.4146005 0.1055275
  0.4074397 0.1057871
  0.4002925 0.1060042
  0.3931575 0.1061773
  0.3860327 0.1063054
  0.3789159 0.1063879
  0.3718051 0.1064245
  0.364699 0.1064153
  0.3575967 0.1063602
  0.3504976 0.1062589
  0.343402 0.1061114
  0.3363103 0.1059173
  0.3292233 0.1056765
  0.322142 0.1053887
  0.3150675 0.1050537
  0.3080008 0.1046713
  0.3009433 0.1042413
  0.2938961 0.1037634
  0.2868607 0.1032374
  0.279838 0.1026625
  0.2728286 0.1020381
  0.2658327 0.1013636
  0.25885 0.1006382
  0.2518798 0.0998612
  0.2449212 0.09903202
  0.2379738 0.09815064
  0.2310381 0.09721711
  0.2241152 0.09623156
  0.2172068 0.0951943
  0.2103158 0.09410574
  0.2034452 0.09296586
  0.1965988 0.09177414
  0.1897798 0.09053014
  0.1829917 0.0892335
  0.1762377 0.08788399
  0.169521 0.08648136
  0.1628453 0.08502498
  0.1562149 0.08351425
  0.1496344 0.08194888
  0.1431091 0.0803289
  0.1366443 0.07865468
  0.1302465 0.07692657
  0.1239238 0.07514518
  0.117686 0.07331205
  0.111544 0.07142969
  0.1055094 0.06950151
  0.09959467 0.06753116
  0.0938147 0.06552248
  0.08818591 0.06348098
  0.08272451 0.06141357
  0.07744514 0.05932812
  0.07236074 0.05723261
  0.06748523 0.05513535
  0.06283207 0.05304615
  0.05841141 0.05097522
  0.0542286 0.04893218
  0.05028405 0.046925
  0.04657662 0.04495939
  0.0431037 0.04304059
  0.03985954 0.04117321
  0.03683508 0.03936062
  0.03401856 0.03760469
  0.03139655 0.03590587
  0.02895633 0.03426286
  0.02668619 0.03267373
  0.0245744 0.03113661
  0.02260931 0.02964955
  0.02077951 0.02821045
  0.01907408 0.0268171
  0.01748269 0.02546724
  0.01599587 0.0241585
  0.01460632 0.02288819
  0.01330799 0.02165368
  0.01209512 0.02045272
  0.01096218 0.01928335
  0.009903902 0.01814376
  0.008915302 0.01703232
  0.007991679 0.01594754
  0.007128628 0.01488799
  0.006322034 0.01385237
  0.005568106 0.01283946
  0.004864641 0.01184791
  0.004210994 0.0108763
  0.003606298 0.009923334
  0.003049437 0.008987855
  0.002539119 0.008068819
  0.002073933 0.007165281
  0.001652396 0.006276379
  0.001273217 0.005401344
  0.0009372241 0.004539488
  0.0006459608 0.003689819
  0.0004007025 0.002850985
  0.0002063515 0.00202196
  7.209955e-05 0.00120518
  8.836538e-06 0.0003990641
  1.600534e-05 -0.0004079209
  8.147658e-05 -0.001226384
  0.0001940907 -0.002061702
  0.0003450035 -0.002914615
  0.0005326998 -0.003785937
  0.0007566402 -0.004677057
  0.001016147 -0.005589727
  0.001311461 -0.006525713
  0.00164316 -0.007486794
  0.002011625 -0.008474863
  0.002416936 -0.00949191
  0.00285942 -0.01054006
  0.003341166 -0.01162183
  0.003864737 -0.01274004
  0.00443283 -0.01389789
  0.005048254 -0.01509895
  0.005713896 -0.01634725
  0.006432656 -0.01764735
  0.007207367 -0.01900443
  0.00804066 -0.02042437
  0.00893479 -0.02191392
  0.009891391 -0.0234808
  0.01091153 -0.02513382
  0.01199937 -0.02688141
  0.01316162 -0.02873156
  0.01440541 -0.03069241
  0.01573811 -0.03277186
  0.01716712 -0.03497725
  0.01869957 -0.03731487
  0.02034216 -0.03978964
  0.02210107 -0.0424051
  0.02398284 -0.04516217
  0.02599397 -0.04805674
  0.02813946 -0.05107969
  0.03042277 -0.05421729
  0.03284645 -0.05745235
  0.03541355 -0.06076663
  0.0381259 -0.06414429
  0.04097826 -0.06756775
  0.0439572 -0.07101214
  0.04704002 -0.07444541
  0.05019536 -0.07783016
  0.0533948 -0.08111893
  0.05662905 -0.08426286
  0.05990248 -0.087232
  0.06323092 -0.09001197
  0.06664045 -0.0925985
  0.07015573 -0.09499958
  0.07378902 -0.09723131
  0.07755201 -0.09930462
  0.08145723 -0.1012253
  0.08551832 -0.1029946
  0.08975121 -0.1046168
  0.09417322 -0.106106
  0.09879807 -0.1074763
  0.1036319 -0.1087414
  0.1086672 -0.1099155
  0.1138811 -0.111008
  0.1192489 -0.112012
  0.124748 -0.11292
  0.1303599 -0.1137272
  0.1360735 -0.1144319
  0.1418873 -0.1150346
  0.1478048 -0.1155372
  0.1538278 -0.115942
  0.1599555 -0.1162517
  0.166183 -0.1164694
  0.1725015 -0.1165985
  0.1788998 -0.1166411
  0.1853677 -0.1165983
  0.1918965 -0.1164721
  0.1984789 -0.116265
  0.20511 -0.11598
  0.2117872 -0.1156199
  0.2185089 -0.1151868
  0.2252733 -0.1146831
  0.2320784 -0.1141111
  0.2389217 -0.1134737
  0.2458003 -0.1127737
  0.2527112 -0.1120139
  0.2596519 -0.1111962
  0.2666197 -0.1103229
  0.2736127 -0.1093962
  0.2806291 -0.1084185
  0.2876674 -0.1073921
  0.2947267 -0.1063194
  0.301806 -0.105202
  0.3089047 -0.1040418
  0.316022 -0.1028406
  0.323157 -0.1016005
  0.330309 -0.1003233
  0.3374773 -0.09901118
  0.3446612 -0.09766569
  0.3518601 -0.09628841
  0.3590733 -0.09488094
  0.3663004 -0.09344488
  0.3735407 -0.09198188
  0.380794 -0.09049363
  0.3880597 -0.08898171
  0.3953375 -0.08744748
  0.4026272 -0.08589226
  0.4099285 -0.08431736
  0.4172414 -0.08272412
  0.4245658 -0.08111385
  0.4319018 -0.0794879
  0.4392496 -0.07784752
  0.446609 -0.07619388
  0.4539798 -0.07452819
  0.4613615 -0.07285175
  0.4687533 -0.07116592
  0.476154 -0.06947216
  0.4835622 -0.067772
  0.4909761 -0.06606702
  0.4983941 -0.0643587
  0.5058142 -0.06264845
  0.5132349 -0.06093767
  0.5206547 -0.05922772
  0.5280722 -0.05751995
  0.5354861 -0.05581564
  0.5428953 -0.05411606
  0.5502989 -0.05242241
  0.5576961 -0.0507358
  0.5650861 -0.04905729
  0.5724687 -0.0473879
  0.5798437 -0.04572857
  0.587211 -0.04408021
  0.5945708 -0.04244366
  0.6019235 -0.04081974
  0.6092694 -0.03920915
  0.6166089 -0.03761264
  0.6239422 -0.03603094
  0.6312696 -0.03446478
  0.6385912 -0.03291492
  0.6459072 -0.0313821
  0.6532176 -0.02986708
  0.6605225 -0.02837065
  0.6678217 -0.02689361
  0.6751154 -0.02543677
  0.6824035 -0.02400092
  0.689686 -0.02258686
  0.6969628 -0.02119536
  0.7042339 -0.01982721
  0.7114993 -0.01848317
  0.718759 -0.01716409
  0.7260128 -0.01587083
  0.7332607 -0.01460424
  0.7405024 -0.01336517
  0.747738 -0.01215446
  0.7549671 -0.01097294
  0.7621897 -0.009821431
  0.7694055 -0.008700865
  0.7766141 -0.007612286
  0.783815 -0.00655675
  0.7910076 -0.00553531
  0.798191 -0.004549013
  0.8053642 -0.003598896
  0.8125264 -0.00268599
  0.8196761 -0.001811536
  0.8268123 -0.0009770153
  0.8339337 -0.0001838755
  0.8410391 0.0005664906
  0.8481276 0.001272745
  0.855198 0.001933606
  0.8622492 0.002547789
  0.8692797 0.003113662
  0.8762865 0.003629429
  0.8832652 0.004093333
  0.8902105 0.004503719
  0.8971159 0.004859095
  0.9039739 0.005157821
  0.9107764 0.005395901
  0.9175149 0.005568676
  0.9241812 0.005672107
  0.9307672 0.005702824
  0.9372651 0.005658132
  0.9436675 0.005535148
  0.9499674 0.00533071
  0.9561595 0.005042385
  0.9622398 0.004668458
  0.9682053 0.004208331
  0.9740479 0.003665564
  0.9797482 0.003046848
  0.9852793 0.002360947
  0.9906129 0.001610354
  0.9957327 0.0007840474
  1.0 0.0
