NREL's S834 Airfoil
  1.0 0.0
  0.9963497 0.0005564794
  0.9918743 0.001425118
  0.9870711 0.002535842
  0.981932 0.003850032
  0.9765171 0.005323008
  0.970914 0.006922323
  0.9651869 0.008614753
  0.9593578 0.01037782
  0.9534396 0.01219391
  0.9474533 0.01404142
  0.9414285 0.0158952
  0.9353985 0.01773378
  0.9293864 0.0195424
  0.9234008 0.02131117
  0.9174367 0.02303466
  0.9114794 0.02471348
  0.9055147 0.02635284
  0.8995321 0.02795701
  0.8935244 0.02952912
  0.8874878 0.03107122
  0.8814219 0.03258523
  0.875328 0.03407374
  0.8692082 0.03553933
  0.8630657 0.03698444
  0.8569043 0.03841142
  0.8507288 0.0398222
  0.8445438 0.0412166
  0.8383526 0.04259368
  0.8321579 0.04395276
  0.8259611 0.04529337
  0.819763 0.04661529
  0.8135631 0.04791848
  0.8073607 0.04920307
  0.801155 0.05046916
  0.7949455 0.05171678
  0.7887322 0.0529459
  0.7825151 0.05415647
  0.7762946 0.05534834
  0.7700712 0.05652129
  0.7638454 0.05767495
  0.7576177 0.05880898
  0.7513883 0.05992308
  0.7451572 0.06101695
  0.7389245 0.06209035
  0.73269 0.06314304
  0.7264533 0.06417485
  0.7202143 0.06518568
  0.7139728 0.06617539
  0.7077287 0.06714386
  0.7014822 0.06809091
  0.6952333 0.06901639
  0.6889823 0.06992012
  0.6827294 0.07080189
  0.676475 0.07166153
  0.6702191 0.07249887
  0.6639616 0.07331376
  0.6577022 0.07410607
  0.6514407 0.07487571
  0.6451763 0.07562255
  0.6389085 0.07634658
  0.6326364 0.07704815
  0.6263595 0.07772777
  0.6200776 0.07838595
  0.6137903 0.07902314
  0.6074978 0.0796398
  0.6012003 0.08023635
  0.5948982 0.08081322
  0.5885921 0.08137066
  0.5822826 0.08190864
  0.5759703 0.08242707
  0.5696561 0.08292589
  0.5633405 0.08340502
  0.5570245 0.0838644
  0.5507087 0.08430397
  0.544394 0.08472368
  0.5380812 0.08512319
  0.5317709 0.08550189
  0.5254634 0.08585917
  0.5191589 0.08619446
  0.5128572 0.08650718
  0.5065577 0.08679678
  0.5002599 0.08706269
  0.4939629 0.08730441
  0.4876656 0.08752194
  0.4813671 0.08771559
  0.4750668 0.08788564
  0.4687642 0.08803235
  0.4624588 0.088156
  0.4561505 0.08825682
  0.4498393 0.08833507
  0.4435253 0.08839098
  0.4372089 0.0884248
  0.4308902 0.08843677
  0.4245696 0.08842715
  0.4182474 0.08839619
  0.4119241 0.08834415
  0.4056001 0.08827129
  0.3992758 0.08817788
  0.3929517 0.08806408
  0.3866282 0.08792979
  0.3803058 0.08777489
  0.3739847 0.08759926
  0.3676653 0.08740277
  0.3613476 0.08718531
  0.3550318 0.08694675
  0.3487179 0.08668696
  0.342406 0.08640577
  0.336096 0.08610302
  0.3297881 0.08577851
  0.3234825 0.08543207
  0.3171795 0.08506352
  0.3108793 0.08467271
  0.3045823 0.08425948
  0.298289 0.08382358
  0.2919997 0.08336463
  0.2857149 0.08288221
  0.2794349 0.08237591
  0.2731599 0.08184533
  0.2668902 0.08129006
  0.2606259 0.08070967
  0.2543672 0.08010373
  0.2481143 0.07947169
  0.2418674 0.07881302
  0.2356271 0.0781272
  0.2293938 0.07741374
  0.2231682 0.07667216
  0.216951 0.075902
  0.2107431 0.07510261
  0.2045453 0.07427309
  0.1983585 0.07341252
  0.1921834 0.07251998
  0.1860206 0.07159454
  0.1798707 0.0706353
  0.1737341 0.06964128
  0.1676116 0.06861128
  0.1615041 0.06754411
  0.1554128 0.06643864
  0.1493393 0.06529381
  0.1432851 0.06410868
  0.1372524 0.06288214
  0.1312434 0.06161238
  0.1252609 0.06029747
  0.1193074 0.05893556
  0.1133854 0.05752496
  0.1074976 0.05606401
  0.101647 0.05455058
  0.09583763 0.05298216
  0.09007391 0.05135658
  0.08436073 0.04967206
  0.07870339 0.04792718
  0.07310948 0.04611976
  0.06759134 0.04424792
  0.06216515 0.04231209
  0.05684964 0.04031511
  0.05166558 0.03826155
  0.04663996 0.03615647
  0.04180487 0.03400961
  0.0371915 0.0318352
  0.03282649 0.0296497
  0.02874947 0.02747405
  0.02501646 0.02534407
  0.02166481 0.02329821
  0.01869665 0.02136306
  0.0160893 0.01954743
  0.01381184 0.01784944
  0.01182596 0.01626385
  0.01009086 0.01478227
  0.008568018 0.01339467
  0.007224428 0.01209071
  0.006040575 0.01086109
  0.005003898 0.00969991
  0.00410118 0.008602989
  0.003318514 0.007566321
  0.002642053 0.006585681
  0.002058711 0.005656687
  0.001556595 0.004774979
  0.001125792 0.003936138
  0.0007634107 0.003131517
  0.0004673019 0.002352654
  0.0002365462 0.001602507
  7.784262e-05 0.0008881838
  4.1123e-06 0.000202021
  2.561431e-05 -0.0004799554
  0.0001347777 -0.00118325
  0.0003181936 -0.00191872
  0.0005651768 -0.002680621
  0.0008763579 -0.003469129
  0.001251319 -0.004290914
  0.001694968 -0.005149419
  0.002216065 -0.006047687
  0.002824271 -0.006988899
  0.003529992 -0.00797634
  0.004344094 -0.009013401
  0.005277493 -0.01010373
  0.006340764 -0.01125173
  0.007548229 -0.0124634
  0.008924876 -0.01374568
  0.01050066 -0.01510546
  0.01230852 -0.01654886
  0.01438204 -0.01808064
  0.01675265 -0.01970465
  0.01945163 -0.02142353
  0.02251005 -0.02322939
  0.02593972 -0.02510242
  0.02972485 -0.02701418
  0.03383278 -0.02893816
  0.0382378 -0.03085339
  0.04291008 -0.03273791
  0.04780966 -0.03457285
  0.05289652 -0.03634653
  0.05814109 -0.03805281
  0.06351972 -0.03968637
  0.06900967 -0.04124465
  0.07459105 -0.04272823
  0.08024902 -0.04413986
  0.08597392 -0.04548105
  0.09175749 -0.04675341
  0.09759238 -0.04795934
  0.1034724 -0.04910194
  0.1093928 -0.05018442
  0.1153501 -0.05120903
  0.1213413 -0.05217797
  0.127363 -0.05309367
  0.1334122 -0.05395869
  0.139486 -0.05477564
  0.1455818 -0.05554632
  0.1516978 -0.05627218
  0.1578319 -0.05695477
  0.1639826 -0.05759572
  0.1701485 -0.05819675
  0.1763286 -0.05875956
  0.182522 -0.05928544
  0.1887279 -0.05977559
  0.1949456 -0.06023123
  0.2011742 -0.06065359
  0.2074131 -0.06104394
  0.2136612 -0.06140354
  0.2199178 -0.06173338
  0.2261824 -0.06203427
  0.2324542 -0.06230702
  0.2387328 -0.06255245
  0.2450176 -0.06277139
  0.2513082 -0.0629647
  0.2576044 -0.06313322
  0.2639057 -0.06327762
  0.270212 -0.06339851
  0.276523 -0.06349651
  0.2828384 -0.06357223
  0.2891579 -0.06362631
  0.2954813 -0.06365937
  0.3018083 -0.06367205
  0.3081386 -0.06366484
  0.314472 -0.06363818
  0.3208082 -0.06359252
  0.3271471 -0.06352828
  0.3334886 -0.06344591
  0.3398324 -0.06334586
  0.3461784 -0.06322856
  0.3525266 -0.06309444
  0.3588768 -0.06294385
  0.3652289 -0.06277712
  0.3715829 -0.0625946
  0.3779387 -0.06239664
  0.384296 -0.06218358
  0.3906548 -0.06195577
  0.397015 -0.06171355
  0.4033763 -0.06145724
  0.4097387 -0.06118706
  0.4161021 -0.06090325
  0.4224663 -0.06060604
  0.4288313 -0.06029567
  0.4351971 -0.05997237
  0.4415635 -0.05963637
  0.4479306 -0.05928789
  0.4542984 -0.05892717
  0.4606669 -0.0585544
  0.467036 -0.05816977
  0.4734057 -0.0577735
  0.4797759 -0.05736577
  0.4861467 -0.0569468
  0.4925178 -0.05651679
  0.4988893 -0.05607595
  0.5052609 -0.05562445
  0.5116326 -0.05516242
  0.5180043 -0.05468995
  0.5243759 -0.05420717
  0.5307473 -0.05371418
  0.5371185 -0.0532111
  0.5434895 -0.05269803
  0.5498602 -0.05217508
  0.5562307 -0.05164234
  0.5626008 -0.05109986
  0.5689706 -0.05054767
  0.5753399 -0.04998582
  0.5817086 -0.04941435
  0.5880767 -0.04883331
  0.5944438 -0.04824276
  0.6008098 -0.04764276
  0.6071745 -0.04703334
  0.6135377 -0.04641445
  0.6198992 -0.04578605
  0.626259 -0.04514804
  0.6326172 -0.04450036
  0.6389739 -0.04384291
  0.6453294 -0.04317559
  0.6516839 -0.04249829
  0.658038 -0.04181091
  0.664392 -0.04111344
  0.6707458 -0.04040593
  0.6770995 -0.03968842
  0.6834527 -0.038961
  0.6898049 -0.03822377
  0.6961552 -0.03747689
  0.7025026 -0.0367205
  0.7088461 -0.03595466
  0.7151849 -0.03517919
  0.7215189 -0.03439381
  0.7278483 -0.03359818
  0.7341744 -0.0327919
  0.7404985 -0.03197446
  0.7468231 -0.03114528
  0.7531506 -0.03030382
  0.7594836 -0.02945026
  0.7658231 -0.02858514
  0.7721685 -0.02770921
  0.7785178 -0.02682347
  0.7848671 -0.02592915
  0.7912112 -0.02502774
  0.7975433 -0.02412048
  0.8038566 -0.02320606
  0.8101471 -0.02228202
  0.8164138 -0.02134552
  0.8226584 -0.02039336
  0.8288855 -0.01942194
  0.8351022 -0.01842724
  0.841318 -0.01740763
  0.8475419 -0.01636725
  0.8537792 -0.01531152
  0.8600315 -0.01424655
  0.8662962 -0.01317925
  0.8725669 -0.01211727
  0.878833 -0.01106856
  0.885084 -0.01003981
  0.8913128 -0.009036675
  0.8975158 -0.008064046
  0.903693 -0.007126096
  0.9098475 -0.006226386
  0.9159843 -0.005367818
  0.9221067 -0.004553057
  0.9282141 -0.003785171
  0.9343026 -0.003067532
  0.9403653 -0.002403653
  0.9463923 -0.00179777
  0.9523744 -0.001255434
  0.9583045 -0.0007816373
  0.9641777 -0.0003806206
  0.9699899 -5.619671e-05
  0.9757169 0.0001867395
  0.981293 0.0003439239
  0.9866297 0.0004146731
  0.9916437 0.0003843132
  0.9962849 0.0002313995
  1.0 0.0
