SA7025
  1.0 0.0
  0.9968317 0.0004016389
  0.9924629 0.00103286
  0.9874424 0.001816094
  0.982025 0.002709877
  0.9763901 0.003681747
  0.9706278 0.004710143
  0.9647941 0.005778307
  0.9589204 0.00687598
  0.9530232 0.007995567
  0.9471076 0.009132501
  0.941176 0.01028338
  0.93523 0.01144492
  0.9292715 0.01261435
  0.9233032 0.01378904
  0.9173294 0.01496611
  0.9113556 0.01614263
  0.9053862 0.01731632
  0.8994238 0.01848541
  0.8934683 0.01964858
  0.8875184 0.020805
  0.8815724 0.02195405
  0.8756294 0.02309502
  0.8696886 0.0242271
  0.8637502 0.0253495
  0.857814 0.02646156
  0.8518795 0.02756272
  0.845946 0.0286525
  0.8400124 0.0297305
  0.8340776 0.03079671
  0.8281407 0.03185122
  0.8222017 0.03289407
  0.8162608 0.03392518
  0.8103187 0.03494436
  0.8043761 0.03595109
  0.7984338 0.03694477
  0.7924922 0.03792484
  0.7865516 0.0388908
  0.7806119 0.03984217
  0.7746731 0.0407786
  0.7687347 0.04169979
  0.762796 0.04260547
  0.7568561 0.04349541
  0.7509138 0.04436944
  0.7449678 0.04522783
  0.7390172 0.04607124
  0.7330614 0.04690027
  0.7271003 0.0477155
  0.7211339 0.04851741
  0.7151628 0.04930644
  0.7091878 0.05008281
  0.7032093 0.05084673
  0.6972279 0.05159842
  0.6912439 0.05233812
  0.6852575 0.05306609
  0.6792689 0.05378252
  0.6732782 0.05448747
  0.6672856 0.05518098
  0.6612913 0.05586309
  0.6552956 0.05653381
  0.649299 0.05719319
  0.6433016 0.05784116
  0.6373039 0.05847759
  0.6313057 0.05910235
  0.6253072 0.05971534
  0.6193079 0.06031647
  0.6133076 0.06090566
  0.6073055 0.06148297
  0.6013014 0.06204858
  0.5952951 0.06260267
  0.5892866 0.06314539
  0.5832764 0.06367686
  0.5772648 0.0641972
  0.5712526 0.06470635
  0.5652404 0.06520403
  0.5592287 0.06568994
  0.5532177 0.06616381
  0.5472075 0.06662539
  0.5411979 0.06707443
  0.5351887 0.06751075
  0.5291797 0.06793428
  0.5231704 0.06834496
  0.5171608 0.06874271
  0.5111504 0.06912747
  0.5051392 0.06949916
  0.4991268 0.06985772
  0.4931133 0.07020317
  0.4870986 0.07053551
  0.4810829 0.07085475
  0.4750666 0.0711609
  0.4690501 0.07145396
  0.4630341 0.07173385
  0.4570191 0.07200028
  0.4510056 0.07225285
  0.4449938 0.07249119
  0.4389836 0.07271494
  0.4329751 0.07292373
  0.4269677 0.07311724
  0.4209611 0.07329529
  0.4149549 0.0734578
  0.408949 0.07360464
  0.4029431 0.0737357
  0.3969372 0.07385088
  0.3909315 0.07395003
  0.3849261 0.07403296
  0.3789212 0.07409944
  0.3729173 0.07414923
  0.3669148 0.07418211
  0.3609143 0.07419785
  0.3549165 0.07419621
  0.3489219 0.07417674
  0.3429308 0.07413892
  0.3369431 0.07408223
  0.3309585 0.07400615
  0.3249763 0.07391017
  0.3189954 0.07379384
  0.313015 0.07365708
  0.3070348 0.07349987
  0.3010549 0.0733222
  0.2950761 0.07312407
  0.2890994 0.07290549
  0.2831264 0.07266609
  0.2771584 0.07240508
  0.2711965 0.07212165
  0.2652412 0.07181501
  0.2592929 0.07148432
  0.2533513 0.07112882
  0.2474162 0.0707478
  0.2414873 0.07034061
  0.2355639 0.06990654
  0.2296453 0.06944491
  0.2237307 0.068955
  0.2178196 0.06843634
  0.2119122 0.06788862
  0.2060094 0.0673116
  0.2001133 0.06670515
  0.1942263 0.06606909
  0.1883514 0.06540236
  0.1824906 0.06470344
  0.1766447 0.06397074
  0.1708137 0.06320258
  0.1649966 0.0623973
  0.1591925 0.06155365
  0.1534008 0.06067052
  0.1476217 0.05974685
  0.1418556 0.05878166
  0.1361041 0.0577737
  0.1303695 0.05672168
  0.1246552 0.05562454
  0.1189654 0.05448151
  0.113305 0.05329121
  0.1076775 0.052051
  0.1020838 0.05075776
  0.09652249 0.04940786
  0.0909911 0.04799808
  0.08548979 0.04652652
  0.08002248 0.04499236
  0.07459683 0.04339546
  0.06922498 0.04173347
  0.06392209 0.04000423
  0.05870502 0.03820734
  0.05358843 0.03634156
  0.04857219 0.03439976
  0.04363903 0.03236778
  0.03877343 0.03023063
  0.03402153 0.02800136
  0.02949569 0.02573223
  0.02528671 0.02346653
  0.021358 0.02118022
  0.01761159 0.01880782
  0.01416159 0.01641857
  0.0113225 0.01427466
  0.009135903 0.01247073
  0.00739509 0.01087993
  0.005939288 0.009390349
  0.004670766 0.007925747
  0.003552289 0.006495517
  0.002610299 0.005200518
  0.001846154 0.004101552
  0.001231239 0.003182989
  0.0007573734 0.002393226
  0.0004084575 0.001683819
  0.0001695078 0.001021871
  3.304783e-05 0.0003842265
  -7.38407e-07 -0.0002479146
  6.708045e-05 -0.0008865545
  0.0002314374 -0.001534206
  0.000494022 -0.002190033
  0.0008629926 -0.002848798
  0.00135255 -0.003496714
  0.001981651 -0.004106384
  0.00277702 -0.004662649
  0.003775083 -0.005165275
  0.00502048 -0.005624271
  0.006557519 -0.006078032
  0.00841316 -0.006609531
  0.01063823 -0.007247266
  0.01324522 -0.007956968
  0.01621358 -0.008659828
  0.01962858 -0.009311493
  0.02365261 -0.009922627
  0.02838759 -0.01051167
  0.03365012 -0.0110644
  0.03909501 -0.01153763
  0.0445694 -0.01192526
  0.05013164 -0.01224314
  0.05582804 -0.01250488
  0.06164369 -0.01272097
  0.06751943 -0.01289464
  0.0734094 -0.01302693
  0.07929744 -0.01312056
  0.08519363 -0.01317919
  0.09111182 -0.01320677
  0.09705831 -0.01320711
  0.1030311 -0.01318403
  0.1090215 -0.01314022
  0.1150214 -0.01307704
  0.121026 -0.01299588
  0.1270335 -0.01289811
  0.1330455 -0.01278502
  0.1390638 -0.01265782
  0.1450893 -0.01251768
  0.1511223 -0.01236583
  0.1571615 -0.0122035
  0.1632054 -0.01203157
  0.1692526 -0.01185062
  0.1753021 -0.01166121
  0.1813535 -0.01146389
  0.1874069 -0.01125919
  0.1934628 -0.01104764
  0.1995215 -0.01082975
  0.2055832 -0.01060606
  0.2116477 -0.01037708
  0.2177147 -0.01014337
  0.2237839 -0.009905399
  0.2298547 -0.009663468
  0.2359268 -0.009417847
  0.242 -0.009168804
  0.2480743 -0.008916601
  0.2541497 -0.008661495
  0.2602264 -0.008403761
  0.2663046 -0.008143692
  0.2723844 -0.007881583
  0.2784659 -0.007617735
  0.284549 -0.007352449
  0.2906337 -0.007086027
  0.2967198 -0.006818692
  0.3028072 -0.006550607
  0.3088956 -0.006281937
  0.3149846 -0.006012849
  0.321074 -0.005743513
  0.3271634 -0.0054741
  0.3332521 -0.005204812
  0.33934 -0.004935877
  0.3454267 -0.004667523
  0.3515121 -0.004399971
  0.3575962 -0.004133437
  0.3636791 -0.003868131
  0.369761 -0.003604243
  0.3758422 -0.003341888
  0.3819229 -0.003081162
  0.3880031 -0.002822166
  0.394083 -0.002565004
  0.4001624 -0.002309781
  0.4062414 -0.002056607
  0.4123197 -0.001805613
  0.4183972 -0.001556957
  0.4244739 -0.001310797
  0.4305497 -0.001067289
  0.4366248 -0.0008265839
  0.4426992 -0.0005888329
  0.448773 -0.0003541812
  0.4548467 -0.0001227426
  0.4609201 0.0001053895
  0.4669934 0.0003301183
  0.4730664 0.0005513426
  0.479139 0.0007689579
  0.4852107 0.0009828561
  0.4912812 0.001192906
  0.49735 0.001398806
  0.5034169 0.001600183
  0.5094817 0.001796669
  0.5155444 0.001987901
  0.5216053 0.002173523
  0.5276647 0.002353184
  0.5337232 0.002526591
  0.5397812 0.002693747
  0.5458394 0.002854753
  0.5518981 0.003009705
  0.5579578 0.003158695
  0.5640185 0.003301813
  0.5700806 0.003439145
  0.5761442 0.003570802
  0.5822092 0.003696981
  0.5882757 0.003817903
  0.5943436 0.003933786
  0.6004128 0.004044846
  0.6064831 0.004151303
  0.6125543 0.004253373
  0.6186261 0.004351201
  0.6246983 0.004444795
  0.6307707 0.004534149
  0.6368431 0.00461926
  0.6429154 0.004700123
  0.6489875 0.004776737
  0.6550593 0.004849096
  0.6611309 0.00491718
  0.6672023 0.004980953
  0.6732734 0.005040379
  0.6793444 0.00509542
  0.6854153 0.005146043
  0.6914861 0.005192209
  0.6975571 0.005233896
  0.7036282 0.005271111
  0.7096996 0.005303868
  0.7157711 0.005332179
  0.7218426 0.005356056
  0.7279141 0.005375512
  0.7339853 0.005390547
  0.7400561 0.005401091
  0.7461263 0.005407053
  0.7521959 0.005408342
  0.758265 0.005404865
  0.7643337 0.005396533
  0.7704021 0.005383263
  0.7764706 0.005365038
  0.7825391 0.005341859
  0.7886077 0.005313728
  0.7946763 0.005280647
  0.8007447 0.00524262
  0.8068125 0.005199609
  0.8128795 0.005151494
  0.8189456 0.005098143
  0.8250108 0.005039423
  0.8310754 0.004975198
  0.8371398 0.004905357
  0.8432043 0.004829932
  0.8492692 0.004749007
  0.8553346 0.004662669
  0.8614004 0.004571003
  0.8674666 0.004474089
  0.8735329 0.00437194
  0.8795991 0.004264554
  0.8856649 0.004151924
  0.8917302 0.004034045
  0.8977947 0.003910798
  0.903858 0.003781913
  0.9099193 0.003647117
  0.9159775 0.003506146
  0.9220311 0.003358474
  0.9280789 0.003203076
  0.9341196 0.003038881
  0.9401523 0.00286481
  0.9461761 0.002679565
  0.9521889 0.002481736
  0.9581874 0.002269948
  0.9641652 0.002042123
  0.9701055 0.001795804
  0.9759789 0.00152906
  0.9817291 0.001239656
  0.9872587 0.0009284019
  0.992375 0.0006037834
  0.9968094 0.0002806519
  1.0 -1.9e-17
