 SIKORSKY SC1012R8 AIRFOIL
  1.0 0.002184
  0.9963908 0.002632539
  0.9920677 0.003162433
  0.9875943 0.00371039
  0.982997 0.004281074
  0.9783054 0.004857482
  0.9735641 0.005413486
  0.9688182 0.006001743
  0.9640389 0.006741969
  0.9591024 0.007657836
  0.9538843 0.008639704
  0.9483405 0.009627732
  0.942473 0.010664
  0.936285 0.01176129
  0.9297789 0.01290398
  0.9229675 0.01409093
  0.9158781 0.01532029
  0.9085446 0.01658545
  0.9010031 0.01788059
  0.89329 0.01920045
  0.8854376 0.02053982
  0.8774742 0.02189304
  0.8694239 0.02325518
  0.8613064 0.02462235
  0.8531382 0.02599135
  0.844933 0.0273594
  0.8367017 0.02872416
  0.8284526 0.03008373
  0.820192 0.03143663
  0.8119251 0.03278164
  0.8036561 0.03411762
  0.7953886 0.03544355
  0.7871249 0.03675851
  0.7788672 0.03806167
  0.7706168 0.03935225
  0.7623748 0.04062952
  0.7541418 0.04189285
  0.745918 0.04314168
  0.7377033 0.04437551
  0.7294978 0.04559385
  0.7213013 0.04679619
  0.713113 0.04798206
  0.7049316 0.04915117
  0.6967556 0.05030344
  0.6885838 0.05143882
  0.680415 0.05255737
  0.6722483 0.05365916
  0.6640833 0.05474422
  0.6559194 0.05581256
  0.6477563 0.05686417
  0.6395938 0.05789903
  0.6314317 0.05891708
  0.6232697 0.05991829
  0.6151077 0.0609026
  0.6069453 0.06186997
  0.5987823 0.0628204
  0.5906185 0.06375388
  0.5824535 0.06467044
  0.5742873 0.06557011
  0.5661198 0.06645291
  0.5579511 0.06731884
  0.5497813 0.06816788
  0.5416102 0.06900003
  0.5334381 0.0698153
  0.5252651 0.07061367
  0.5170914 0.07139508
  0.5089173 0.07215949
  0.5007428 0.07290685
  0.4925682 0.07363715
  0.4843939 0.07435031
  0.47622 0.07504626
  0.4680471 0.07572487
  0.4598754 0.07638604
  0.4517051 0.07702966
  0.4435364 0.07765565
  0.4353696 0.07826397
  0.4272053 0.07885453
  0.4190442 0.07942724
  0.4108872 0.07998196
  0.4027351 0.08051856
  0.3945892 0.08103685
  0.3864512 0.08153661
  0.3783228 0.08201739
  0.3702056 0.08247871
  0.362101 0.08292008
  0.3540102 0.08334102
  0.3459345 0.08374108
  0.3378754 0.08411992
  0.3298355 0.08447718
  0.321818 0.08481243
  0.313826 0.08512516
  0.3058627 0.08541497
  0.2979329 0.08568169
  0.2900449 0.08592516
  0.2822093 0.08614403
  0.2744344 0.08633584
  0.266726 0.08649788
  0.2590883 0.08662731
  0.2515235 0.08672142
  0.2440314 0.08677772
  0.2366107 0.08679445
  0.229263 0.08677045
  0.2219906 0.08670329
  0.2147907 0.08658955
  0.2076563 0.08642796
  0.2005842 0.08621967
  0.1935767 0.08596602
  0.1866395 0.08566847
  0.1797805 0.08532867
  0.1730093 0.08494848
  0.1663369 0.08453021
  0.1597777 0.08407746
  0.1533517 0.08359436
  0.14708 0.0830821
  0.1409797 0.08254023
  0.1350623 0.08196806
  0.1293344 0.08136395
  0.1237978 0.08072687
  0.1184524 0.08005705
  0.1132979 0.07935584
  0.1083341 0.07862514
  0.1035601 0.07786638
  0.09897344 0.0770809
  0.0945703 0.07626898
  0.09034475 0.07543049
  0.08628969 0.07456643
  0.08239868 0.07367919
  0.07866621 0.07277107
  0.07508738 0.07184246
  0.07165671 0.07089329
  0.06836842 0.06992332
  0.06521688 0.06893056
  0.06219548 0.06791296
  0.05929703 0.06686889
  0.05651483 0.06579784
  0.05384298 0.06469994
  0.05127626 0.06357536
  0.04881036 0.06242372
  0.04644115 0.06124442
  0.04416462 0.06003746
  0.04197701 0.0588034
  0.03987472 0.05754287
  0.03785408 0.05625748
  0.03591179 0.05494957
  0.03404519 0.05362147
  0.03225196 0.05227551
  0.03052984 0.05091373
  0.02887641 0.04953779
  0.02728862 0.04814976
  0.02576192 0.04675392
  0.02429243 0.04535525
  0.02287715 0.04395884
  0.02151404 0.04256927
  0.02020282 0.04118835
  0.01894317 0.03981678
  0.01773442 0.03845501
  0.01657611 0.0371035
  0.0154677 0.03576266
  0.01440845 0.03443284
  0.01339749 0.0331143
  0.01243383 0.03180726
  0.01151631 0.03051194
  0.01064368 0.02922869
  0.009814604 0.02795776
  0.009027768 0.02669935
  0.008281916 0.02545369
  0.007575826 0.02422099
  0.006908286 0.02300141
  0.006278163 0.02179512
  0.005684463 0.02060221
  0.005126186 0.01942273
  0.00460232 0.01825665
  0.004111843 0.01710392
  0.003653634 0.01596463
  0.003226543 0.01483902
  0.002829479 0.01372732
  0.002461393 0.01262978
  0.002121265 0.01154661
  0.001807844 0.01047798
  0.001519646 0.009423898
  0.001255231 0.008384196
  0.001013233 0.0073586
  0.0007926642 0.006346727
  0.0005948943 0.005348223
  0.0004222342 0.004363103
  0.0002767485 0.003391773
  0.0001602018 0.00243492
  7.394268e-05 0.001493397
  1.858186e-05 0.0005666854
  -5.448879e-06 -0.0003493761
  2.211919e-06 -0.001261393
  4.189425e-05 -0.002174346
  0.0001144121 -0.003090079
  0.0002208491 -0.004008131
  0.0003624238 -0.004927497
  0.0005404342 -0.005846954
  0.0007562269 -0.006765041
  0.001011069 -0.007680003
  0.001306144 -0.008589927
  0.001642723 -0.009492912
  0.002022198 -0.01038707
  0.002446093 -0.01127027
  0.002916048 -0.01214009
  0.003433826 -0.01299391
  0.004001342 -0.01382884
  0.004621321 -0.01463944
  0.005297627 -0.01541757
  0.006034913 -0.01615461
  0.006837698 -0.01684278
  0.007702963 -0.01748351
  0.008623423 -0.0180823
  0.009591775 -0.0186441
  0.01060577 -0.01917135
  0.0116647 -0.01966601
  0.01276819 -0.02013021
  0.01391703 -0.02056591
  0.01511223 -0.02097516
  0.01635461 -0.02136035
  0.01764461 -0.02172428
  0.01898262 -0.02207057
  0.02037025 -0.02240471
  0.02180914 -0.02273359
  0.02330117 -0.02306185
  0.02484929 -0.02338868
  0.02645693 -0.02371253
  0.02812812 -0.02403167
  0.02986751 -0.02434462
  0.03168031 -0.02465039
  0.03357227 -0.02494787
  0.03554983 -0.02523621
  0.03761996 -0.02551582
  0.03979029 -0.02578766
  0.04206921 -0.02605304
  0.04446594 -0.02631355
  0.04699022 -0.02657125
  0.04965256 -0.02682674
  0.05246466 -0.02707912
  0.05543959 -0.02732768
  0.05859157 -0.02757217
  0.06193575 -0.02781253
  0.06548822 -0.02804869
  0.06926573 -0.02828073
  0.07328553 -0.02850893
  0.07756503 -0.02873293
  0.08212098 -0.0289522
  0.08696897 -0.02916616
  0.09212254 -0.02937415
  0.09759244 -0.0295758
  0.1033846 -0.02977097
  0.1094999 -0.02995813
  0.1159365 -0.03013524
  0.1226888 -0.03030422
  0.1297434 -0.03046927
  0.1370779 -0.03063455
  0.1446615 -0.03080411
  0.1524582 -0.03097898
  0.1604326 -0.03115753
  0.1685531 -0.03133893
  0.1767906 -0.03152294
  0.1851193 -0.03170908
  0.193517 -0.0318968
  0.2019649 -0.03208559
  0.2104473 -0.03227499
  0.2189502 -0.0324647
  0.2274611 -0.03265457
  0.2359676 -0.03284454
  0.2444575 -0.03303368
  0.2529204 -0.03322111
  0.2613448 -0.03340973
  0.2697172 -0.03359932
  0.2780389 -0.03377611
  0.2863338 -0.03393105
  0.29462 -0.03406734
  0.3028989 -0.03418716
  0.3111703 -0.03429035
  0.319438 -0.03437682
  0.3277067 -0.03444704
  0.3359787 -0.03450152
  0.3442544 -0.03454065
  0.3525341 -0.03456467
  0.3608187 -0.03457385
  0.3691086 -0.03456852
  0.3774042 -0.034549
  0.3857051 -0.03451561
  0.3940108 -0.0344686
  0.4023206 -0.03440821
  0.4106339 -0.03433454
  0.4189502 -0.03424769
  0.4272689 -0.03414772
  0.4355896 -0.0340347
  0.443912 -0.03390866
  0.4522357 -0.03376962
  0.4605606 -0.03361759
  0.4688867 -0.03345263
  0.4772137 -0.03327478
  0.4855417 -0.03308413
  0.4938701 -0.03288078
  0.5021986 -0.0326648
  0.5105266 -0.03243615
  0.5188537 -0.0321948
  0.5271799 -0.03194072
  0.5355049 -0.03167386
  0.5438285 -0.03139417
  0.5521506 -0.03110158
  0.5604712 -0.03079599
  0.5687905 -0.03047732
  0.5771086 -0.0301455
  0.5854257 -0.02980044
  0.5937424 -0.02944205
  0.6020592 -0.02907026
  0.6103768 -0.02868506
  0.618696 -0.02828647
  0.6270174 -0.02787458
  0.6353417 -0.02744953
  0.643669 -0.02701147
  0.6519999 -0.02656053
  0.6603346 -0.02609681
  0.6686737 -0.02562049
  0.6770174 -0.02513172
  0.6853659 -0.02463066
  0.6937196 -0.02411735
  0.7020796 -0.02359185
  0.7104468 -0.0230544
  0.7188222 -0.0225053
  0.7272064 -0.02194492
  0.7355998 -0.02137373
  0.7440023 -0.02079217
  0.752414 -0.0202007
  0.7608344 -0.01959979
  0.769263 -0.01898993
  0.7776992 -0.01837162
  0.7861418 -0.01774543
  0.7945893 -0.01711201
  0.8030392 -0.01647204
  0.8114885 -0.01582617
  0.8199331 -0.01517508
  0.8283685 -0.01451954
  0.8367884 -0.01386042
  0.8451852 -0.01319874
  0.8535487 -0.01253571
  0.8618661 -0.0118728
  0.8701215 -0.01121163
  0.8782953 -0.0105541
  0.8863645 -0.009902536
  0.8943016 -0.009259893
  0.902075 -0.008629203
  0.9096494 -0.00801255
  0.9169859 -0.007411995
  0.9240475 -0.006830211
  0.9308016 -0.006270125
  0.9372258 -0.005729046
  0.9433125 -0.005209855
  0.9490647 -0.004727794
  0.9544879 -0.00425754
  0.9595897 -0.003762168
  0.9644202 -0.003328463
  0.9690989 -0.00307128
  0.9737445 -0.002953214
  0.9783942 -0.002848636
  0.9830175 -0.002706359
  0.9875752 -0.002557002
  0.9920361 -0.002420485
  0.9963692 -0.002292349
  1.0 -0.002184
