NASA SC(2)-1006 AIRFOIL
  1.0 -0.0443
  0.9970345 -0.04335687
  0.993038 -0.04211767
  0.9883372 -0.04070645
  0.9830619 -0.03917356
  0.9775028 -0.0375929
  0.9718229 -0.03600357
  0.9660838 -0.03443016
  0.9603114 -0.03288251
  0.9545126 -0.03136158
  0.9487004 -0.0298689
  0.9429069 -0.02841425
  0.9371221 -0.02700388
  0.9313 -0.02561135
  0.9254605 -0.02420695
  0.9196528 -0.02281789
  0.9138696 -0.02147395
  0.9080752 -0.02017266
  0.9022433 -0.01889289
  0.8964133 -0.01760609
  0.8906402 -0.01633799
  0.884868 -0.01511581
  0.8790371 -0.01389777
  0.8732015 -0.01266724
  0.8673867 -0.01146549
  0.8615393 -0.01030068
  0.8556548 -0.009162619
  0.8497702 -0.00805751
  0.8438788 -0.006986807
  0.837978 -0.005947325
  0.8321033 -0.004947367
  0.8262373 -0.00399265
  0.8203323 -0.00305313
  0.8144282 -0.002103289
  0.8085604 -0.001176611
  0.8026693 -0.000290018
  0.7967467 0.0005674539
  0.7908582 0.001384753
  0.7849811 0.002156541
  0.7790756 0.00292085
  0.7732069 0.003690912
  0.7673859 0.004420664
  0.7615277 0.005117624
  0.7556496 0.005827409
  0.7498203 0.006520633
  0.7439802 0.007167141
  0.7380834 0.007812011
  0.7322023 0.00846376
  0.7263283 0.009076754
  0.7203655 0.009664135
  0.7143167 0.010264
  0.7082738 0.01087594
  0.7023132 0.01147641
  0.6963964 0.0120325
  0.6904153 0.01256317
  0.6843599 0.01310631
  0.6782833 0.0136542
  0.6722134 0.01419915
  0.6661958 0.01474854
  0.6602605 0.01527777
  0.6543231 0.01576195
  0.6482977 0.01623377
  0.642223 0.01671921
  0.6361921 0.01721173
  0.6302487 0.01768133
  0.6243105 0.01810511
  0.6182897 0.01851829
  0.6122136 0.0189446
  0.6061287 0.01936982
  0.6000638 0.01979546
  0.5940729 0.02022329
  0.5881508 0.02061744
  0.5821895 0.02097217
  0.5761414 0.02132969
  0.5700565 0.02169661
  0.5639708 0.02205996
  0.5579211 0.02242806
  0.5519562 0.0227893
  0.5460253 0.0231073
  0.5400182 0.02339911
  0.5339247 0.02370182
  0.527795 0.02401103
  0.5216569 0.02431779
  0.5155282 0.02462146
  0.5094397 0.02492885
  0.5034403 0.02523645
  0.4975046 0.02550748
  0.4915173 0.02574177
  0.4854368 0.02598018
  0.4793092 0.02622792
  0.4731687 0.02647424
  0.4670336 0.02671714
  0.4609289 0.02696176
  0.4549045 0.02721192
  0.4489642 0.02743533
  0.4430038 0.02761484
  0.4369566 0.02778947
  0.4308652 0.02797396
  0.4247702 0.02815527
  0.4187044 0.02834081
  0.4127208 0.02852621
  0.406786 0.02867269
  0.4007864 0.02878547
  0.3946951 0.02890389
  0.3885617 0.02902933
  0.3824175 0.02915249
  0.3762809 0.02927252
  0.3701796 0.02939617
  0.3641642 0.02952524
  0.3582256 0.02962403
  0.3522533 0.0296811
  0.3461952 0.02973624
  0.3400999 0.029799
  0.3340045 0.02985815
  0.3279455 0.02992384
  0.3219733 0.02998701
  0.3160399 0.03000841
  0.3100366 0.03000005
  0.3039582 0.0299988
  0.2978594 0.02999957
  0.2917689 0.02999854
  0.2857346 0.0300068
  0.2797826 0.0299989
  0.2738228 0.02994533
  0.2677734 0.0298748
  0.2616792 0.02981445
  0.2556338 0.02976403
  0.2496732 0.02969501
  0.2437066 0.0295809
  0.2376529 0.02945007
  0.2315581 0.02932897
  0.225515 0.0292181
  0.2195564 0.02908875
  0.2135901 0.02891435
  0.2075385 0.02872295
  0.2014539 0.0285414
  0.1954347 0.02837167
  0.1895187 0.02818272
  0.1836213 0.02794845
  0.1776941 0.02771
  0.1718111 0.02747859
  0.1659621 0.02720524
  0.1600669 0.02690335
  0.1541707 0.02661561
  0.1483259 0.02630537
  0.1424568 0.02594973
  0.1365486 0.02559669
  0.1306821 0.02524382
  0.1248238 0.02484433
  0.1189018 0.02442317
  0.112968 0.02401272
  0.1070606 0.0235776
  0.1011288 0.02309584
  0.09516434 0.02257654
  0.08920534 0.02202433
  0.0832641 0.02143796
  0.07732458 0.02081456
  0.07137083 0.02015564
  0.06545773 0.01947283
  0.05965947 0.01875604
  0.05395417 0.01798042
  0.04826493 0.01713448
  0.04253818 0.01621962
  0.0369272 0.01528151
  0.03168788 0.01433347
  0.02681636 0.01332351
  0.0222428 0.01225649
  0.01808354 0.01120834
  0.01451692 0.01021671
  0.01162663 0.009290345
  0.009319105 0.0084349
  0.007449169 0.007639355
  0.005910608 0.00689201
  0.004622087 0.006182817
  0.00353523 0.005490973
  0.002629673 0.004791927
  0.001885571 0.004079763
  0.001284828 0.003364258
  0.000814303 0.002663524
  0.0004590651 0.001982404
  0.0002078895 0.00131897
  5.49096e-05 0.0006686324
  8.118603e-08 2.529958e-05
  4.71171e-05 -0.0006186566
  0.0001934212 -0.001271071
  0.0004395223 -0.001938452
  0.000792136 -0.002625966
  0.001263898 -0.003336264
  0.001871828 -0.00406502
  0.002630874 -0.004792958
  0.003559236 -0.005507686
  0.004674742 -0.006213628
  0.00599553 -0.006935868
  0.007572784 -0.007695447
  0.009493068 -0.008503753
  0.01186945 -0.009373691
  0.01485815 -0.01031745
  0.01852538 -0.0113233
  0.02275611 -0.01238154
  0.02736287 -0.01344465
  0.03226767 -0.01444288
  0.03758598 -0.01539139
  0.04322513 -0.01633943
  0.04879114 -0.01722222
  0.05432293 -0.01798866
  0.06007845 -0.01870971
  0.06591602 -0.0194271
  0.0716487 -0.02007844
  0.07745657 -0.02065947
  0.08341321 -0.02121742
  0.08934755 -0.02174481
  0.09525125 -0.02222516
  0.1012044 -0.02269662
  0.1071609 -0.02317769
  0.1130823 -0.02362968
  0.1190098 -0.02403635
  0.1249931 -0.02440587
  0.1310497 -0.02476168
  0.1371365 -0.02512494
  0.1431721 -0.02549656
  0.1491038 -0.02585038
  0.1549986 -0.02615565
  0.1609342 -0.02644707
  0.1668568 -0.02674957
  0.1727534 -0.02701899
  0.1787237 -0.02725146
  0.1847895 -0.02748723
  0.1908663 -0.02773622
  0.1968678 -0.02798326
  0.2028123 -0.02819256
  0.2088121 -0.02836652
  0.2148928 -0.02854263
  0.2209748 -0.028731
  0.2269773 -0.02891774
  0.2329235 -0.0290668
  0.2389262 -0.02918047
  0.2450084 -0.02929595
  0.2510884 -0.02942378
  0.2570856 -0.02955023
  0.2630247 -0.0296382
  0.269018 -0.02969158
  0.2750908 -0.02974942
  0.2811893 -0.02981173
  0.2872826 -0.02987103
  0.2933277 -0.02993879
  0.2992864 -0.02999598
  0.3052332 -0.03000777
  0.3112683 -0.02999861
  0.3173805 -0.02999865
  0.3235211 -0.03000104
  0.3296661 -0.03000015
  0.3357969 -0.0299976
  0.3418771 -0.03000312
  0.3478625 -0.03000711
  0.3538042 -0.02997045
  0.3598164 -0.02990209
  0.3659153 -0.02983901
  0.3720545 -0.02977995
  0.3782155 -0.02971805
  0.3843912 -0.02965593
  0.3905738 -0.02959428
  0.3967593 -0.02953244
  0.4029463 -0.02947052
  0.4091337 -0.02940866
  0.4153201 -0.02934685
  0.4215043 -0.0292849
  0.427684 -0.029223
  0.4338532 -0.02916199
  0.440002 -0.02909998
  0.4461202 -0.02903626
  0.4521728 -0.02898232
  0.4581091 -0.02892627
  0.4639683 -0.02882625
  0.4698272 -0.02870333
  0.4756367 -0.02859878
  0.4813113 -0.02846148
  0.4868534 -0.02828133
  0.4923401 -0.02816356
  0.497887 -0.02812012
  0.5035794 -0.02804209
  0.5094468 -0.02791236
  0.5154586 -0.02778761
  0.5215525 -0.02766962
  0.527691 -0.02754663
  0.5338549 -0.02742264
  0.5400313 -0.02729938
  0.5462135 -0.02717578
  0.5523987 -0.02705201
  0.5585853 -0.02692829
  0.5647726 -0.02680455
  0.5709601 -0.0266808
  0.5771478 -0.02655704
  0.5833355 -0.02643329
  0.5895233 -0.02630953
  0.595711 -0.02618578
  0.6018988 -0.02606202
  0.6080866 -0.02593827
  0.6142744 -0.02581451
  0.6204622 -0.02569076
  0.6266499 -0.025567
  0.6328377 -0.02544325
  0.6390255 -0.02531949
  0.6452132 -0.02519574
  0.6514009 -0.02507198
  0.6575885 -0.02494823
  0.6637758 -0.02482449
  0.6699627 -0.02470075
  0.6761483 -0.02457699
  0.6823317 -0.02445344
  0.6885109 -0.02432989
  0.6946797 -0.02420586
  0.7008299 -0.02408374
  0.706953 -0.02396316
  0.7130142 -0.02383455
  0.7189792 -0.02371615
  0.724921 -0.02364294
  0.730941 -0.02359155
  0.7370264 -0.02353052
  0.7431257 -0.02346955
  0.7492113 -0.0234087
  0.7552312 -0.02333988
  0.7611756 -0.02329509
  0.7671475 -0.02329449
  0.7732078 -0.02330382
  0.7792911 -0.02330118
  0.7852994 -0.02329066
  0.7912107 -0.02330789
  0.7971182 -0.02336866
  0.8030525 -0.02342718
  0.8089393 -0.0234852
  0.8148101 -0.02358918
  0.8207429 -0.02371492
  0.8266905 -0.02382882
  0.8326112 -0.02396644
  0.8385565 -0.02414985
  0.8445366 -0.02436972
  0.8505129 -0.02462316
  0.8564807 -0.02491247
  0.8624513 -0.02523793
  0.8684244 -0.02559893
  0.8743888 -0.02599448
  0.8803409 -0.02642573
  0.886307 -0.02689471
  0.892266 -0.02739219
  0.8981223 -0.0279182
  0.9038822 -0.02850149
  0.909634 -0.0291561
  0.9153948 -0.02987691
  0.9211397 -0.03066078
  0.9268711 -0.03150908
  0.9325971 -0.03242232
  0.9383153 -0.03339961
  0.9440227 -0.03444024
  0.9497192 -0.03554391
  0.9554048 -0.03671029
  0.9610762 -0.03793785
  0.9667228 -0.0392238
  0.9723299 -0.04056535
  0.9778751 -0.04195339
  0.9833017 -0.04336535
  0.9884555 -0.04476579
  0.9930748 -0.04608741
  0.9970381 -0.04727699
  1.0 -0.0482
