  SD7090 (10%)
  1.0 0.0
  0.9966614 0.0004830073
  0.9924635 0.001159484
  0.9878687 0.001966283
  0.9828816 0.002887217
  0.9775467 0.003898191
  0.9719393 0.004966714
  0.9661385 0.00605496
  0.9602106 0.00713885
  0.954204 0.008203213
  0.9481386 0.009238475
  0.9420077 0.01024445
  0.9358013 0.01122745
  0.9295171 0.01219325
  0.9231617 0.01314659
  0.9167501 0.01408972
  0.9102982 0.01502228
  0.9038187 0.01594438
  0.8973203 0.01685681
  0.8908074 0.01776096
  0.8842814 0.01865791
  0.8777432 0.01954819
  0.8711941 0.02043232
  0.8646355 0.02131075
  0.8580696 0.02218393
  0.8514982 0.02305201
  0.8449234 0.02391485
  0.8383463 0.02477232
  0.8317678 0.02562437
  0.8251882 0.02647103
  0.8186074 0.02731238
  0.8120247 0.0281486
  0.8054397 0.02897989
  0.7988523 0.02980646
  0.7922624 0.03062844
  0.7856704 0.03144597
  0.7790767 0.03225914
  0.7724821 0.03306796
  0.7658873 0.03387225
  0.7592928 0.03467184
  0.7526991 0.03546655
  0.7461063 0.03625626
  0.7395144 0.03704084
  0.7329232 0.03782021
  0.7263323 0.0385943
  0.7197415 0.03936306
  0.7131507 0.04012643
  0.70656 0.04088431
  0.6999695 0.0416366
  0.6933797 0.04238318
  0.6867911 0.0431239
  0.6802044 0.04385855
  0.6736203 0.04458671
  0.6670392 0.04530796
  0.6604613 0.04602191
  0.6538868 0.04672819
  0.6473154 0.04742643
  0.6407469 0.04811632
  0.6341808 0.04879754
  0.6276165 0.04946995
  0.6210534 0.05013346
  0.6144913 0.05078796
  0.6079297 0.05143336
  0.6013685 0.05206952
  0.5948075 0.05269633
  0.5882469 0.05331363
  0.5816867 0.05392129
  0.5751271 0.05451912
  0.5685682 0.05510697
  0.56201 0.05568467
  0.5554528 0.05625207
  0.5488965 0.05680902
  0.5423411 0.05735535
  0.5357868 0.05789091
  0.5292335 0.05841556
  0.5226812 0.0589291
  0.5161299 0.05943138
  0.5095797 0.05992221
  0.5030306 0.06040141
  0.4964827 0.06086881
  0.489936 0.06132424
  0.4833906 0.06176751
  0.4768467 0.06219841
  0.4703042 0.0626167
  0.4637635 0.06302214
  0.4572245 0.06341449
  0.4506874 0.06379351
  0.4441524 0.06415896
  0.4376197 0.0645106
  0.4310893 0.06484819
  0.4245615 0.06517144
  0.4180364 0.06548005
  0.4115141 0.06577372
  0.4049945 0.06605215
  0.3984778 0.06631505
  0.3919637 0.06656212
  0.3854524 0.06679308
  0.3789435 0.06700764
  0.3724372 0.0672055
  0.3659334 0.06738637
  0.3594323 0.06754994
  0.3529344 0.06769593
  0.3464399 0.06782403
  0.3399496 0.06793394
  0.3334641 0.06802536
  0.3269841 0.06809777
  0.3205102 0.06815056
  0.3140428 0.06818317
  0.3075823 0.06819503
  0.3011289 0.06818556
  0.2946826 0.06815421
  0.2882432 0.06810043
  0.2818108 0.06802361
  0.2753854 0.06792316
  0.2689674 0.06779847
  0.2625572 0.06764897
  0.2561556 0.06747408
  0.2497636 0.06727327
  0.2433822 0.06704595
  0.2370127 0.06679126
  0.2306562 0.06650822
  0.2243136 0.06619584
  0.2179854 0.0658532
  0.2116722 0.06547933
  0.2053742 0.06507331
  0.1990916 0.06463414
  0.192825 0.06416074
  0.1865753 0.06365207
  0.1803437 0.06310717
  0.1741317 0.06252513
  0.1679415 0.06190516
  0.1617751 0.06124623
  0.1556353 0.06054682
  0.1495247 0.05980545
  0.143446 0.05902075
  0.1374016 0.05819146
  0.1313943 0.05731641
  0.1254271 0.05639395
  0.1195042 0.0554221
  0.1136305 0.05439929
  0.1078117 0.05332435
  0.102054 0.0521966
  0.09636459 0.05101515
  0.0907517 0.04977846
  0.08522415 0.04848563
  0.07979082 0.04713649
  0.07446035 0.04573165
  0.06924297 0.04427162
  0.06415582 0.04275802
  0.05922169 0.04119611
  0.05446514 0.03959435
  0.04990903 0.03796328
  0.04557473 0.03631271
  0.04147954 0.03465251
  0.03763309 0.0329929
  0.03403697 0.03134329
  0.030687 0.02971115
  0.02758455 0.02810373
  0.0247356 0.02653305
  0.02214032 0.02501182
  0.01978942 0.02354958
  0.01766591 0.02215137
  0.01575152 0.02081676
  0.01402592 0.01954098
  0.01246729 0.01831782
  0.0110553 0.01714111
  0.009772073 0.0160052
  0.008602304 0.01490515
  0.007533123 0.01383652
  0.006555439 0.01279433
  0.005663386 0.01177546
  0.00485222 0.01077899
  0.004117372 0.009805134
  0.003454066 0.008854517
  0.002857244 0.007927768
  0.002321676 0.007025297
  0.001842134 0.00614722
  0.001416466 0.005294729
  0.001046656 0.004469699
  0.0007331462 0.003671622
  0.0004754535 0.00289853
  0.0002729941 0.002147768
  0.0001255499 0.001416388
  3.356814e-05 0.0007013143
  -1.597584e-06 -6.208369e-07
  2.258076e-05 -0.0006927261
  0.0001098372 -0.001378568
  0.0002607226 -0.002061829
  0.0004736174 -0.002745719
  0.0007482494 -0.003432937
  0.001085571 -0.004125739
  0.001487594 -0.004825896
  0.001957199 -0.005534505
  0.002497791 -0.006251591
  0.003112576 -0.006975332
  0.003803278 -0.007700922
  0.004573381 -0.008423757
  0.005430155 -0.009142061
  0.006380842 -0.009854311
  0.007431995 -0.0105594
  0.008588933 -0.01125714
  0.009855288 -0.01194907
  0.0112329 -0.01263949
  0.01272247 -0.01333707
  0.01432889 -0.01405122
  0.0160667 -0.01478347
  0.01795385 -0.01553381
  0.02001139 -0.01630182
  0.02226429 -0.0170866
  0.02474073 -0.01788611
  0.02747063 -0.01869649
  0.03048443 -0.01951287
  0.03380902 -0.02032988
  0.03746323 -0.02114149
  0.04145334 -0.0219425
  0.04577139 -0.02273111
  0.05040265 -0.02350742
  0.05532733 -0.02426325
  0.06051136 -0.02498938
  0.0659122 -0.02567914
  0.07149103 -0.02633003
  0.07722173 -0.02694149
  0.08308226 -0.02751222
  0.08905049 -0.02804211
  0.09510608 -0.02853242
  0.1012323 -0.02898559
  0.107417 -0.02940336
  0.11365 -0.02978666
  0.1199228 -0.03013676
  0.1262284 -0.03045533
  0.132562 -0.03074431
  0.1389207 -0.03100552
  0.1453024 -0.03124022
  0.1517052 -0.03144969
  0.1581273 -0.03163524
  0.1645671 -0.03179825
  0.1710229 -0.03194015
  0.1774934 -0.0320621
  0.1839773 -0.03216498
  0.1904733 -0.03224963
  0.1969804 -0.03231697
  0.2034972 -0.03236791
  0.2100228 -0.03240338
  0.2165562 -0.03242422
  0.2230964 -0.03243096
  0.2296429 -0.03242407
  0.236195 -0.03240405
  0.2427527 -0.03237137
  0.2493157 -0.03232654
  0.2558843 -0.03227004
  0.2624586 -0.03220239
  0.2690391 -0.03212409
  0.2756256 -0.03203567
  0.2822182 -0.03193765
  0.2888164 -0.03183058
  0.2954197 -0.03171499
  0.3020274 -0.03159144
  0.3086386 -0.03146038
  0.3152525 -0.031322
  0.3218683 -0.03117643
  0.3284855 -0.03102382
  0.3351037 -0.03086429
  0.3417228 -0.03069799
  0.3483427 -0.03052505
  0.3549638 -0.03034558
  0.3615861 -0.03015974
  0.3682101 -0.02996771
  0.3748358 -0.02976965
  0.3814635 -0.02956574
  0.388093 -0.02935616
  0.3947244 -0.02914109
  0.4013575 -0.02892072
  0.4079921 -0.02869521
  0.4146281 -0.02846468
  0.421265 -0.02822922
  0.4279028 -0.02798891
  0.4345413 -0.02774383
  0.4411803 -0.02749408
  0.4478198 -0.02723973
  0.4544594 -0.02698088
  0.4610993 -0.02671758
  0.4677394 -0.0264499
  0.4743795 -0.02617784
  0.4810197 -0.02590144
  0.4876601 -0.02562072
  0.4943005 -0.02533571
  0.500941 -0.02504643
  0.5075818 -0.02475289
  0.5142228 -0.02445513
  0.5208642 -0.02415319
  0.5275061 -0.0238471
  0.5341483 -0.02353693
  0.5407909 -0.02322273
  0.5474339 -0.02290453
  0.5540772 -0.02258241
  0.5607206 -0.02225641
  0.5673639 -0.02192659
  0.5740071 -0.02159295
  0.58065 -0.02125548
  0.5872925 -0.02091419
  0.5939346 -0.02056904
  0.6005765 -0.02022002
  0.607218 -0.01986711
  0.6138595 -0.01951029
  0.6205012 -0.01914955
  0.6271431 -0.01878498
  0.6337857 -0.01841671
  0.6404292 -0.01804484
  0.6470739 -0.01766949
  0.6537201 -0.01729078
  0.6603681 -0.01690883
  0.6670184 -0.01652374
  0.6736712 -0.01613572
  0.6803269 -0.0157452
  0.6869855 -0.01535267
  0.6936472 -0.01495861
  0.7003116 -0.01456353
  0.7069786 -0.01416794
  0.7136475 -0.01377238
  0.7203176 -0.01337735
  0.7269884 -0.0129832
  0.7336589 -0.01259009
  0.7403285 -0.01219822
  0.7469968 -0.01180775
  0.7536631 -0.01141885
  0.7603271 -0.01103167
  0.7669885 -0.01064638
  0.773647 -0.01026321
  0.7803026 -0.009882421
  0.7869552 -0.009504316
  0.793605 -0.009129165
  0.8002522 -0.008757237
  0.8068972 -0.008388795
  0.8135404 -0.008024083
  0.8201822 -0.007663252
  0.8268231 -0.007306407
  0.833463 -0.006953667
  0.8401019 -0.006605161
  0.8467393 -0.00626103
  0.8533747 -0.005921424
  0.8600075 -0.005586557
  0.8666374 -0.005256679
  0.8732646 -0.004932019
  0.8798899 -0.004612782
  0.8865145 -0.004299149
  0.8931401 -0.003991191
  0.8997681 -0.00368842
  0.9063989 -0.003390197
  0.9130314 -0.003095939
  0.9196635 -0.002805111
  0.9262917 -0.002517183
  0.9329092 -0.002231509
  0.9395046 -0.001947578
  0.946062 -0.001665091
  0.9525612 -0.001384328
  0.9589713 -0.001108961
  0.9652426 -0.0008445898
  0.9713139 -0.000596705
  0.977122 -0.0003741662
  0.9825998 -0.0001906964
  0.9876921 -5.486429e-05
  0.9923707 2.501987e-05
  0.9966333 3.940748e-05
  1.00001 0.0
