SG6042
  1.0 0.0
  0.9969935 0.0007600883
  0.9932107 0.001820732
  0.989003 0.003054141
  0.9843688 0.004435524
  0.9793561 0.005940364
  0.9740356 0.007534066
  0.968493 0.009174476
  0.9628037 0.0108249
  0.9570175 0.01245925
  0.9511482 0.01406512
  0.9451916 0.01564353
  0.93914 0.01719774
  0.9329845 0.01873323
  0.9267231 0.02025724
  0.9203665 0.02177503
  0.9139382 0.02328735
  0.9074623 0.02479
  0.9009553 0.02628014
  0.8944251 0.02775706
  0.8878735 0.02922119
  0.8813016 0.03067299
  0.8747107 0.03211292
  0.8681024 0.03354136
  0.861479 0.03495846
  0.8548441 0.03636414
  0.8482025 0.03775808
  0.8415599 0.03913943
  0.8349205 0.04050665
  0.8282862 0.04185859
  0.8216557 0.04319471
  0.8150256 0.04451508
  0.808392 0.04582057
  0.8017532 0.0471119
  0.7951101 0.04838923
  0.7884662 0.04965229
  0.7818265 0.05089977
  0.7751958 0.05212961
  0.7685776 0.05333997
  0.7619743 0.05452928
  0.7553868 0.05569622
  0.7488151 0.05683971
  0.7422573 0.05795892
  0.7357101 0.0590533
  0.7291686 0.06012253
  0.7226261 0.06116662
  0.7160762 0.06218687
  0.7095145 0.06318485
  0.7029388 0.06416174
  0.6963496 0.06511835
  0.6897496 0.06605508
  0.6831431 0.06697153
  0.6765337 0.06786702
  0.6699237 0.06874101
  0.6633145 0.06959318
  0.6567062 0.07042334
  0.6500982 0.07123147
  0.6434895 0.07201768
  0.6368787 0.07278205
  0.6302647 0.07352467
  0.6236461 0.07424562
  0.6170213 0.0749451
  0.6103892 0.07562358
  0.6037494 0.07628154
  0.5971021 0.07691937
  0.5904483 0.07753741
  0.5837895 0.0781359
  0.5771277 0.07871471
  0.5704647 0.07927354
  0.5638017 0.07981211
  0.5571398 0.08033021
  0.5504795 0.08082766
  0.543821 0.08130431
  0.5371641 0.08176006
  0.5305082 0.08219483
  0.5238523 0.08260855
  0.5171949 0.08300118
  0.5105343 0.08337269
  0.5038687 0.08372333
  0.4971974 0.08405345
  0.4905209 0.08436333
  0.4838408 0.08465321
  0.4771599 0.0849233
  0.470482 0.08517349
  0.46381 0.08540317
  0.4571453 0.08561171
  0.4504876 0.08579856
  0.443835 0.08596321
  0.4371838 0.08610523
  0.43053 0.08622484
  0.4238712 0.08632255
  0.4172062 0.08639882
  0.4105359 0.08645408
  0.4038628 0.08648875
  0.3971907 0.08650292
  0.3905232 0.08649606
  0.3838627 0.08646766
  0.3772105 0.0864172
  0.3705666 0.08634418
  0.36393 0.08624814
  0.3572993 0.08612882
  0.3506732 0.085986
  0.3440505 0.08581947
  0.3374305 0.08562899
  0.3308125 0.08541434
  0.3241964 0.08517541
  0.3175821 0.08491219
  0.3109705 0.08462468
  0.3043625 0.08431293
  0.2977599 0.08397701
  0.2911647 0.08361669
  0.2845787 0.08323145
  0.2780037 0.08282079
  0.2714412 0.08238419
  0.2648925 0.08192117
  0.2583587 0.08143115
  0.2518402 0.0809134
  0.2453363 0.08036715
  0.2388461 0.07979154
  0.2323673 0.07918565
  0.2258982 0.07854883
  0.2194383 0.07788079
  0.2129894 0.07718148
  0.2065554 0.07645109
  0.2001417 0.07568995
  0.1937541 0.07489738
  0.1873956 0.0740722
  0.1810663 0.07321295
  0.1747643 0.07231785
  0.1684856 0.07138531
  0.1622289 0.07041462
  0.1559964 0.06940565
  0.1497936 0.06835891
  0.1436293 0.06727506
  0.1375124 0.06615327
  0.1314491 0.0649923
  0.1254435 0.06379072
  0.1194976 0.06254694
  0.113613 0.0612595
  0.1077928 0.05992743
  0.1020409 0.05855022
  0.09636278 0.05712777
  0.09076799 0.05566071
  0.08527169 0.05415168
  0.07989286 0.05260545
  0.07465241 0.0510263
  0.0695684 0.04941589
  0.0646529 0.04777578
  0.05991282 0.04610767
  0.05535511 0.04441518
  0.0509919 0.04270572
  0.04683704 0.04098943
  0.04290299 0.03927688
  0.03920234 0.03757725
  0.03574428 0.03590057
  0.03253113 0.03425641
  0.0295591 0.03265118
  0.02682026 0.03108658
  0.02430144 0.02956296
  0.02198633 0.02807979
  0.01985775 0.02663619
  0.0179011 0.02523274
  0.01610397 0.023871
  0.01445458 0.0225524
  0.0129413 0.02127772
  0.01155301 0.02004658
  0.01028043 0.01885601
  0.009114432 0.01770248
  0.008045968 0.01658275
  0.00706643 0.01549383
  0.006167843 0.01443305
  0.005343958 0.01339825
  0.00459252 0.01238836
  0.003911634 0.01140265
  0.003298925 0.01044049
  0.002751679 0.009501263
  0.002266959 0.008584334
  0.001841687 0.007689064
  0.00147159 0.006814575
  0.001150817 0.005959306
  0.0008739776 0.005121229
  0.0006363882 0.004298102
  0.0004340431 0.003487613
  0.0002635557 0.00268745
  0.0001220865 0.001895335
  8.56337e-06 0.001109862
  -7.112729e-05 0.0003338165
  -0.0001092923 -0.0004293695
  -9.843435e-05 -0.001176963
  -3.080617e-05 -0.001906704
  0.0001020828 -0.002616609
  0.0003100698 -0.003304793
  0.0006031853 -0.003969794
  0.000981346 -0.004612878
  0.00144085 -0.005235595
  0.001978526 -0.00583842
  0.002591031 -0.006420637
  0.003273879 -0.006980081
  0.004020245 -0.00751282
  0.004826545 -0.008016072
  0.005696665 -0.008490771
  0.00663525 -0.00893904
  0.007647045 -0.009364387
  0.008736633 -0.009772296
  0.009907968 -0.01017106
  0.01116367 -0.01057276
  0.01250755 -0.01098605
  0.01394737 -0.01141002
  0.01549163 -0.01184218
  0.0171496 -0.012279
  0.01893205 -0.01271589
  0.02085296 -0.0131471
  0.02293238 -0.01356722
  0.02519629 -0.01397498
  0.0276757 -0.01437036
  0.03040631 -0.01475424
  0.03342578 -0.01512919
  0.03676655 -0.01549889
  0.04045039 -0.01585959
  0.04448394 -0.01620407
  0.04885945 -0.01652579
  0.05357053 -0.01682105
  0.05862067 -0.01708765
  0.0640015 -0.01732444
  0.06968415 -0.01753288
  0.07561984 -0.01771546
  0.08175017 -0.01787059
  0.08802196 -0.01799742
  0.09440099 -0.01809685
  0.1008748 -0.01817093
  0.1074344 -0.01822224
  0.1140671 -0.01825378
  0.1207561 -0.01826876
  0.1274832 -0.01826865
  0.1342347 -0.01825389
  0.1410026 -0.018225
  0.1477859 -0.01818256
  0.1545874 -0.01812754
  0.1614095 -0.01806127
  0.1682519 -0.0179851
  0.1751122 -0.01790045
  0.1819857 -0.01780844
  0.1888676 -0.01770945
  0.1957545 -0.01760377
  0.2026447 -0.01749167
  0.2095378 -0.01737343
  0.2164345 -0.0172493
  0.2233356 -0.01711958
  0.2302415 -0.01698459
  0.2371523 -0.01684464
  0.2440678 -0.01670003
  0.2509876 -0.01655103
  0.2579111 -0.0163979
  0.2648377 -0.01624085
  0.2717666 -0.01608014
  0.2786973 -0.01591601
  0.2856291 -0.0157486
  0.2925614 -0.01557796
  0.2994942 -0.0154041
  0.3064276 -0.01522707
  0.313362 -0.01504685
  0.3202982 -0.01486349
  0.3272369 -0.01467717
  0.3341782 -0.01448807
  0.341122 -0.01429641
  0.3480678 -0.01410241
  0.3550145 -0.0139063
  0.361961 -0.01370812
  0.368906 -0.01350775
  0.3758488 -0.01330502
  0.3827887 -0.01309977
  0.3897255 -0.01289186
  0.3966592 -0.01268109
  0.4035899 -0.01246726
  0.4105177 -0.01225015
  0.4174424 -0.01202954
  0.4243638 -0.01180521
  0.4312818 -0.01157696
  0.4381959 -0.01134457
  0.4451058 -0.01110778
  0.4520115 -0.01086629
  0.4589133 -0.01061984
  0.4658114 -0.0103681
  0.4727068 -0.01011078
  0.4796002 -0.009847659
  0.4864928 -0.009578715
  0.4933853 -0.009303973
  0.5002784 -0.009023457
  0.5071728 -0.008737195
  0.5140689 -0.008445216
  0.520967 -0.008147612
  0.5278674 -0.007844574
  0.5347705 -0.007536302
  0.5416764 -0.007223002
  0.5485852 -0.006904879
  0.5554972 -0.006582141
  0.5624124 -0.006255026
  0.5693309 -0.005923814
  0.5762531 -0.005588782
  0.5831789 -0.005250207
  0.5901088 -0.004908366
  0.5970431 -0.004563541
  0.6039819 -0.004216188
  0.6109252 -0.003866936
  0.6178724 -0.003516446
  0.6248223 -0.003165405
  0.6317734 -0.002814529
  0.6387236 -0.002464547
  0.6456707 -0.002116127
  0.6526128 -0.001769878
  0.6595483 -0.001426386
  0.6664763 -0.001086211
  0.6733959 -0.0007498901
  0.6803071 -0.0004179493
  0.6872097 -9.094875e-05
  0.6941041 0.0002305589
  0.700991 0.0005460375
  0.7078714 0.0008549654
  0.7147465 0.001156839
  0.7216175 0.001451313
  0.7284852 0.001738194
  0.7353498 0.002017264
  0.7422104 0.002288279
  0.7490657 0.002550969
  0.7559136 0.002804951
  0.7627522 0.003049455
  0.7695804 0.003283664
  0.7763982 0.003506799
  0.7832064 0.003718122
  0.7900066 0.003916959
  0.7968009 0.004102991
  0.8035907 0.004276057
  0.8103767 0.004435973
  0.8171589 0.004582534
  0.8239367 0.004715496
  0.8307088 0.004834371
  0.8374735 0.004938544
  0.8442285 0.005027414
  0.8509714 0.005100399
  0.8576993 0.00515683
  0.8644102 0.005195623
  0.871104 0.005215624
  0.8777823 0.005215695
  0.8844487 0.005194732
  0.8911066 0.005152221
  0.8977564 0.005088116
  0.9043939 0.005002444
  0.9110106 0.004895279
  0.917596 0.004765502
  0.924141 0.004611055
  0.9306396 0.00442999
  0.9370881 0.004220735
  0.9434794 0.00398316
  0.9497984 0.00371801
  0.9560224 0.003426557
  0.9621148 0.003109797
  0.9680178 0.002770224
  0.9736652 0.002411476
  0.9790074 0.002032515
  0.9840258 0.001632045
  0.9887108 0.001216687
  0.9930201 0.0008035585
  0.9969196 0.0003888037
  1.0 0.0
