SOKOLOV AIRFOIL
  1.0 0.007
  0.9971356 0.007650401
  0.9936648 0.00844035
  0.9899948 0.009277803
  0.9861033 0.01016825
  0.9819656 0.01111781
  0.9775552 0.01213311
  0.972845 0.01322098
  0.9678104 0.0143879
  0.9624337 0.01563878
  0.956712 0.01697525
  0.9506671 0.01839315
  0.9443778 0.01987428
  0.9381499 0.02134308
  0.9319999 0.02279084
  0.9258564 0.0242297
  0.9196654 0.02566757
  0.9133863 0.02710859
  0.9070512 0.02853983
  0.9008108 0.02992257
  0.8946591 0.0312554
  0.8885722 0.03254504
  0.8825292 0.03379856
  0.8765129 0.03502191
  0.870508 0.0362202
  0.8645017 0.03739786
  0.8584827 0.03855884
  0.8524413 0.03970665
  0.8463691 0.04084446
  0.840259 0.04197515
  0.8341055 0.04310132
  0.8279046 0.04422535
  0.8216538 0.04534934
  0.8153527 0.04647513
  0.8090029 0.04760428
  0.8026084 0.04873801
  0.7961838 0.04987569
  0.7897785 0.05100895
  0.7833942 0.05213667
  0.7770232 0.05325932
  0.7706589 0.05437727
  0.7642952 0.0554907
  0.7579268 0.05659969
  0.7515492 0.05770413
  0.7451586 0.05880382
  0.7387516 0.05989839
  0.7323258 0.06098733
  0.7258898 0.06206825
  0.7194699 0.06313584
  0.7130679 0.06418908
  0.7066825 0.06522737
  0.7003121 0.06625023
  0.6939544 0.06725738
  0.6876068 0.06824897
  0.681267 0.06922522
  0.6749329 0.07018628
  0.6686025 0.07113229
  0.6622742 0.07206332
  0.6559462 0.07297943
  0.6496171 0.07388061
  0.6432856 0.07476684
  0.6369507 0.07563805
  0.6306112 0.07649415
  0.6242663 0.07733501
  0.6179154 0.07816048
  0.6115579 0.07897038
  0.6051934 0.0797645
  0.5988217 0.08054261
  0.5924427 0.08130455
  0.5860563 0.08205034
  0.5796629 0.08278004
  0.5732626 0.08349367
  0.566856 0.08419125
  0.5604435 0.0848728
  0.5540258 0.08553832
  0.5476038 0.08618781
  0.5411785 0.08682126
  0.5347508 0.08743867
  0.5283221 0.08804003
  0.5218938 0.08862532
  0.5154671 0.08919454
  0.5090439 0.08974768
  0.5026258 0.09028475
  0.4962145 0.09080569
  0.4898121 0.09130941
  0.4834201 0.09179403
  0.4770397 0.09225771
  0.470672 0.09269867
  0.4643176 0.09311521
  0.4579768 0.09350565
  0.4516497 0.09386836
  0.445336 0.09420177
  0.4390351 0.09450433
  0.4327463 0.09477449
  0.4264686 0.09501075
  0.4202005 0.09521158
  0.4139405 0.09537547
  0.4076867 0.09550087
  0.4014372 0.09558621
  0.3951895 0.09563011
  0.3889413 0.09563322
  0.3826904 0.09559713
  0.3764349 0.09552339
  0.3701729 0.09541348
  0.3639028 0.0952689
  0.3576232 0.09509108
  0.3513329 0.09488148
  0.3450308 0.09464152
  0.3387161 0.09437266
  0.3323881 0.09407634
  0.3260463 0.09375404
  0.3196906 0.09340726
  0.3133209 0.09303753
  0.3069373 0.09264642
  0.3005404 0.09223553
  0.2941308 0.09180607
  0.2877102 0.09135709
  0.2812824 0.09088706
  0.2748535 0.09039467
  0.2684322 0.0898789
  0.2620292 0.08933907
  0.2556572 0.08877485
  0.2493305 0.08818634
  0.2430646 0.0875724
  0.2368721 0.08692723
  0.230759 0.08624422
  0.2247248 0.08551664
  0.2187636 0.08473754
  0.2128653 0.08389951
  0.2070156 0.08299434
  0.2011967 0.08201268
  0.1953864 0.08094509
  0.1895593 0.07979332
  0.1836938 0.07856492
  0.1777735 0.07726847
  0.1717885 0.07591438
  0.1657359 0.07451551
  0.1596215 0.07308786
  0.153461 0.07165074
  0.1472808 0.0702261
  0.1411176 0.0688221
  0.1350075 0.06742783
  0.1289764 0.0660301
  0.1230408 0.06461502
  0.1172085 0.06316843
  0.1114803 0.06167602
  0.1058512 0.06012324
  0.1003121 0.05849506
  0.09484973 0.05677861
  0.08944336 0.05497335
  0.08406069 0.05307715
  0.0786557 0.05108019
  0.07316312 0.048962
  0.06750006 0.04668478
  0.06165467 0.04422508
  0.05579407 0.0416373
  0.05024574 0.03906669
  0.04528758 0.03666236
  0.0409447 0.03445925
  0.03706364 0.03239894
  0.03348194 0.03040658
  0.0300521 0.02840115
  0.02660546 0.02626982
  0.02282082 0.02376402
  0.01804684 0.02034196
  0.01370542 0.01704418
  0.0108795 0.01484279
  0.008879824 0.01323665
  0.007335498 0.01193994
  0.006078813 0.01082971
  0.005024898 0.00984513
  0.004125078 0.008951655
  0.003348823 0.008127669
  0.002675747 0.007358645
  0.002091624 0.006634283
  0.00158623 0.005946964
  0.001152082 0.005290855
  0.000783676 0.004661358
  0.000476999 0.004054757
  0.0002292195 0.003467974
  3.848609e-05 0.002898403
  -9.619329e-05 0.002343791
  -0.0001750137 0.001802141
  -0.0001973842 0.001271641
  -0.0001618906 0.0007505988
  -6.620226e-05 0.0002373873
  9.293576e-05 -0.000269618
  0.0003169907 -0.0007720693
  0.0006057934 -0.001271531
  0.0009601204 -0.001769454
  0.001381826 -0.002267219
  0.001873946 -0.002766184
  0.002440899 -0.003267717
  0.003088805 -0.003773229
  0.003825979 -0.004284205
  0.004663703 -0.004802219
  0.005617437 -0.005328918
  0.006708769 -0.005865914
  0.007968641 -0.006414415
  0.009442668 -0.00697404
  0.01119887 -0.007538907
  0.0133299 -0.008083969
  0.0159644 -0.008547894
  0.01926522 -0.00883072
  0.0231884 -0.008838167
  0.02747608 -0.008647691
  0.03209485 -0.008360827
  0.03706999 -0.00799781
  0.04239229 -0.007588586
  0.0479843 -0.007181592
  0.05367337 -0.006836412
  0.05926386 -0.00654155
  0.06465609 -0.006232597
  0.0698458 -0.005850757
  0.07488989 -0.005343008
  0.07988346 -0.004669074
  0.08492909 -0.003848447
  0.09011144 -0.002916218
  0.0954978 -0.001914678
  0.1011294 -0.0009037186
  0.1070012 5.808572e-05
  0.1130723 0.0009605081
  0.1192924 0.001804684
  0.1256101 0.002596213
  0.1319792 0.003344808
  0.1383643 0.004063471
  0.1447432 0.004767563
  0.1511085 0.00547409
  0.157466 0.006195991
  0.1638267 0.006933834
  0.1701996 0.00768611
  0.1765906 0.008451019
  0.1830032 0.009226421
  0.189438 0.01000978
  0.1958923 0.01079815
  0.2023607 0.01158814
  0.2088349 0.01237659
  0.2153073 0.01316118
  0.2217721 0.01393993
  0.2282261 0.01471115
  0.2346677 0.0154734
  0.2410978 0.01622553
  0.247519 0.01696661
  0.253936 0.01769605
  0.2603542 0.01841478
  0.2667786 0.01912474
  0.2732125 0.01982774
  0.2796585 0.02052543
  0.2861178 0.02121936
  0.2925902 0.02191096
  0.2990746 0.02260154
  0.305568 0.02329199
  0.3120607 0.0239808
  0.3185504 0.02466665
  0.3250399 0.02534873
  0.3315317 0.02602623
  0.338028 0.02669825
  0.3445221 0.02736303
  0.3510092 0.02801899
  0.3574878 0.02866492
  0.3639568 0.02929968
  0.3704153 0.02992216
  0.3768626 0.03053128
  0.3832984 0.03112603
  0.3897226 0.0317054
  0.3961351 0.03226845
  0.4025363 0.03281425
  0.4089266 0.03334197
  0.4153065 0.03385088
  0.4216764 0.03434026
  0.4280371 0.03480941
  0.4343892 0.03525763
  0.4407336 0.03568423
  0.4470713 0.03608851
  0.4534032 0.03646977
  0.4597304 0.03682731
  0.4660542 0.03716043
  0.4723759 0.03746839
  0.4786968 0.03775048
  0.4850184 0.03800592
  0.4913425 0.03823395
  0.4976705 0.03843376
  0.5040045 0.03860459
  0.5103462 0.03874684
  0.5166972 0.03886167
  0.5230587 0.03895026
  0.5294318 0.03901375
  0.5358171 0.0390533
  0.542215 0.03907007
  0.5486254 0.03906521
  0.555048 0.03903992
  0.561482 0.03899538
  0.5679265 0.03893282
  0.5743799 0.03885351
  0.5808404 0.03875872
  0.5873059 0.03864977
  0.5937737 0.03852802
  0.600241 0.03839485
  0.6067045 0.03825119
  0.6131609 0.0380963
  0.6196077 0.03792909
  0.6260429 0.03774848
  0.6324649 0.03755337
  0.6388729 0.03734272
  0.6452665 0.03711545
  0.6516458 0.03687049
  0.6580116 0.03660676
  0.664365 0.03632316
  0.6707077 0.03601856
  0.6770419 0.03569179
  0.6833701 0.03534164
  0.6896954 0.03496681
  0.6960215 0.03456595
  0.7023524 0.0341376
  0.7086927 0.03368142
  0.7150467 0.03319866
  0.7214177 0.03269074
  0.7278083 0.03215913
  0.7342204 0.03160536
  0.7406548 0.03103107
  0.7471114 0.03043805
  0.7535892 0.02982818
  0.7600854 0.02920358
  0.7665785 0.02856828
  0.7730591 0.02792525
  0.7795326 0.02727596
  0.7860058 0.02662176
  0.7924861 0.02596389
  0.7989802 0.02530364
  0.8054606 0.02464545
  0.811907 0.02399056
  0.818313 0.02333788
  0.8246748 0.02268613
  0.8309911 0.02203383
  0.8372627 0.02137937
  0.8434924 0.02072098
  0.8496848 0.02005675
  0.8558461 0.01938461
  0.8619841 0.01870231
  0.8681081 0.01800741
  0.8742289 0.01729718
  0.8803594 0.01656859
  0.8865143 0.01581817
  0.8927109 0.01504193
  0.8989697 0.01423513
  0.9053148 0.01339267
  0.9117522 0.01251522
  0.9181277 0.01162756
  0.9244121 0.01073828
  0.9306433 0.00984624
  0.9368734 0.008947813
  0.9431717 0.008036671
  0.9495766 0.007111064
  0.9557763 0.0062193
  0.9616454 0.00537959
  0.9671573 0.004594985
  0.9723132 0.003864557
  0.9771309 0.003185096
  0.9816362 0.002552356
  0.9858577 0.001961822
  0.9898234 0.001409136
  0.9935594 0.0008902907
  0.9970893 0.0004016991
  1.0 0.0
