 STRAND AIRFOIL
  1.0 0.0
  0.9961964 0.0002275416
  0.991596 0.000509681
  0.9867453 0.0008153805
  0.9816224 0.001147405
  0.9762051 0.001508752
  0.9704731 0.001902553
  0.9644112 0.002331861
  0.958013 0.002799304
  0.9512871 0.003306555
  0.9442614 0.003853787
  0.9369806 0.004439634
  0.9295002 0.005061419
  0.92188 0.005715559
  0.9141759 0.006398182
  0.9064332 0.0071058
  0.898682 0.007835887
  0.8909349 0.008587288
  0.8831904 0.009360065
  0.8754441 0.01015455
  0.8676919 0.01097107
  0.8599306 0.01180992
  0.8521573 0.01267137
  0.8443699 0.01355567
  0.8365666 0.01446301
  0.8287465 0.01539352
  0.8209092 0.01634728
  0.8130549 0.01732428
  0.8051845 0.01832441
  0.7972996 0.01934749
  0.7894025 0.0203932
  0.7814963 0.02146118
  0.773584 0.02255118
  0.7656688 0.023663
  0.7577533 0.02479645
  0.7498399 0.02595132
  0.741931 0.02712744
  0.7340283 0.02832467
  0.7261336 0.02954285
  0.7182482 0.03078189
  0.7103732 0.03204171
  0.7025094 0.03332227
  0.6946573 0.03462354
  0.6868171 0.03594541
  0.6789884 0.03728759
  0.6711703 0.03864992
  0.6633614 0.04003233
  0.6555596 0.04143487
  0.6477622 0.04285773
  0.6399662 0.04430123
  0.6321678 0.04576581
  0.6243626 0.0472521
  0.6165456 0.04876087
  0.6087112 0.05029308
  0.6008531 0.0518499
  0.5929639 0.05343263
  0.5850364 0.05504173
  0.5770655 0.05667662
  0.5690489 0.05833602
  0.5609879 0.06001794
  0.5528872 0.06171954
  0.5447552 0.06343706
  0.5366047 0.06516582
  0.528452 0.06690021
  0.5203175 0.06863379
  0.5122244 0.0703601
  0.5041964 0.07207749
  0.4962523 0.07378739
  0.4884047 0.07549215
  0.4806609 0.07719483
  0.4730233 0.07889913
  0.4654905 0.08060921
  0.4580578 0.0823297
  0.450718 0.0840656
  0.4434616 0.08582232
  0.4362771 0.08760536
  0.429152 0.08941033
  0.4220798 0.09122003
  0.4150646 0.09301476
  0.40812 0.09477341
  0.4012697 0.09648754
  0.394548 0.09817119
  0.3879928 0.09983747
  0.3816412 0.1014959
  0.3755245 0.1031485
  0.3696556 0.10477
  0.3640265 0.1063331
  0.358617 0.1078202
  0.3534013 0.1092201
  0.3483514 0.110526
  0.3434392 0.1117338
  0.3386373 0.1128402
  0.3339187 0.1138426
  0.3292565 0.114738
  0.3246236 0.1155223
  0.3199913 0.1161902
  0.3153299 0.116741
  0.3106125 0.117182
  0.3058141 0.1175191
  0.3009102 0.1177566
  0.2958768 0.117897
  0.2906904 0.1179418
  0.2853284 0.1178919
  0.2797711 0.1177483
  0.274004 0.1175124
  0.2680232 0.1171879
  0.2618417 0.1167817
  0.2554967 0.1163039
  0.2490426 0.115757
  0.2425352 0.1151399
  0.2360246 0.1144533
  0.2295507 0.1136985
  0.2231407 0.1128771
  0.2168093 0.1119901
  0.2105594 0.1110376
  0.2043844 0.1100184
  0.1982691 0.1089294
  0.1921932 0.1077675
  0.1861395 0.1065314
  0.1800968 0.1052203
  0.1740592 0.1038341
  0.1680268 0.1023738
  0.1620049 0.1008417
  0.1560045 0.09924171
  0.1500402 0.09757703
  0.1441264 0.09585055
  0.1382764 0.09406553
  0.1325022 0.09222555
  0.1268143 0.09033439
  0.1212218 0.08839595
  0.1157322 0.08641413
  0.1103513 0.08439282
  0.1050837 0.08233575
  0.0999328 0.08024648
  0.09490249 0.07812803
  0.0899992 0.07598402
  0.08523057 0.07381932
  0.08060455 0.07163973
  0.07612859 0.06945167
  0.07180902 0.06726183
  0.06765057 0.06507685
  0.0636561 0.06290301
  0.05982652 0.06074604
  0.0561609 0.05861094
  0.05265663 0.05650195
  0.04930972 0.05442248
  0.04611548 0.05237506
  0.04307204 0.05036137
  0.04018001 0.04838446
  0.03744018 0.04644843
  0.03485225 0.04455748
  0.03241422 0.04271534
  0.03012229 0.04092482
  0.02797101 0.03918771
  0.02595363 0.03750475
  0.02406256 0.03587579
  0.02228973 0.03429994
  0.02062695 0.03277572
  0.01906619 0.03130127
  0.01760076 0.02987385
  0.01622462 0.02848968
  0.01493143 0.02714467
  0.0137149 0.02583473
  0.01256913 0.02455599
  0.01148869 0.02330484
  0.01046874 0.02207783
  0.009505577 0.0208716
  0.008596591 0.01968388
  0.007739841 0.01851346
  0.006933732 0.01735988
  0.006176803 0.01622318
  0.005467593 0.01510372
  0.00480456 0.01400202
  0.004186065 0.01291865
  0.003611619 0.01185474
  0.003081906 0.0108115
  0.002596839 0.009789069
  0.002155776 0.008786846
  0.001757788 0.007803722
  0.001401854 0.006838284
  0.001086986 0.005888946
  0.0008123064 0.004954015
  0.0005771046 0.004031751
  0.0003808763 0.003120376
  0.0002233517 0.002218091
  0.000104523 0.001323064
  2.467366e-05 0.0004334178
  -1.564538e-05 -0.0004527811
  -1.679431e-05 -0.001337154
  2.003733e-05 -0.002220829
  9.39849e-05 -0.003104709
  0.0002044974 -0.003989507
  0.0003512885 -0.004875762
  0.0005342968 -0.005763836
  0.0007536513 -0.006653915
  0.001009641 -0.00754599
  0.001302681 -0.008439844
  0.001633281 -0.00933502
  0.002002002 -0.01023079
  0.002409414 -0.01112612
  0.002856031 -0.01201962
  0.003342246 -0.0129095
  0.003868247 -0.01379354
  0.004433912 -0.01466902
  0.005038723 -0.01553269
  0.005682354 -0.01637931
  0.006365252 -0.01720147
  0.007088143 -0.01799172
  0.00785211 -0.01874278
  0.008658752 -0.01944742
  0.009510368 -0.02009836
  0.0104102 -0.020688
  0.01136239 -0.02120933
  0.01236975 -0.0216637
  0.01343452 -0.02205623
  0.01455936 -0.02239205
  0.01574732 -0.02267648
  0.01700183 -0.02291541
  0.01832656 -0.0231157
  0.01972526 -0.02328574
  0.02120136 -0.02343624
  0.02275723 -0.02358131
  0.02439304 -0.02373979
  0.02610931 -0.02392882
  0.02791306 -0.02415297
  0.02981301 -0.02441516
  0.03181876 -0.02471819
  0.0339408 -0.02506453
  0.03619061 -0.02545604
  0.03858097 -0.02589355
  0.04112648 -0.02637642
  0.04384427 -0.02690192
  0.04675537 -0.02746462
  0.04988409 -0.02805994
  0.0532529 -0.02868869
  0.05688312 -0.02935146
  0.06079281 -0.03004746
  0.06499299 -0.03077376
  0.06948307 -0.03152467
  0.07424684 -0.03229124
  0.07925109 -0.03306165
  0.08444865 -0.0338223
  0.0897862 -0.03455961
  0.09521453 -0.0352618
  0.1006978 -0.0359201
  0.1062197 -0.03652888
  0.1117864 -0.03708564
  0.1174192 -0.03759194
  0.1231402 -0.03804977
  0.1289707 -0.03846035
  0.1349307 -0.03882424
  0.1410386 -0.03914145
  0.1473103 -0.03941152
  0.153757 -0.03963366
  0.1603834 -0.03980695
  0.1671838 -0.03993065
  0.1741405 -0.04000438
  0.1812299 -0.04002844
  0.18843 -0.0400041
  0.1957214 -0.03993351
  0.2030899 -0.03981951
  0.2105274 -0.03966535
  0.2180331 -0.03947386
  0.2256078 -0.03924666
  0.2332509 -0.03898537
  0.2409591 -0.03869185
  0.2487265 -0.03836825
  0.2565442 -0.03801707
  0.2644002 -0.03764119
  0.2722798 -0.03724299
  0.2801693 -0.03682276
  0.2880594 -0.03638038
  0.2959455 -0.03591554
  0.3038273 -0.03542767
  0.3117095 -0.03491592
  0.3196012 -0.03437905
  0.327516 -0.03381589
  0.3354677 -0.03322688
  0.3434663 -0.03261309
  0.3515168 -0.03197593
  0.3596196 -0.03131724
  0.3677692 -0.03063944
  0.3759541 -0.02994559
  0.3841566 -0.02923943
  0.3923526 -0.02852535
  0.4005126 -0.02780816
  0.4086103 -0.02708525
  0.4166513 -0.02634247
  0.4246804 -0.02556631
  0.4327518 -0.02476421
  0.4408923 -0.02395273
  0.4491007 -0.02314283
  0.4573658 -0.02233563
  0.4656763 -0.02153151
  0.4740207 -0.02073081
  0.4823882 -0.01993378
  0.4907679 -0.01914058
  0.49915 -0.01835128
  0.5075251 -0.01756586
  0.5158846 -0.01678422
  0.5242211 -0.01600623
  0.5325282 -0.01523298
  0.5408016 -0.01446665
  0.5490389 -0.01370924
  0.5572396 -0.01296252
  0.5654051 -0.01222805
  0.5735381 -0.01150723
  0.5816433 -0.01080127
  0.5897266 -0.01011124
  0.5977953 -0.009438131
  0.6058584 -0.008782828
  0.613926 -0.008145375
  0.6220072 -0.007524028
  0.6301093 -0.00691698
  0.6382375 -0.006322607
  0.6463948 -0.00573945
  0.6545822 -0.005166191
  0.6627984 -0.004601647
  0.6710393 -0.004044764
  0.6792988 -0.003494611
  0.6875679 -0.002950385
  0.6958351 -0.002411507
  0.7040878 -0.001879452
  0.7123147 -0.001357356
  0.7205066 -0.0008481905
  0.7286569 -0.0003546835
  0.7367606 0.0001206812
  0.7448153 0.0005756498
  0.75282 0.001008177
  0.7607757 0.001416398
  0.7686849 0.001798594
  0.7765514 0.002153158
  0.7843803 0.002478626
  0.7921776 0.002774767
  0.7999487 0.003042309
  0.8076985 0.003281912
  0.8154313 0.003494149
  0.8231509 0.003679513
  0.8308607 0.003838435
  0.8385635 0.003971289
  0.8462619 0.004078402
  0.8539578 0.004160062
  0.861653 0.004216526
  0.8693487 0.004248027
  0.8770457 0.004254782
  0.8847445 0.004236994
  0.8924452 0.004194865
  0.9001465 0.00412802
  0.9078392 0.004034444
  0.9155008 0.003912175
  0.9230965 0.003759918
  0.9305818 0.003577311
  0.9379075 0.003365099
  0.9450245 0.003125144
  0.9518896 0.00286026
  0.9584698 0.002573908
  0.9647438 0.002270109
  0.9707049 0.001953457
  0.976358 0.001627927
  0.9817163 0.001296686
  0.986797 0.0009621938
  0.9916195 0.0006263168
  0.9962033 0.000290453
  1.0 0.0
