Supermarine 371-II (tip)
  1.0 0.0
  0.9972018 0.0002116022
  0.9938224 0.0004726259
  0.9902634 0.0007539791
  0.9865068 0.001058152
  0.982533 0.001387963
  0.9783215 0.001746553
  0.9738515 0.002137323
  0.9691046 0.002563789
  0.9640675 0.003029279
  0.9587369 0.00353643
  0.9531258 0.004086422
  0.9472747 0.004677596
  0.9414323 0.005285827
  0.935692 0.005900724
  0.9299944 0.006527863
  0.9242949 0.007171836
  0.9185602 0.007836413
  0.9127674 0.008524529
  0.9069039 0.009238072
  0.9009969 0.009974101
  0.895138 0.0107208
  0.8893157 0.01147759
  0.8835106 0.01224454
  0.8777071 0.0130214
  0.8718934 0.01380754
  0.866061 0.01460188
  0.8602049 0.01540287
  0.8543237 0.01620842
  0.8484199 0.01701586
  0.842506 0.0178221
  0.8365999 0.01862522
  0.8306975 0.0194265
  0.8247945 0.02022725
  0.8188878 0.02102859
  0.8129756 0.0218315
  0.8070592 0.0226365
  0.8011474 0.02344313
  0.7952399 0.02425202
  0.7893345 0.02506333
  0.7834292 0.02587684
  0.7775225 0.02669225
  0.7716138 0.02750918
  0.7657027 0.02832717
  0.7597896 0.02914567
  0.7538756 0.02996406
  0.7479622 0.03078161
  0.7420513 0.03159709
  0.7361446 0.03240862
  0.730243 0.03321436
  0.7243471 0.03401253
  0.7184567 0.03480149
  0.7125712 0.03557965
  0.7066894 0.0363455
  0.7008095 0.03709761
  0.6949293 0.03783482
  0.6890466 0.03855728
  0.68316 0.03926555
  0.6772687 0.03996009
  0.6713725 0.04064128
  0.6654719 0.04130944
  0.6595683 0.04196478
  0.6536635 0.04260749
  0.6477601 0.04323765
  0.6418611 0.04385401
  0.6359688 0.04445363
  0.6300848 0.04503358
  0.6242097 0.04559105
  0.6183433 0.04612334
  0.6124846 0.04662786
  0.6066317 0.0471021
  0.6007821 0.04754358
  0.5949324 0.04795036
  0.5890794 0.04832354
  0.5832205 0.04866528
  0.5773536 0.04897764
  0.5714776 0.04926263
  0.5655917 0.0495222
  0.5596959 0.0497583
  0.5537911 0.04997285
  0.5478785 0.05016777
  0.5419601 0.05034435
  0.5360377 0.05050294
  0.5301126 0.05064386
  0.5241862 0.05076745
  0.5182593 0.05087408
  0.5123325 0.05096412
  0.5064061 0.05103796
  0.5004801 0.05109598
  0.4945543 0.05113857
  0.4886282 0.05116609
  0.4827014 0.05117887
  0.4767738 0.05117727
  0.4708451 0.05116161
  0.464915 0.05113223
  0.4589835 0.05108947
  0.4530505 0.05103366
  0.447116 0.05096513
  0.4411802 0.05088417
  0.435243 0.050791
  0.4293047 0.05068587
  0.4233656 0.050569
  0.4174259 0.05044063
  0.4114859 0.05030101
  0.4055462 0.05015038
  0.3996072 0.049989
  0.3936695 0.04981701
  0.3877335 0.04963423
  0.3817995 0.04944038
  0.3758676 0.04923519
  0.3699376 0.04901839
  0.3640092 0.04878967
  0.3580818 0.04854874
  0.3521545 0.04829529
  0.3462265 0.04802903
  0.3402966 0.04775034
  0.334364 0.04746006
  0.3284281 0.04715907
  0.3224888 0.04684826
  0.3165463 0.04652854
  0.3106012 0.04620086
  0.3046545 0.04586618
  0.2987074 0.04552549
  0.2927617 0.04517912
  0.2868189 0.044826
  0.2808803 0.04446484
  0.274947 0.04409434
  0.2690194 0.04371321
  0.2630978 0.04332012
  0.2571822 0.04291373
  0.2512719 0.0424927
  0.2453664 0.0420558
  0.2394644 0.04160297
  0.2335648 0.0411347
  0.2276665 0.04065145
  0.2217683 0.0401537
  0.2158691 0.03964188
  0.2099677 0.03911644
  0.2040628 0.0385778
  0.1981532 0.03802638
  0.1922378 0.03746244
  0.1863161 0.03688605
  0.1803884 0.03629734
  0.1744563 0.03569658
  0.1685222 0.03508411
  0.1625895 0.03446045
  0.1566628 0.03382621
  0.1507475 0.03318216
  0.1448498 0.03252886
  0.1389756 0.03186479
  0.1331277 0.03118746
  0.1273058 0.03049411
  0.1215068 0.02978165
  0.1157246 0.02904663
  0.1099503 0.02828517
  0.1041724 0.02749279
  0.09837598 0.02666434
  0.09254498 0.02579601
  0.08667585 0.02488927
  0.08078855 0.02394982
  0.07492849 0.02298812
  0.06915831 0.02201611
  0.06351379 0.02103387
  0.0579671 0.02002937
  0.05243472 0.01897957
  0.04677215 0.01784558
  0.04113198 0.01664427
  0.03575954 0.01542141
  0.03040432 0.01411553
  0.02478596 0.01264179
  0.0198367 0.01123816
  0.01564529 0.009930649
  0.01184539 0.008606658
  0.008060347 0.007087317
  0.005055184 0.005532802
  0.003372423 0.004448851
  0.002281664 0.003617794
  0.001503116 0.002915444
  0.0009289387 0.002289287
  0.0005094901 0.001712697
  0.0002198806 0.001169643
  4.864702e-05 0.0006490016
  -6.259822e-06 0.0001418737
  6.050012e-05 -0.0003601097
  0.0002493944 -0.0008656835
  0.0005623379 -0.001383708
  0.001011517 -0.001924363
  0.001623847 -0.00250151
  0.002453618 -0.003137347
  0.003620183 -0.003874251
  0.005429557 -0.004801405
  0.008594482 -0.005988834
  0.01260203 -0.007100158
  0.01688235 -0.008135897
  0.0216571 -0.009155294
  0.02706962 -0.01017471
  0.03289365 -0.01113955
  0.03862254 -0.01197666
  0.04441035 -0.01273272
  0.05024853 -0.01342859
  0.0559961 -0.01406973
  0.06174192 -0.01467786
  0.06754387 -0.01526688
  0.07342208 -0.01584634
  0.07935562 -0.01642118
  0.08530102 -0.01698611
  0.09122705 -0.01753271
  0.09711952 -0.01805446
  0.1029815 -0.01854686
  0.1088272 -0.01901062
  0.1146702 -0.0194503
  0.1205213 -0.01987019
  0.1263882 -0.02027425
  0.1322762 -0.02066622
  0.1381874 -0.02104966
  0.144121 -0.02142802
  0.1500731 -0.02180462
  0.1560318 -0.02218139
  0.1619866 -0.02255669
  0.1679432 -0.022929
  0.1739021 -0.02329646
  0.179853 -0.02365657
  0.1857937 -0.02400737
  0.1917248 -0.02434709
  0.1976483 -0.02467403
  0.2035676 -0.02498672
  0.209487 -0.02528564
  0.2154101 -0.02557268
  0.2213394 -0.02584971
  0.2272766 -0.02611855
  0.2332225 -0.02638095
  0.2391767 -0.02663867
  0.2451381 -0.02689342
  0.2511042 -0.02714688
  0.2570714 -0.02739985
  0.2630379 -0.0276513
  0.269001 -0.02789987
  0.2749592 -0.02814426
  0.2809119 -0.02838322
  0.2868589 -0.02861554
  0.2928013 -0.02884003
  0.2987403 -0.02905554
  0.3046784 -0.02926114
  0.3106177 -0.02945733
  0.3165603 -0.02964527
  0.3225074 -0.02982612
  0.3284596 -0.03000098
  0.3344171 -0.03017097
  0.3403792 -0.03033718
  0.3463448 -0.0305007
  0.3523122 -0.03066258
  0.358279 -0.03082291
  0.3642433 -0.03098048
  0.3702037 -0.03113404
  0.3761594 -0.03128234
  0.38211 -0.03142416
  0.3880557 -0.0315583
  0.3939973 -0.03168358
  0.3999362 -0.03179882
  0.4058739 -0.03190316
  0.4118123 -0.03199705
  0.4177528 -0.03208122
  0.4236962 -0.03215643
  0.4296432 -0.03222339
  0.4355938 -0.03228284
  0.4415475 -0.0323355
  0.4475037 -0.0323821
  0.453461 -0.03242332
  0.459418 -0.03245905
  0.4653735 -0.03248859
  0.4713264 -0.0325112
  0.4772763 -0.03252616
  0.4832229 -0.03253275
  0.4891665 -0.03253026
  0.4951076 -0.03251798
  0.501047 -0.03249519
  0.506986 -0.03246139
  0.5129254 -0.03241666
  0.5188662 -0.03236115
  0.5248084 -0.03229498
  0.5307522 -0.03221832
  0.5366969 -0.03213132
  0.5426418 -0.03203414
  0.5485855 -0.03192696
  0.5545265 -0.03180983
  0.560463 -0.03168152
  0.5663936 -0.03154022
  0.5723172 -0.03138409
  0.5782334 -0.03121131
  0.5841422 -0.03102007
  0.5900439 -0.03080854
  0.5959394 -0.03057489
  0.6018299 -0.03031728
  0.607717 -0.03003464
  0.6136022 -0.02972723
  0.6194869 -0.02939545
  0.6253717 -0.02903966
  0.6312573 -0.02866027
  0.6371441 -0.02825766
  0.6430318 -0.02783226
  0.6489201 -0.0273845
  0.6548084 -0.02691538
  0.6606962 -0.02642941
  0.6665831 -0.02593266
  0.6724687 -0.02543122
  0.6783523 -0.02493116
  0.6842334 -0.02443857
  0.6901112 -0.0239595
  0.6959851 -0.02349996
  0.7018543 -0.02306587
  0.7077174 -0.02265747
  0.7135727 -0.02226591
  0.7194187 -0.02188157
  0.7252545 -0.02149488
  0.7310794 -0.02109637
  0.7368933 -0.0206766
  0.7426965 -0.02022618
  0.7484894 -0.01973576
  0.7542733 -0.01919728
  0.7600506 -0.01861454
  0.7658243 -0.01799761
  0.7715976 -0.01735655
  0.7773736 -0.0167014
  0.7831554 -0.0160422
  0.7889463 -0.01538906
  0.7947496 -0.01475218
  0.8005687 -0.0141419
  0.8064067 -0.01356521
  0.8122651 -0.01301875
  0.8181439 -0.01249728
  0.8240418 -0.01199554
  0.8299561 -0.01150832
  0.8358828 -0.01103037
  0.8418162 -0.01055652
  0.8477493 -0.01008162
  0.8536738 -0.00960098
  0.8595818 -0.009114505
  0.8654693 -0.008625131
  0.8713362 -0.008135497
  0.8771864 -0.007647871
  0.8830271 -0.007164176
  0.8888696 -0.006686029
  0.8947287 -0.006214786
  0.9006235 -0.005751606
  0.9065599 -0.005298297
  0.9124434 -0.004862417
  0.9182543 -0.004445097
  0.9240046 -0.004045098
  0.929717 -0.003660582
  0.9354246 -0.00328927
  0.9411715 -0.002928481
  0.9470171 -0.002575054
  0.9529021 -0.002233135
  0.9585519 -0.001918033
  0.9639175 -0.001630708
  0.9689852 -0.001370002
  0.9737582 -0.001133926
  0.9782503 -0.0009201391
  0.9824803 -0.0007262572
  0.9864694 -0.0005500256
  0.9902386 -0.0003893984
  0.9938079 -0.0002425633
  0.9971958 -0.0001079364
  1.0 0.0
