UNIVERSITY OF ALBERTA UA 79-SF-187 AIRFOIL
  1.0 0.0
  0.9968415 0.001018015
  0.9924207 0.002312483
  0.9874229 0.003722157
  0.9821501 0.005290917
  0.9766517 0.007002799
  0.9709584 0.008795096
  0.9651283 0.01060206
  0.9592354 0.01239553
  0.953336 0.01416099
  0.9474592 0.01589345
  0.9416123 0.01760125
  0.9357959 0.01930071
  0.9300071 0.02100892
  0.9242398 0.02274368
  0.9184839 0.02452077
  0.9127245 0.0263374
  0.906951 0.0281817
  0.9011599 0.03003923
  0.8953555 0.03189278
  0.8895497 0.03372264
  0.8837631 0.03551653
  0.8780154 0.03728224
  0.8723141 0.03903319
  0.866655 0.04078575
  0.8610233 0.04255917
  0.8553936 0.04437622
  0.8497288 0.04626371
  0.8439855 0.04824097
  0.8381434 0.05031274
  0.8323557 0.05242006
  0.8266596 0.05454182
  0.8209866 0.05669679
  0.8152417 0.05891591
  0.809563 0.06113665
  0.8040292 0.06324542
  0.7984256 0.06538579
  0.7927794 0.06759557
  0.7871421 0.06984195
  0.7815365 0.07209046
  0.7759579 0.07430975
  0.7703799 0.07648109
  0.7647802 0.07862133
  0.7591618 0.08076015
  0.7535523 0.08291855
  0.7479961 0.08509805
  0.7425166 0.0872601
  0.7371051 0.08936942
  0.7317277 0.09140327
  0.7263284 0.0933489
  0.7208447 0.09522006
  0.715235 0.09704742
  0.7094849 0.09885407
  0.7036146 0.1006543
  0.6976896 0.1024509
  0.6918006 0.1042168
  0.6860069 0.1059109
  0.6803258 0.1075066
  0.674742 0.1089901
  0.6692152 0.1103552
  0.6636862 0.1116037
  0.6580967 0.1127594
  0.6524041 0.1138493
  0.646582 0.114896
  0.6406245 0.1159201
  0.6345537 0.1169402
  0.6284246 0.1179679
  0.622303 0.1189868
  0.616235 0.1199737
  0.6102434 0.1209104
  0.6043299 0.1217836
  0.5984784 0.1225837
  0.5926585 0.1233036
  0.5868332 0.1239484
  0.5809725 0.1245308
  0.5750548 0.1250619
  0.5690666 0.1255518
  0.5630047 0.12601
  0.5568765 0.1264461
  0.5507024 0.1268678
  0.5445076 0.1272735
  0.5383132 0.127659
  0.5321346 0.1280205
  0.5259813 0.1283547
  0.5198566 0.1286591
  0.5137585 0.1289314
  0.5076802 0.12917
  0.5016141 0.1293752
  0.4955534 0.1295471
  0.4894926 0.1296857
  0.4834273 0.1297911
  0.4773538 0.1298629
  0.4712697 0.1299008
  0.4651733 0.129905
  0.4590639 0.1298768
  0.4529417 0.129818
  0.4468078 0.1297306
  0.4406647 0.1296164
  0.4345154 0.1294775
  0.4283644 0.1293159
  0.4222171 0.1291333
  0.4160785 0.1289285
  0.4099524 0.1286997
  0.4038405 0.1284447
  0.3977428 0.1281615
  0.3916577 0.127848
  0.385582 0.1275019
  0.3795106 0.1271212
  0.373438 0.1267059
  0.3673599 0.1262575
  0.3612735 0.1257773
  0.3551779 0.1252671
  0.3490739 0.1247286
  0.342964 0.1241636
  0.3368528 0.1235743
  0.3307458 0.1229613
  0.3246477 0.1223233
  0.3185617 0.1216593
  0.3124891 0.1209677
  0.30643 0.1202471
  0.3003826 0.1194959
  0.2943438 0.118712
  0.2883094 0.1178945
  0.2822759 0.1170438
  0.2762414 0.1161601
  0.2702055 0.1152443
  0.2641691 0.114297
  0.258135 0.1133196
  0.252107 0.1123132
  0.2460906 0.1112779
  0.2400901 0.1102118
  0.2341085 0.1091133
  0.2281473 0.1079802
  0.2222065 0.1068103
  0.2162848 0.105601
  0.2103796 0.1043499
  0.2044876 0.1030559
  0.1986064 0.1017188
  0.1927339 0.1003383
  0.1868692 0.09891419
  0.1810119 0.09744652
  0.1751623 0.09593544
  0.1693217 0.09438075
  0.1634922 0.092782
  0.157677 0.09113899
  0.1518799 0.08945187
  0.1461055 0.08772112
  0.1403591 0.08594754
  0.1346467 0.08413068
  0.1289731 0.08226807
  0.1233402 0.08035642
  0.1177471 0.07839162
  0.1121909 0.07636862
  0.1066659 0.07428187
  0.1011655 0.07212882
  0.09568532 0.06990916
  0.09022407 0.06762367
  0.08478375 0.06527449
  0.07936982 0.06286461
  0.0739973 0.06039111
  0.06869356 0.05785039
  0.06349456 0.05524519
  0.0584412 0.0525847
  0.05357132 0.0498845
  0.04888382 0.04715564
  0.04431947 0.04437644
  0.03976974 0.04148645
  0.0350544 0.03836339
  0.03007467 0.03488105
  0.02522972 0.03122277
  0.0209817 0.0277112
  0.01783234 0.02486925
  0.01537834 0.02247654
  0.01328838 0.02028358
  0.01136206 0.01810143
  0.009398437 0.01566781
  0.006797292 0.01205302
  0.003935135 0.00782164
  0.002596898 0.005880386
  0.001711567 0.004618039
  0.001079595 0.00365791
  0.0006194562 0.002855019
  0.0002908651 0.002145837
  7.443707e-05 0.001496416
  -3.716423e-05 0.0008852609
  -4.200226e-05 0.0002962644
  7.145685e-05 -0.0002853716
  0.0003120811 -0.0008764259
  0.0006858908 -0.00149647
  0.001213012 -0.002171597
  0.001934369 -0.002943941
  0.002915291 -0.003887087
  0.004295084 -0.005116048
  0.006309563 -0.006725855
  0.008728779 -0.00841027
  0.01113402 -0.009876562
  0.01366821 -0.01125541
  0.01656855 -0.0126764
  0.02019821 -0.01428237
  0.02503379 -0.01621925
  0.030805 -0.01830555
  0.03650485 -0.02018561
  0.04185435 -0.0218369
  0.04711343 -0.02337021
  0.05246561 -0.02484258
  0.05800599 -0.02627644
  0.06373608 -0.02766791
  0.06959486 -0.02900773
  0.07552158 -0.03029356
  0.08147141 -0.03152983
  0.08742077 -0.03272549
  0.09336388 -0.03388216
  0.09930098 -0.0349973
  0.1052355 -0.03606895
  0.1111738 -0.03709558
  0.1171252 -0.03807709
  0.1230981 -0.03901768
  0.1290974 -0.03992203
  0.1351244 -0.04079424
  0.1411766 -0.04163791
  0.1472471 -0.04245597
  0.1533278 -0.04324868
  0.1594122 -0.04401505
  0.1654966 -0.04475448
  0.1715802 -0.04546676
  0.1776645 -0.046152
  0.1837539 -0.04681079
  0.189853 -0.04744501
  0.1959646 -0.04805669
  0.2020895 -0.04864764
  0.2082264 -0.04921947
  0.2143717 -0.04977365
  0.2205199 -0.05031123
  0.2266648 -0.05083118
  0.2328024 -0.05133167
  0.2389312 -0.0518111
  0.2450519 -0.05226808
  0.2511676 -0.05270138
  0.2572837 -0.05310991
  0.2634072 -0.05349408
  0.2695442 -0.05385684
  0.2756985 -0.05420123
  0.2818713 -0.05453018
  0.2880614 -0.05484651
  0.2942649 -0.05515298
  0.3004752 -0.05545215
  0.3066841 -0.055744
  0.3128853 -0.05602609
  0.3190745 -0.05629604
  0.3252502 -0.05655164
  0.3314131 -0.05679081
  0.3375663 -0.05701156
  0.3437151 -0.05721209
  0.3498659 -0.05739254
  0.3560239 -0.05755462
  0.3621923 -0.05769995
  0.3683722 -0.05783013
  0.3745627 -0.0579467
  0.3807608 -0.0580512
  0.3869614 -0.05814511
  0.3931583 -0.05822817
  0.3993461 -0.05829837
  0.4055221 -0.05835374
  0.4116853 -0.05839233
  0.4178369 -0.05841225
  0.4239799 -0.05841162
  0.4301195 -0.05838853
  0.4362621 -0.05834237
  0.4424128 -0.05827432
  0.4485744 -0.05818568
  0.4547471 -0.05807779
  0.4609288 -0.05795201
  0.4671146 -0.05780986
  0.473297 -0.05765293
  0.479467 -0.05748151
  0.4856172 -0.05729345
  0.4917448 -0.05708634
  0.4978512 -0.05685768
  0.5039416 -0.05660483
  0.510025 -0.0563249
  0.5161145 -0.05601469
  0.522226 -0.05567271
  0.5283724 -0.0553015
  0.5345581 -0.05490452
  0.5407784 -0.05448599
  0.5470033 -0.05405209
  0.5532307 -0.05360732
  0.5594309 -0.05315757
  0.5655567 -0.05269788
  0.5715828 -0.0522118
  0.5775006 -0.05168326
  0.5833143 -0.05109683
  0.5890389 -0.05043713
  0.5946974 -0.04968792
  0.6003209 -0.04883363
  0.6059458 -0.04787824
  0.6116044 -0.04683559
  0.6173229 -0.04572019
  0.6231204 -0.04454843
  0.6290087 -0.04333979
  0.6349902 -0.04211779
  0.6410552 -0.04090295
  0.6471742 -0.03970502
  0.6532711 -0.03854027
  0.6593494 -0.03740886
  0.6654267 -0.03630848
  0.6715194 -0.03523735
  0.6776433 -0.03419419
  0.6837927 -0.03318152
  0.6899002 -0.0322114
  0.695949 -0.03128668
  0.7019298 -0.03040482
  0.7078296 -0.02953557
  0.7136312 -0.0286391
  0.7193171 -0.02768171
  0.7248915 -0.02668941
  0.7304211 -0.02574487
  0.7360291 -0.02490283
  0.7418215 -0.02412971
  0.7478008 -0.02337471
  0.7538249 -0.02259962
  0.7597131 -0.0217832
  0.7653775 -0.0209039
  0.7708159 -0.01995675
  0.7760793 -0.01903331
  0.7812287 -0.01824095
  0.7863186 -0.01762174
  0.7913854 -0.01705765
  0.7964711 -0.01640366
  0.8016386 -0.01556107
  0.8069666 -0.01457968
  0.8125083 -0.01355492
  0.8182635 -0.0125795
  0.8241859 -0.01166786
  0.8302223 -0.01081547
  0.8363234 -0.01001281
  0.8424506 -0.009246261
  0.8485794 -0.008499138
  0.8547008 -0.00775262
  0.8608209 -0.006993797
  0.8669489 -0.006226634
  0.8730866 -0.00545845
  0.8792269 -0.004697701
  0.8853541 -0.003953852
  0.8914446 -0.003237011
  0.8974697 -0.002558555
  0.9034117 -0.001931742
  0.9092736 -0.001367111
  0.9150769 -0.0008728264
  0.9208583 -0.000456207
  0.9266708 -0.0001244451
  0.9325739 0.0001291961
  0.9386026 0.0003231488
  0.9447509 0.0004764191
  0.9509595 0.0006096524
  0.9571194 0.00073498
  0.9631569 0.0008357263
  0.9690866 0.0008930158
  0.9749949 0.0008900823
  0.9809576 0.0008249958
  0.9868094 0.0007152387
  0.9921715 0.0005677503
  0.9967279 0.0003134549
  1.0 0.0
