USA 27 mod. AIRFOIL
  1.0 0.00022
  0.9965081 0.001549689
  0.9923137 0.003127879
  0.9879274 0.004756199
  0.9833361 0.006436583
  0.9785269 0.008170458
  0.973488 0.009958448
  0.96821 0.01179998
  0.9626871 0.01369282
  0.9569196 0.01563248
  0.9509158 0.01761168
  0.9446941 0.01962018
  0.9382829 0.02164652
  0.9317157 0.02367931
  0.9250267 0.0257079
  0.9182482 0.02772339
  0.9114071 0.02971934
  0.9045223 0.03169222
  0.8976039 0.03364151
  0.8906526 0.03556872
  0.8836665 0.03747522
  0.8766442 0.03936214
  0.8695847 0.04123045
  0.8624879 0.04308091
  0.8553547 0.04491412
  0.8481864 0.04673052
  0.8409856 0.04853035
  0.8337556 0.05031369
  0.8265006 0.05208044
  0.8192259 0.05383034
  0.8119379 0.05556298
  0.8046438 0.05727778
  0.7973516 0.05897403
  0.7900697 0.06064985
  0.7828051 0.06230207
  0.7755632 0.06392787
  0.7683475 0.06552493
  0.7611602 0.06709136
  0.7540016 0.06862565
  0.7468708 0.07012667
  0.7397656 0.07159359
  0.7326824 0.07302584
  0.7256165 0.07442304
  0.718562 0.07578502
  0.7115118 0.07711172
  0.7044576 0.07840317
  0.6973898 0.07965953
  0.6902982 0.08088257
  0.6831734 0.08207617
  0.6760074 0.08324402
  0.6687936 0.08438955
  0.6615268 0.08551593
  0.6542033 0.08662615
  0.6468212 0.08772299
  0.6393807 0.08880907
  0.6318838 0.08988682
  0.6243353 0.09095848
  0.6167423 0.0920261
  0.609115 0.09309146
  0.601466 0.0941561
  0.5938108 0.09522066
  0.5861652 0.09628154
  0.5785423 0.09733363
  0.570953 0.09837226
  0.5634053 0.09939326
  0.555905 0.100393
  0.5484552 0.1013681
  0.541057 0.102316
  0.5337096 0.1032342
  0.5264103 0.1041207
  0.5191548 0.1049737
  0.5119373 0.1057915
  0.5047509 0.1065729
  0.4975872 0.1073163
  0.490437 0.108022
  0.483292 0.1086921
  0.4761447 0.1093287
  0.4689885 0.1099336
  0.4618177 0.1105087
  0.4546274 0.1110553
  0.4474133 0.111575
  0.4401723 0.112069
  0.4329016 0.1125386
  0.4255995 0.1129849
  0.4182654 0.1134091
  0.4108994 0.1138124
  0.4035027 0.1141956
  0.3960777 0.11456
  0.3886274 0.1149047
  0.3811562 0.1152277
  0.3736693 0.1155267
  0.3661734 0.1157994
  0.3586762 0.1160436
  0.3511868 0.1162573
  0.3437149 0.1164383
  0.3362714 0.116585
  0.3288676 0.1166958
  0.3215154 0.1167694
  0.3142266 0.1168049
  0.307013 0.1168015
  0.299886 0.116759
  0.2928562 0.1166769
  0.2859323 0.116553
  0.2791182 0.116385
  0.2724138 0.1161709
  0.2658157 0.1159089
  0.2593178 0.1155973
  0.2529123 0.1152343
  0.2465894 0.114818
  0.2403384 0.1143461
  0.2341473 0.1138161
  0.228003 0.113225
  0.2218912 0.1125692
  0.2157963 0.1118443
  0.2097009 0.1110449
  0.2035855 0.1101644
  0.1974273 0.1091945
  0.1912011 0.1081294
  0.1848866 0.1069687
  0.1784747 0.1057137
  0.1719703 0.1043695
  0.1653957 0.1029456
  0.1587935 0.1014578
  0.152225 0.09992797
  0.1457652 0.09838182
  0.1394868 0.09683007
  0.1334328 0.09526942
  0.1276152 0.09369291
  0.1220255 0.0920913
  0.1166437 0.09045382
  0.1114435 0.08876844
  0.1063954 0.08702171
  0.1014683 0.08519818
  0.09662945 0.08328066
  0.09184807 0.08126197
  0.08710893 0.07914613
  0.08241526 0.07694469
  0.07778745 0.07467811
  0.07326033 0.07237551
  0.06887793 0.07006148
  0.06467646 0.06774532
  0.06067486 0.06543115
  0.05687847 0.06311969
  0.05328355 0.06080931
  0.04988098 0.05849685
  0.04665895 0.05618121
  0.04360543 0.05387069
  0.04070975 0.05157427
  0.03796243 0.04929942
  0.03535496 0.04705233
  0.03287956 0.04483809
  0.03052908 0.04266085
  0.02829688 0.04052396
  0.02617677 0.03843005
  0.02416276 0.03638104
  0.02224409 0.03437631
  0.02041143 0.03241972
  0.01866439 0.03052379
  0.01700647 0.0287039
  0.01544075 0.02697302
  0.01396748 0.02533874
  0.01258363 0.02380278
  0.01128646 0.02236235
  0.01008152 0.02101131
  0.008969745 0.01974026
  0.007947453 0.01853922
  0.007009155 0.01739891
  0.006148791 0.01631092
  0.005360539 0.01526792
  0.004639223 0.01426376
  0.003980376 0.01329329
  0.003380161 0.01235215
  0.002835288 0.01143661
  0.002342947 0.0105434
  0.00190077 0.009669654
  0.001506783 0.008812845
  0.001159372 0.007970714
  0.0008572409 0.007141223
  0.0005993925 0.006322513
  0.0003851029 0.005512866
  0.0002139099 0.004710675
  8.56042e-05 0.003914417
  2.273028e-07 0.003122626
  -4.192508e-05 0.002333874
  -4.029324e-05 0.001546744
  5.962958e-06 0.0007598112
  9.733408e-05 -2.803316e-05
  0.0002326354 -0.000816832
  0.0004106208 -0.001606371
  0.0006303274 -0.002396371
  0.0008910433 -0.003186485
  0.001192283 -0.003976285
  0.00153377 -0.004765259
  0.00191542 -0.005552789
  0.002337336 -0.006338142
  0.002799798 -0.007120446
  0.003303261 -0.007898666
  0.003848353 -0.008671572
  0.004435879 -0.009437705
  0.005066814 -0.01019532
  0.005742312 -0.01094235
  0.006463704 -0.0116763
  0.007232496 -0.01239418
  0.008050365 -0.01309237
  0.008919138 -0.01376652
  0.009840772 -0.0144113
  0.0108173 -0.01502023
  0.01185073 -0.01558538
  0.01294299 -0.01609716
  0.01409675 -0.0165497
  0.01531623 -0.01694425
  0.01660604 -0.01728352
  0.01797119 -0.01757166
  0.01941692 -0.01781485
  0.02094857 -0.01802203
  0.02257128 -0.01820601
  0.02428939 -0.01838491
  0.02610584 -0.01858285
  0.02802555 -0.0188133
  0.03005584 -0.01907767
  0.03220377 -0.01937622
  0.03447594 -0.01970796
  0.0368785 -0.02007033
  0.03941727 -0.02045876
  0.04209728 -0.02086609
  0.04492268 -0.02128209
  0.0479003 -0.02169348
  0.05104459 -0.02208386
  0.05437991 -0.0224423
  0.05793538 -0.02277122
  0.06174329 -0.02307612
  0.06583715 -0.02336564
  0.07024585 -0.02365318
  0.07498118 -0.02395876
  0.080019 -0.02430176
  0.08530245 -0.02466989
  0.09076448 -0.02503692
  0.09634895 -0.02537334
  0.1020299 -0.0256495
  0.1078165 -0.02584871
  0.113729 -0.02597284
  0.1197866 -0.02602494
  0.1260064 -0.02600813
  0.1324021 -0.02592599
  0.1389819 -0.02578309
  0.1457451 -0.02558552
  0.1526786 -0.02534146
  0.159756 -0.02505745
  0.1669465 -0.02473593
  0.1742204 -0.02437973
  0.1815515 -0.02399216
  0.1889192 -0.0235768
  0.1963091 -0.02313721
  0.2037147 -0.02267669
  0.2111352 -0.0221981
  0.218571 -0.02170403
  0.226022 -0.02119716
  0.2334875 -0.02068024
  0.240966 -0.02015609
  0.2484558 -0.01962762
  0.2559541 -0.01909781
  0.2634579 -0.0185697
  0.2709633 -0.01804638
  0.278466 -0.01753099
  0.285961 -0.01702664
  0.2934429 -0.01653648
  0.3009055 -0.01606356
  0.3083427 -0.01561076
  0.3157488 -0.0151804
  0.3231197 -0.01477454
  0.3304527 -0.01439504
  0.3377469 -0.01404362
  0.3450026 -0.01372184
  0.3522213 -0.01343117
  0.3594057 -0.013173
  0.3665598 -0.01294869
  0.3736883 -0.01275959
  0.3807972 -0.0126071
  0.3878932 -0.01249269
  0.3949843 -0.01241796
  0.4020793 -0.01238462
  0.4091883 -0.01239289
  0.4163207 -0.01244009
  0.4234849 -0.01252338
  0.4306883 -0.01264001
  0.4379371 -0.01278719
  0.4452362 -0.0129621
  0.4525892 -0.0131618
  0.4599984 -0.01338321
  0.4674642 -0.01362302
  0.4749854 -0.01387774
  0.4825586 -0.01414359
  0.4901781 -0.01441656
  0.497836 -0.01469236
  0.5055219 -0.01496669
  0.5132239 -0.01523677
  0.5209312 -0.0155008
  0.5286342 -0.01575704
  0.5363247 -0.01600388
  0.5439963 -0.01623978
  0.5516441 -0.0164633
  0.5592646 -0.0166731
  0.5668559 -0.01686795
  0.5744176 -0.01704665
  0.5819505 -0.01720812
  0.5894567 -0.01735128
  0.5969395 -0.01747509
  0.6044033 -0.01757859
  0.6118532 -0.01766174
  0.6192941 -0.01772524
  0.6267305 -0.01776971
  0.6341665 -0.01779577
  0.6416058 -0.01780397
  0.6490517 -0.01779482
  0.6565074 -0.01776881
  0.6639756 -0.01772642
  0.6714589 -0.0176681
  0.6789592 -0.0175943
  0.6864786 -0.01750544
  0.6940184 -0.01740196
  0.7015798 -0.0172843
  0.7091637 -0.01715289
  0.7167703 -0.01700818
  0.7243994 -0.01685062
  0.7320497 -0.01668071
  0.7397196 -0.01649898
  0.7474062 -0.01630598
  0.7551062 -0.01610232
  0.7628154 -0.01588867
  0.7705286 -0.01566574
  0.7782401 -0.01543427
  0.7859432 -0.01519508
  0.7936308 -0.01494901
  0.801295 -0.01469696
  0.8089276 -0.01443907
  0.8165214 -0.01417363
  0.8240712 -0.01389868
  0.8315736 -0.01361227
  0.8390268 -0.01331253
  0.846431 -0.01299756
  0.8537876 -0.01266551
  0.8610994 -0.01231452
  0.8683703 -0.0119427
  0.8756055 -0.0115481
  0.8828112 -0.01112871
  0.8899946 -0.01068238
  0.897164 -0.01020684
  0.9043288 -0.009699691
  0.9114951 -0.009160014
  0.9186566 -0.00858888
  0.9257921 -0.007988791
  0.9328664 -0.007363853
  0.9398334 -0.006719754
  0.9466414 -0.00606343
  0.9532394 -0.00540243
  0.9595852 -0.004743777
  0.9656529 -0.004092945
  0.9714325 -0.003453863
  0.9769259 -0.002829101
  0.9821426 -0.002220149
  0.987097 -0.00162769
  0.9918057 -0.001051842
  0.996286 -0.0004923471
  1.0 -2e-05
