USA 40 AIRFOIL
  1.0 0.0005
  0.9962517 0.001530984
  0.9917454 0.00275843
  0.9870272 0.004029571
  0.9820807 0.005346834
  0.9768893 0.006712405
  0.971437 0.008128003
  0.9657097 0.009594541
  0.9596969 0.01111168
  0.9533943 0.01267728
  0.9468069 0.01428676
  0.9399512 0.01593404
  0.9328537 0.01761273
  0.925547 0.01931593
  0.9180671 0.02103691
  0.9104493 0.02277
  0.9027241 0.02451133
  0.8949138 0.02625925
  0.8870325 0.02801172
  0.8790923 0.02976556
  0.8711051 0.03151768
  0.8630822 0.03326518
  0.855034 0.03500537
  0.8469701 0.03673585
  0.8388989 0.03845452
  0.8308276 0.04015957
  0.8227621 0.04184955
  0.8147068 0.04352331
  0.8066648 0.04518001
  0.7986381 0.04681911
  0.7906272 0.04844023
  0.782632 0.0500429
  0.7746519 0.05162669
  0.7666858 0.05319127
  0.7587323 0.05473638
  0.7507898 0.05626182
  0.7428559 0.05776747
  0.7349283 0.05925325
  0.727004 0.06071915
  0.7190798 0.06216517
  0.7111518 0.06359137
  0.7032162 0.06499786
  0.6952685 0.06638479
  0.687304 0.06775309
  0.6793194 0.06910406
  0.671312 0.07043887
  0.6632804 0.07175847
  0.6552242 0.07306364
  0.6471442 0.07435498
  0.6390424 0.07563292
  0.630922 0.07689774
  0.6227876 0.07814954
  0.6146448 0.07938828
  0.6065008 0.08061378
  0.5983638 0.0818257
  0.5902428 0.0830228
  0.5821459 0.08420218
  0.5740794 0.08536103
  0.5660478 0.08649689
  0.5580541 0.08760762
  0.5500995 0.08869138
  0.542184 0.0897466
  0.534306 0.09077196
  0.5264627 0.09176631
  0.5186503 0.09272867
  0.5108637 0.0936582
  0.5030968 0.09455411
  0.4953424 0.09541578
  0.4875931 0.09624383
  0.4798425 0.09703967
  0.4720851 0.0978045
  0.4643167 0.09853936
  0.456534 0.09924511
  0.4487349 0.09992246
  0.4409183 0.100572
  0.4330842 0.1011943
  0.4252338 0.1017898
  0.4173696 0.1023587
  0.4094951 0.1029016
  0.4016152 0.1034185
  0.3937357 0.1039096
  0.3858633 0.1043734
  0.3780041 0.1048076
  0.3701643 0.1052101
  0.3623497 0.1055789
  0.3545655 0.1059124
  0.3468169 0.1062088
  0.3391085 0.1064666
  0.3314446 0.1066846
  0.3238291 0.1068615
  0.3162654 0.1069962
  0.3087567 0.1070881
  0.3013056 0.1071362
  0.2939145 0.1071398
  0.286586 0.1070972
  0.2793223 0.1070065
  0.272125 0.1068658
  0.264995 0.1066735
  0.2579329 0.1064281
  0.2509388 0.1061282
  0.2440124 0.1057726
  0.2371532 0.1053601
  0.2303603 0.1048896
  0.2236325 0.10436
  0.2169685 0.1037704
  0.2103668 0.1031197
  0.2038256 0.1024069
  0.1973432 0.1016311
  0.1909185 0.1007912
  0.1845536 0.09988619
  0.1782539 0.09891592
  0.1720279 0.09788099
  0.1658862 0.09678301
  0.1598415 0.09562458
  0.1539069 0.09440928
  0.1480961 0.09314157
  0.1424219 0.09182578
  0.1368929 0.09046473
  0.1315111 0.08906017
  0.1262735 0.08761296
  0.1211738 0.08612303
  0.1162033 0.08458948
  0.1113517 0.08301061
  0.106608 0.08138394
  0.1019604 0.0797062
  0.09739661 0.07797381
  0.09290547 0.07619364
  0.08849296 0.07438747
  0.08418623 0.07258558
  0.08002536 0.07082286
  0.07605221 0.06913284
  0.07230111 0.06753952
  0.06879717 0.0660353
  0.06554153 0.06459696
  0.0625177 0.06320292
  0.05970305 0.06183486
  0.0570744 0.06047757
  0.05461037 0.05911834
  0.05229215 0.05774633
  0.05010355 0.056352
  0.04802928 0.05492909
  0.04605065 0.0534829
  0.04415163 0.05202148
  0.04231973 0.05055251
  0.04054506 0.04908339
  0.0388197 0.04762133
  0.03713725 0.04617333
  0.03549257 0.04474614
  0.03388147 0.04334619
  0.0323006 0.04197954
  0.03074727 0.04065173
  0.02921932 0.03936777
  0.02771507 0.03813203
  0.02623317 0.0369482
  0.02477259 0.03581924
  0.02333439 0.03474351
  0.02192401 0.03370992
  0.02054681 0.03270745
  0.01920726 0.0317266
  0.01790895 0.03075927
  0.01665472 0.02979864
  0.01544662 0.02883907
  0.01428607 0.02787592
  0.01317387 0.02690548
  0.01211034 0.02592488
  0.01109595 0.02493461
  0.01013133 0.0239386
  0.009216448 0.02294017
  0.00835076 0.02194188
  0.00753341 0.02094567
  0.006763341 0.01995301
  0.006039403 0.01896498
  0.00536041 0.01798234
  0.004725196 0.01700562
  0.004132641 0.01603516
  0.003581698 0.01507113
  0.003071403 0.01411361
  0.002600889 0.01316255
  0.002169389 0.01221787
  0.001776239 0.01127939
  0.001420884 0.01034689
  0.001102877 0.00942012
  0.0008218832 0.008498795
  0.0005776786 0.007582594
  0.0003701556 0.006671172
  0.0001993256 0.005764161
  6.532351e-05 0.004861169
  -3.158559e-05 0.003961781
  -9.099873e-05 0.003065556
  -0.0001123647 0.002172028
  -9.497116e-05 0.001280699
  -3.792867e-05 0.0003910384
  5.978485e-05 -0.0004975093
  0.000198266 -0.00138525
  0.0003768393 -0.00227222
  0.00059498 -0.003158389
  0.0008523306 -0.004043664
  0.001148689 -0.004927888
  0.001484001 -0.005810832
  0.001858352 -0.006692191
  0.002271965 -0.007571571
  0.002725194 -0.00844848
  0.003218526 -0.009322312
  0.003752577 -0.01019233
  0.004328094 -0.01105765
  0.004945954 -0.01191721
  0.005607161 -0.01276972
  0.006312848 -0.01361367
  0.007064273 -0.01444723
  0.007862808 -0.01526823
  0.00870993 -0.01607408
  0.009607198 -0.01686168
  0.01055622 -0.01762731
  0.0115586 -0.01836654
  0.01261588 -0.01907407
  0.01372969 -0.01974533
  0.01490234 -0.02038037
  0.01613636 -0.02098047
  0.01743431 -0.02154738
  0.01879874 -0.02208348
  0.02023208 -0.02259196
  0.02173655 -0.02307704
  0.02331391 -0.02354422
  0.02496524 -0.02400066
  0.02669142 -0.02445369
  0.02849623 -0.02490421
  0.03038445 -0.02535108
  0.0323611 -0.02579297
  0.03443138 -0.02622846
  0.03660075 -0.02665592
  0.03887496 -0.02707362
  0.04126026 -0.02747971
  0.04376369 -0.02787228
  0.04639352 -0.0282494
  0.04916018 -0.02860917
  0.05207755 -0.02894991
  0.055164 -0.02927139
  0.05844126 -0.0295745
  0.06193396 -0.02986096
  0.06566906 -0.0301337
  0.06967409 -0.03039746
  0.07397313 -0.03065971
  0.07857946 -0.03093007
  0.08349101 -0.03120865
  0.08869222 -0.03148846
  0.09415651 -0.03176049
  0.09985314 -0.03201433
  0.1057569 -0.03223983
  0.1118474 -0.03243076
  0.1181022 -0.03258224
  0.124499 -0.03268979
  0.1310184 -0.03274948
  0.1376461 -0.0327578
  0.1443765 -0.03271145
  0.1512145 -0.03260702
  0.1581775 -0.03244313
  0.1652878 -0.03222451
  0.1725651 -0.03195739
  0.1800247 -0.03164911
  0.1876751 -0.03130864
  0.1955147 -0.03094707
  0.2035281 -0.03057779
  0.2116845 -0.03020902
  0.2199477 -0.02984082
  0.2282812 -0.02947251
  0.2366512 -0.0291031
  0.2450282 -0.02873134
  0.2533881 -0.02835576
  0.2617131 -0.02797465
  0.269992 -0.02758614
  0.2782192 -0.02718821
  0.2863952 -0.02677864
  0.2945254 -0.02635504
  0.3026199 -0.02591482
  0.3106927 -0.02545668
  0.3187576 -0.02498171
  0.3268267 -0.02449121
  0.33491 -0.02398649
  0.3430162 -0.02346894
  0.3511522 -0.02294003
  0.3593233 -0.02240137
  0.3675329 -0.0218547
  0.3757828 -0.02130196
  0.3840727 -0.02074527
  0.3924 -0.02018694
  0.40076 -0.01962951
  0.4091459 -0.01907499
  0.4175498 -0.01852329
  0.4259647 -0.0179738
  0.4343845 -0.01742587
  0.4428039 -0.01687877
  0.4512188 -0.01633168
  0.459626 -0.01578377
  0.4680232 -0.01523409
  0.4764092 -0.01468169
  0.4847837 -0.01412552
  0.4931475 -0.01356451
  0.5015023 -0.01299752
  0.5098504 -0.01242368
  0.5181947 -0.01184295
  0.5265375 -0.0112554
  0.5348809 -0.01066113
  0.5432266 -0.01006024
  0.5515762 -0.009452867
  0.5599308 -0.008839144
  0.5682912 -0.008219238
  0.576658 -0.007593336
  0.5850315 -0.006961647
  0.5934115 -0.006324406
  0.6017976 -0.005681875
  0.6101892 -0.005034609
  0.6185852 -0.004383773
  0.6269838 -0.003730654
  0.635383 -0.003076582
  0.64378 -0.002422932
  0.6521717 -0.001771117
  0.6605542 -0.001122583
  0.6689234 -0.000478799
  0.6772746 0.0001587496
  0.6856028 0.0007885734
  0.6939025 0.00140919
  0.7021679 0.00201913
  0.7103933 0.00261621
  0.7185733 0.003196958
  0.7267035 0.003757953
  0.7347802 0.004295988
  0.7428007 0.00480807
  0.7507629 0.005291416
  0.7586655 0.005743445
  0.7665076 0.006161766
  0.7742892 0.00654416
  0.7820105 0.006888571
  0.7896724 0.007193082
  0.7972761 0.0074559
  0.8048229 0.007675423
  0.8123148 0.007851142
  0.8197542 0.00798327
  0.8271443 0.008072005
  0.8344893 0.008117485
  0.8417939 0.008119765
  0.8490636 0.008078794
  0.8563047 0.007994386
  0.8635239 0.007866204
  0.8707286 0.007693727
  0.8779272 0.007476223
  0.8851286 0.007212715
  0.8923429 0.006901941
  0.899581 0.006542303
  0.9068548 0.006133035
  0.9141699 0.005679245
  0.921515 0.00518901
  0.9288605 0.00467217
  0.9361587 0.004140334
  0.9433484 0.003606319
  0.9503617 0.00308307
  0.9571345 0.002581026
  0.9636197 0.002104203
  0.9697925 0.001653883
  0.9756469 0.001229988
  0.9811894 0.0008315374
  0.9864346 0.0004570242
  0.9914012 0.0001046989
  0.9961097 -0.0002272496
  1.0 -0.0005
