USA 5 AIRFOIL
  1.0 0.0
  0.9972745 0.0005394081
  0.9939728 0.001192735
  0.9904821 0.001883292
  0.9867804 0.002615408
  0.9828429 0.003393961
  0.9786422 0.004224343
  0.9741489 0.005112306
  0.9693337 0.006063583
  0.9641712 0.007083133
  0.9586465 0.008173812
  0.9527659 0.009334314
  0.9466218 0.01054629
  0.9405976 0.01173318
  0.9346887 0.01289439
  0.9288207 0.01404311
  0.9229379 0.01518878
  0.9169971 0.01633808
  0.9109664 0.01749534
  0.9048255 0.01866227
  0.8986276 0.01982656
  0.892513 0.02096079
  0.8864691 0.02206797
  0.8804763 0.02315232
  0.8745183 0.02421738
  0.8685809 0.02526608
  0.862652 0.02630091
  0.856721 0.02732395
  0.8507788 0.02833698
  0.8448177 0.02934146
  0.8388311 0.03033861
  0.8328137 0.03132939
  0.8267615 0.03231451
  0.820672 0.03329445
  0.8145438 0.03426943
  0.8083777 0.03523941
  0.802176 0.03620408
  0.7959428 0.03716285
  0.7896839 0.03811475
  0.7834184 0.0390567
  0.7771641 0.03998594
  0.7709167 0.04090307
  0.7646721 0.04180866
  0.7584264 0.04270314
  0.7521767 0.04358686
  0.7459203 0.04446007
  0.7396551 0.04532293
  0.7333795 0.04617552
  0.7270957 0.04701741
  0.7208185 0.04784651
  0.7145503 0.04866248
  0.7082903 0.04946535
  0.7020375 0.05025523
  0.6957903 0.0510323
  0.6895469 0.051797
  0.6833054 0.05254995
  0.6770644 0.05329172
  0.6708225 0.05402283
  0.6645785 0.05474378
  0.6583315 0.05545505
  0.6520808 0.05615708
  0.6458257 0.05685029
  0.6395659 0.05753508
  0.6333011 0.05821181
  0.6270314 0.05888084
  0.620757 0.0595425
  0.6144783 0.06019711
  0.6081958 0.06084496
  0.6019104 0.06148634
  0.5956231 0.06212144
  0.5893348 0.06274975
  0.5830466 0.06337035
  0.5767593 0.06398233
  0.5704735 0.06458479
  0.5641898 0.06517687
  0.5579087 0.06575771
  0.5516305 0.06632646
  0.5453556 0.0668823
  0.5390839 0.06742442
  0.5328156 0.06795202
  0.5265505 0.06846433
  0.5202884 0.06896057
  0.514029 0.06943998
  0.5077719 0.06990181
  0.5015165 0.07034532
  0.4952621 0.07076985
  0.4890083 0.07117569
  0.4827544 0.07156353
  0.4764999 0.07193409
  0.4702443 0.07228805
  0.463987 0.0726261
  0.4577275 0.07294893
  0.4514654 0.0732572
  0.4452001 0.0735516
  0.4389312 0.07383278
  0.4326583 0.07410141
  0.4263808 0.07435815
  0.4200983 0.07460366
  0.4138104 0.0748386
  0.4075167 0.07506361
  0.4012167 0.07527937
  0.39491 0.07548641
  0.3885962 0.07568452
  0.3822749 0.07587313
  0.3759464 0.07605165
  0.3696111 0.07621947
  0.3632755 0.07637585
  0.356944 0.07652016
  0.3506149 0.0766519
  0.3442863 0.07677056
  0.3379561 0.07687564
  0.3316216 0.07696663
  0.3252806 0.07704297
  0.3189425 0.077104
  0.3126154 0.07714915
  0.3063026 0.07717795
  0.3000079 0.07719
  0.2937351 0.07718439
  0.2874883 0.0771582
  0.2812704 0.07710812
  0.2750833 0.07703092
  0.2689279 0.07692353
  0.2628041 0.0767829
  0.2567108 0.07660609
  0.2506463 0.07639014
  0.244608 0.07613212
  0.2385924 0.075829
  0.2325957 0.07547767
  0.226613 0.07507486
  0.2206387 0.07461708
  0.2146668 0.07410057
  0.20869 0.07352118
  0.2027004 0.07287429
  0.1966887 0.07215508
  0.1906448 0.07136481
  0.1845606 0.07051085
  0.178432 0.06960157
  0.17226 0.06864653
  0.1660506 0.06765663
  0.1598156 0.06664429
  0.1535727 0.06562332
  0.1473455 0.06460818
  0.1411626 0.06359917
  0.1350502 0.06257884
  0.1290259 0.06152887
  0.1230993 0.06043148
  0.1172729 0.05926941
  0.1115438 0.05802578
  0.1059047 0.0566836
  0.1003445 0.05522523
  0.09484811 0.05363721
  0.08938816 0.0519289
  0.08391886 0.0501093
  0.07837117 0.04817664
  0.07264053 0.04611411
  0.06687555 0.04397266
  0.06137575 0.04183805
  0.05588023 0.03958552
  0.05023152 0.03711505
  0.04536408 0.03483751
  0.04128703 0.03280919
  0.03773289 0.03093857
  0.03449427 0.02913827
  0.03140974 0.02732469
  0.02830709 0.02538476
  0.02485077 0.02305513
  0.02089837 0.02014688
  0.01779765 0.01776247
  0.01412691 0.01495034
  0.0103624 0.01214833
  0.00821173 0.01053839
  0.006651846 0.009329441
  0.005416412 0.008328464
  0.004396605 0.007458622
  0.003536062 0.006680625
  0.002801484 0.005971326
  0.00217153 0.005315773
  0.001631797 0.004703659
  0.001172261 0.004127524
  0.0007858634 0.003581755
  0.0004676811 0.003061998
  0.0002144328 0.002564779
  2.417994e-05 0.002087261
  -0.0001038346 0.001627075
  -0.0001692462 0.001182194
  -0.0001705372 0.000750846
  -0.0001049083 0.0003314333
  3.196406e-05 -7.753123e-05
  0.0002441674 -0.0004777329
  0.0005328449 -0.0008713311
  0.0009002793 -0.001260448
  0.001350775 -0.0016472
  0.001891116 -0.002033828
  0.002531394 -0.002422863
  0.003286458 -0.002817373
  0.004178551 -0.003221361
  0.005242453 -0.003640511
  0.006536634 -0.004083755
  0.008171715 -0.004567141
  0.01040407 -0.005125947
  0.01408628 -0.005862822
  0.01927731 -0.006561069
  0.02430489 -0.006908169
  0.02910166 -0.007087099
  0.03332102 -0.00717089
  0.03753687 -0.007190048
  0.04204978 -0.007141173
  0.04714065 -0.007000096
  0.05300798 -0.006721062
  0.05924298 -0.006287844
  0.06538098 -0.005732146
  0.07156254 -0.005053929
  0.07749587 -0.004303293
  0.08330148 -0.003496086
  0.08910865 -0.002649342
  0.09499858 -0.001784206
  0.1010116 -0.0009298066
  0.1071438 -0.0001138029
  0.1133686 0.0006607672
  0.119654 0.00139594
  0.1259314 0.002091156
  0.1321972 0.002754239
  0.1384674 0.003394883
  0.1447527 0.004022094
  0.1510572 0.004644151
  0.1573508 0.005262766
  0.1636231 0.005873431
  0.1698751 0.006471644
  0.1761086 0.007053049
  0.1823256 0.007613407
  0.1885288 0.008148574
  0.1947214 0.008654474
  0.2009068 0.00912707
  0.2070891 0.009564007
  0.2132717 0.009967236
  0.219458 0.0103393
  0.2256506 0.01068266
  0.2318519 0.01099972
  0.2380639 0.01129282
  0.2442881 0.01156428
  0.2505257 0.01181641
  0.2567775 0.01205151
  0.2630439 0.01227189
  0.2693246 0.01247986
  0.2756192 0.01267776
  0.2819265 0.01286795
  0.2882452 0.0130528
  0.2945732 0.01323469
  0.3009081 0.01341604
  0.3072469 0.01359821
  0.3135868 0.01377986
  0.3199254 0.01395924
  0.3262606 0.01413458
  0.3325906 0.01430415
  0.3389138 0.01446626
  0.3452292 0.0146192
  0.351536 0.01476134
  0.3578337 0.01489102
  0.3641221 0.01500665
  0.3704014 0.01510664
  0.3766721 0.01518941
  0.382935 0.0152534
  0.3891911 0.01529706
  0.3954418 0.01531883
  0.4016888 0.01531715
  0.4079338 0.01529154
  0.4141789 0.01524356
  0.4204255 0.01517493
  0.4266752 0.01508737
  0.4329291 0.0149826
  0.4391884 0.01486232
  0.4454539 0.01472824
  0.4517262 0.01458209
  0.4580059 0.01442558
  0.4642931 0.01426047
  0.470588 0.01408852
  0.4768904 0.01391151
  0.4832 0.01373123
  0.4895161 0.01354951
  0.495838 0.01336819
  0.5021646 0.01318909
  0.5084948 0.01301305
  0.5148274 0.01283931
  0.5211613 0.01266701
  0.5274954 0.01249527
  0.5338288 0.01232321
  0.5401608 0.01214994
  0.5464907 0.01197457
  0.5528179 0.01179622
  0.559142 0.011614
  0.5654624 0.01142704
  0.5717791 0.01123443
  0.5780918 0.01103531
  0.5844004 0.01082878
  0.5907051 0.01061396
  0.5970059 0.01038996
  0.6033031 0.01015595
  0.6095971 0.009912024
  0.6158882 0.009659162
  0.6221771 0.00939837
  0.6284641 0.009130651
  0.6347498 0.008857001
  0.6410347 0.008578411
  0.6473195 0.008295871
  0.6536049 0.008010365
  0.6598914 0.007722876
  0.6661798 0.007434387
  0.6724708 0.007145879
  0.6787653 0.006858333
  0.6850639 0.006572735
  0.6913677 0.006290072
  0.6976775 0.006011336
  0.7039942 0.005737481
  0.7103188 0.005468877
  0.7166515 0.005205495
  0.7229857 0.004947594
  0.7293121 0.004695499
  0.735631 0.004449138
  0.7419433 0.00420842
  0.7482501 0.003973248
  0.7545529 0.003743515
  0.7608535 0.003519108
  0.7671541 0.003299909
  0.7734571 0.003085796
  0.7797653 0.002876645
  0.7860819 0.002672327
  0.7924105 0.002472717
  0.7987427 0.002278052
  0.8050556 0.002088847
  0.8113447 0.001904019
  0.8176075 0.001722005
  0.8238427 0.001541233
  0.8300505 0.001360143
  0.8362321 0.001177176
  0.8423896 0.0009907802
  0.8485264 0.0007994007
  0.8546467 0.0006014681
  0.8607557 0.0003953843
  0.8668597 0.0001795039
  0.8729657 -4.789013e-05
  0.879082 -0.0002886153
  0.8852182 -0.0005446263
  0.8913851 -0.0008180608
  0.8975952 -0.001111298
  0.9038629 -0.001426377
  0.9101824 -0.001755289
  0.916455 -0.002078053
  0.9226793 -0.002379934
  0.9288882 -0.002648244
  0.9351287 -0.00287025
  0.9414281 -0.003030928
  0.9475878 -0.003111911
  0.953506 -0.003105946
  0.9591346 -0.003018891
  0.9644514 -0.00286363
  0.9694552 -0.002652674
  0.974158 -0.002397069
  0.9785792 -0.002106083
  0.982741 -0.001787259
  0.9866664 -0.001446632
  0.9903771 -0.001088986
  0.9938933 -0.0007181037
  0.9972333 -0.0003369748
  1.0 0.0
