 BOEING-VERTOL VR-8 AIRFOIL WITH TAB
  1.01 0.003404
  1.006843 0.003087736
  1.003051 0.002763499
  0.9990848 0.002489598
  0.9949316 0.002274543
  0.9905803 0.002128207
  0.9860206 0.00206189
  0.9812453 0.00208827
  0.9762516 0.002221136
  0.9710439 0.002474818
  0.9656361 0.002863184
  0.9600536 0.003398199
  0.9543329 0.004073145
  0.9485032 0.004812298
  0.94257 0.00551679
  0.9365198 0.006139997
  0.9303433 0.00670866
  0.9240428 0.007256928
  0.9176359 0.007821559
  0.9111533 0.008421462
  0.9046243 0.009047471
  0.8980711 0.009688184
  0.8915072 0.01033265
  0.8849371 0.01097157
  0.8783597 0.01160331
  0.8717739 0.01222973
  0.8651793 0.01285266
  0.8585764 0.01347388
  0.851966 0.0140951
  0.8453498 0.01471789
  0.8387299 0.01534239
  0.832108 0.01596802
  0.8254854 0.01659418
  0.8188633 0.01722032
  0.8122425 0.01784589
  0.8056237 0.01847041
  0.799007 0.01909339
  0.7923924 0.01971466
  0.7857799 0.02033476
  0.7791692 0.02095433
  0.7725599 0.02157404
  0.7659517 0.02219456
  0.7593439 0.02281657
  0.752736 0.02344076
  0.7461272 0.02406781
  0.7395167 0.02469783
  0.7329038 0.02533048
  0.7262882 0.02596539
  0.71967 0.02660214
  0.7130495 0.0272403
  0.7064272 0.02787939
  0.6998042 0.0285189
  0.6931817 0.02915832
  0.6865609 0.02979713
  0.6799424 0.03043491
  0.6733267 0.03107123
  0.6667137 0.03170575
  0.6601029 0.03233814
  0.6534932 0.03296811
  0.6468835 0.03359544
  0.6402721 0.03422032
  0.633658 0.03484335
  0.6270408 0.03546509
  0.6204206 0.03608601
  0.6137984 0.03670656
  0.6071757 0.03732711
  0.6005546 0.03794796
  0.5939379 0.03856909
  0.5873283 0.03918905
  0.5807272 0.03980601
  0.5741353 0.04041823
  0.5675523 0.04102411
  0.5609769 0.04162213
  0.5544069 0.04221086
  0.5478391 0.04278896
  0.5412699 0.04335597
  0.5346962 0.04391268
  0.5281163 0.04445986
  0.5215295 0.04499819
  0.5149365 0.04552824
  0.508339 0.04605051
  0.5017403 0.04656538
  0.4951445 0.04707299
  0.4885563 0.04757164
  0.4819791 0.04805879
  0.4754149 0.04853204
  0.4688646 0.04898911
  0.4623277 0.04942785
  0.4558025 0.04984623
  0.4492861 0.05024226
  0.4427747 0.05061461
  0.4362645 0.05096363
  0.4297526 0.05128984
  0.4232369 0.05159374
  0.4167162 0.05187571
  0.41019 0.05213611
  0.4036586 0.05237527
  0.3971233 0.05259346
  0.390586 0.05279052
  0.3840485 0.05296575
  0.3775124 0.05311846
  0.3709794 0.05324799
  0.3644506 0.05335369
  0.357927 0.05343496
  0.3514096 0.05349118
  0.344899 0.05352181
  0.3383955 0.05352641
  0.3318988 0.05350462
  0.3254079 0.05345608
  0.3189214 0.05338037
  0.3124367 0.05327706
  0.3059512 0.05314566
  0.299461 0.05298561
  0.2929621 0.05279686
  0.2864505 0.05258125
  0.2799238 0.052341
  0.2733808 0.05207839
  0.2668222 0.0517958
  0.2602501 0.05149573
  0.2536683 0.05118082
  0.2470822 0.05085376
  0.2404985 0.05051494
  0.2339237 0.05016201
  0.2273628 0.04979243
  0.2208195 0.04940368
  0.2142965 0.04899327
  0.2077952 0.04855867
  0.2013156 0.04809735
  0.194857 0.04760695
  0.1884172 0.04708643
  0.1819926 0.04653523
  0.175578 0.04595258
  0.1691669 0.04533747
  0.1627507 0.04468855
  0.1563197 0.04400416
  0.1498646 0.04328316
  0.1433847 0.04252578
  0.1368906 0.04173368
  0.1304047 0.04091027
  0.1239604 0.04006089
  0.1175968 0.03918965
  0.1113336 0.03829238
  0.1051569 0.03735989
  0.09902399 0.03637839
  0.09286382 0.03532786
  0.08658697 0.03418816
  0.08016974 0.03295868
  0.07372887 0.03166867
  0.06751764 0.03037969
  0.06177014 0.02912453
  0.05649113 0.027866
  0.05153993 0.0265458
  0.0467303 0.02509954
  0.04199075 0.02361628
  0.03768364 0.02237063
  0.03412677 0.02150324
  0.03128896 0.020864
  0.02901033 0.02023067
  0.02713777 0.01951503
  0.0255712 0.01868168
  0.02424454 0.01771684
  0.02307382 0.01668805
  0.02197277 0.01569633
  0.02087816 0.01481669
  0.01973974 0.01410985
  0.01853184 0.01359633
  0.01726723 0.0132286
  0.01596097 0.01295781
  0.01462668 0.01273929
  0.01327747 0.01252932
  0.01192693 0.01228202
  0.01059019 0.0119457
  0.009283852 0.01145979
  0.008004463 0.01078799
  0.006745172 0.009938227
  0.005527094 0.008960763
  0.004389797 0.007943322
  0.003386907 0.006963052
  0.00254074 0.006048317
  0.001840015 0.005198497
  0.001267342 0.004404886
  0.0008077405 0.003657978
  0.0004501937 0.002949322
  0.0001874583 0.002271725
  1.567771e-05 0.001619013
  -6.579582e-05 0.0009856945
  -5.421656e-05 0.0003666004
  5.707749e-05 -0.0002435342
  0.00027242 -0.0008505759
  0.0005914212 -0.001460403
  0.001017454 -0.002078501
  0.001558294 -0.002710254
  0.002226479 -0.003360978
  0.003039387 -0.004035253
  0.004016553 -0.004734164
  0.005165386 -0.005446462
  0.006461707 -0.006133988
  0.007879193 -0.006741756
  0.009384464 -0.007221427
  0.01096116 -0.007552128
  0.01260156 -0.007762468
  0.01428897 -0.007910388
  0.01600744 -0.00805906
  0.01774232 -0.008277925
  0.01948019 -0.008646479
  0.02121285 -0.009247624
  0.02298048 -0.01003493
  0.02487012 -0.01085089
  0.02700176 -0.01151105
  0.0294922 -0.01198539
  0.03250489 -0.01232465
  0.03626912 -0.0126808
  0.04089673 -0.01327418
  0.04611475 -0.01406486
  0.05148659 -0.0148584
  0.05699511 -0.01554867
  0.06279681 -0.01616856
  0.06898761 -0.01675737
  0.07551394 -0.01734689
  0.08209581 -0.01792342
  0.08869176 -0.01848272
  0.09525715 -0.01902072
  0.1017457 -0.01953357
  0.1082019 -0.02002418
  0.114659 -0.02049402
  0.1211371 -0.02094322
  0.127644 -0.02137087
  0.1341768 -0.02177684
  0.1407294 -0.02216293
  0.1472964 -0.02253119
  0.1538728 -0.02288379
  0.1604539 -0.02322301
  0.1670359 -0.02355054
  0.1736159 -0.02386608
  0.1801923 -0.02416898
  0.1867649 -0.02445865
  0.1933346 -0.02473458
  0.1999036 -0.02499627
  0.2064753 -0.02524356
  0.213053 -0.02547752
  0.2196393 -0.02569947
  0.2262352 -0.02591069
  0.2328408 -0.02611243
  0.2394548 -0.02630591
  0.2460748 -0.02649234
  0.2526971 -0.02667288
  0.2593171 -0.02684746
  0.2659309 -0.02701454
  0.2725358 -0.02717251
  0.2791305 -0.02731983
  0.2857146 -0.02745501
  0.2922892 -0.02757657
  0.2988563 -0.02768309
  0.3054191 -0.02777334
  0.3119812 -0.02784753
  0.3185453 -0.02790644
  0.3251138 -0.02795083
  0.3316881 -0.02798142
  0.3382687 -0.02799894
  0.3448557 -0.02800409
  0.351448 -0.02799762
  0.3580442 -0.02797998
  0.3646426 -0.02795112
  0.3712416 -0.0279109
  0.37784 -0.02785922
  0.3844367 -0.02779594
  0.391031 -0.02772098
  0.3976222 -0.02763423
  0.4042099 -0.02753556
  0.410794 -0.02742481
  0.4173746 -0.02730174
  0.4239521 -0.0271661
  0.4305272 -0.02701764
  0.437101 -0.02685609
  0.4436747 -0.02668117
  0.45025 -0.02649258
  0.4568286 -0.02629025
  0.4634123 -0.02607504
  0.4700024 -0.02584804
  0.4765994 -0.02561033
  0.4832035 -0.02536304
  0.4898141 -0.02510733
  0.4964301 -0.02484439
  0.5030497 -0.02457541
  0.5096708 -0.02430099
  0.5162915 -0.024021
  0.5229104 -0.02373526
  0.5295268 -0.02344357
  0.5361404 -0.0231457
  0.5427516 -0.02284141
  0.5493613 -0.02253042
  0.5559708 -0.02221261
  0.5625818 -0.02188876
  0.5691956 -0.02155998
  0.5758131 -0.0212274
  0.582435 -0.02089216
  0.5890614 -0.02055543
  0.5956924 -0.02021841
  0.6023272 -0.0198823
  0.6089653 -0.01954775
  0.6156056 -0.01921455
  0.6222474 -0.01888243
  0.6288901 -0.01855109
  0.6355333 -0.01822024
  0.6421767 -0.01788958
  0.6488202 -0.01755878
  0.6554637 -0.01722758
  0.6621073 -0.01689593
  0.6687512 -0.01656392
  0.6753953 -0.01623162
  0.6820398 -0.01589912
  0.6886846 -0.01556648
  0.6953298 -0.01523379
  0.7019753 -0.01490113
  0.7086212 -0.01456856
  0.7152673 -0.01423607
  0.7219134 -0.01390368
  0.7285595 -0.01357139
  0.7352056 -0.01323918
  0.7418518 -0.01290706
  0.7484978 -0.01257504
  0.7551434 -0.0122431
  0.7617886 -0.01191122
  0.7684332 -0.01157933
  0.7750773 -0.01124736
  0.781721 -0.01091523
  0.7883644 -0.01058288
  0.7950078 -0.01025022
  0.8016515 -0.009917174
  0.8082958 -0.00958376
  0.8149409 -0.009250219
  0.8215867 -0.008916831
  0.8282328 -0.00858389
  0.8348782 -0.008251709
  0.841522 -0.007920616
  0.8481626 -0.007590952
  0.8547984 -0.007262968
  0.8614277 -0.006935915
  0.8680496 -0.006608454
  0.8746645 -0.006279196
  0.8812736 -0.00594671
  0.8878792 -0.005609517
  0.8944846 -0.005266567
  0.9010905 -0.004922302
  0.9076876 -0.00458502
  0.9142547 -0.004263518
  0.9207609 -0.003966625
  0.9271691 -0.003692543
  0.9334571 -0.003411364
  0.9396294 -0.003090542
  0.945712 -0.002699374
  0.9517449 -0.00223304
  0.9577438 -0.001759907
  0.9636705 -0.001358724
  0.9694524 -0.001061565
  0.9750259 -0.0008636712
  0.9803506 -0.0007556627
  0.9854069 -0.0007262786
  0.9901915 -0.0007640073
  0.9947121 -0.0008581068
  0.9989827 -0.0009990946
  1.003021 -0.001178881
  1.006844 -0.001390704
  1.01 -0.001596
